GDC_Aliquot	Chromosome	Start	End	Num_Probes	Segment_Mean
44e3672a-f771-4dec-9dd4-27357aeef66a	1	3301765	3876237	300	-0.0559
44e3672a-f771-4dec-9dd4-27357aeef66a	1	3876402	47418910	23234	-0.1
44e3672a-f771-4dec-9dd4-27357aeef66a	1	47426086	50365283	1686	-0.0454
44e3672a-f771-4dec-9dd4-27357aeef66a	1	50365335	53266466	1303	-0.0954
44e3672a-f771-4dec-9dd4-27357aeef66a	1	53266643	119975336	41382	-0.0388
44e3672a-f771-4dec-9dd4-27357aeef66a	1	119978092	152030187	880	0.1652
44e3672a-f771-4dec-9dd4-27357aeef66a	1	152032328	153682575	947	0.2529
44e3672a-f771-4dec-9dd4-27357aeef66a	1	153684174	158690821	2655	0.1991
44e3672a-f771-4dec-9dd4-27357aeef66a	1	158690842	185902341	17892	0.2522
44e3672a-f771-4dec-9dd4-27357aeef66a	1	185904814	188473023	1637	0.309
44e3672a-f771-4dec-9dd4-27357aeef66a	1	188473409	202743191	8339	0.261
44e3672a-f771-4dec-9dd4-27357aeef66a	1	202747862	207878514	3210	0.2158
44e3672a-f771-4dec-9dd4-27357aeef66a	1	207879303	210158240	1771	0.2946
44e3672a-f771-4dec-9dd4-27357aeef66a	1	210158648	213724986	2315	0.2421
44e3672a-f771-4dec-9dd4-27357aeef66a	1	213725095	219701688	4181	0.2883
44e3672a-f771-4dec-9dd4-27357aeef66a	1	219702239	243684422	15723	0.2449
44e3672a-f771-4dec-9dd4-27357aeef66a	1	243685314	243771219	71	0.3381
44e3672a-f771-4dec-9dd4-27357aeef66a	1	243771378	247650984	1784	0.2282
44e3672a-f771-4dec-9dd4-27357aeef66a	2	480597	666443	169	0.2183
44e3672a-f771-4dec-9dd4-27357aeef66a	2	666964	5511439	2558	0.1525
44e3672a-f771-4dec-9dd4-27357aeef66a	2	5511531	5520405	8	-0.5928
44e3672a-f771-4dec-9dd4-27357aeef66a	2	5522426	16240658	7330	0.1371
44e3672a-f771-4dec-9dd4-27357aeef66a	2	16240831	23722188	5111	0.1834
44e3672a-f771-4dec-9dd4-27357aeef66a	2	23722485	27686171	1759	0.1003
44e3672a-f771-4dec-9dd4-27357aeef66a	2	27687669	69288349	23830	0.1536
44e3672a-f771-4dec-9dd4-27357aeef66a	2	69288469	70327651	585	0.0699
44e3672a-f771-4dec-9dd4-27357aeef66a	2	70329097	74905296	2512	0.1477
44e3672a-f771-4dec-9dd4-27357aeef66a	2	74910758	84477130	5157	0.1852
44e3672a-f771-4dec-9dd4-27357aeef66a	2	84478978	153131532	31948	0.1656
44e3672a-f771-4dec-9dd4-27357aeef66a	2	153131861	164793858	6542	0.1903
44e3672a-f771-4dec-9dd4-27357aeef66a	2	164795060	164965379	80	0.542
44e3672a-f771-4dec-9dd4-27357aeef66a	2	164965972	186140769	12433	0.1845
44e3672a-f771-4dec-9dd4-27357aeef66a	2	186141054	186220606	55	-0.6211
44e3672a-f771-4dec-9dd4-27357aeef66a	2	186228567	194445508	4019	0.1908
44e3672a-f771-4dec-9dd4-27357aeef66a	2	194446049	203647571	4598	0.1412
44e3672a-f771-4dec-9dd4-27357aeef66a	2	203647913	212635946	5555	0.1744
44e3672a-f771-4dec-9dd4-27357aeef66a	2	212636218	213247141	419	0.2607
44e3672a-f771-4dec-9dd4-27357aeef66a	2	213251174	216708969	2121	0.1725
44e3672a-f771-4dec-9dd4-27357aeef66a	2	216709691	217983887	913	0.2346
44e3672a-f771-4dec-9dd4-27357aeef66a	2	217984161	223547888	3473	0.1635
44e3672a-f771-4dec-9dd4-27357aeef66a	2	223548509	241537572	10693	0.1412
44e3672a-f771-4dec-9dd4-27357aeef66a	3	2170634	20336661	10865	-0.4915
44e3672a-f771-4dec-9dd4-27357aeef66a	3	20337585	29386696	5177	-0.4318
44e3672a-f771-4dec-9dd4-27357aeef66a	3	29387019	84675753	32299	-0.4692
44e3672a-f771-4dec-9dd4-27357aeef66a	3	84676822	84681262	7	-1.9716
44e3672a-f771-4dec-9dd4-27357aeef66a	3	84682450	91462299	2714	-0.4658
44e3672a-f771-4dec-9dd4-27357aeef66a	3	94015345	106631577	6815	-0.0077
44e3672a-f771-4dec-9dd4-27357aeef66a	3	106632069	144540891	21516	-0.0309
44e3672a-f771-4dec-9dd4-27357aeef66a	3	144542482	168493552	12103	-0.0123
44e3672a-f771-4dec-9dd4-27357aeef66a	3	168495447	169677993	771	0.067
44e3672a-f771-4dec-9dd4-27357aeef66a	3	169678282	181749718	6180	-0.0244
44e3672a-f771-4dec-9dd4-27357aeef66a	3	181750922	182109910	214	0.3054
44e3672a-f771-4dec-9dd4-27357aeef66a	3	182111691	182887593	416	0.0352
44e3672a-f771-4dec-9dd4-27357aeef66a	3	182888334	187898858	2619	-0.0606
44e3672a-f771-4dec-9dd4-27357aeef66a	3	187898990	189205527	908	0.0004
44e3672a-f771-4dec-9dd4-27357aeef66a	3	189206655	190017672	574	0.3723
44e3672a-f771-4dec-9dd4-27357aeef66a	3	190017674	190684936	457	0.0557
44e3672a-f771-4dec-9dd4-27357aeef66a	3	190689366	197812401	3181	-0.0544
44e3672a-f771-4dec-9dd4-27357aeef66a	4	1059384	8494494	4196	-0.5261
44e3672a-f771-4dec-9dd4-27357aeef66a	4	8498271	57429804	27650	-0.4694
44e3672a-f771-4dec-9dd4-27357aeef66a	4	57429871	57502667	88	-0.5673
44e3672a-f771-4dec-9dd4-27357aeef66a	4	57502887	182273630	68860	-0.4421
44e3672a-f771-4dec-9dd4-27357aeef66a	4	182274400	187842528	2322	-0.4968
44e3672a-f771-4dec-9dd4-27357aeef66a	5	913983	45383300	26051	0.2648
44e3672a-f771-4dec-9dd4-27357aeef66a	5	50828231	62236065	7105	-0.4653
44e3672a-f771-4dec-9dd4-27357aeef66a	5	62239577	62240004	2	-2.4823
44e3672a-f771-4dec-9dd4-27357aeef66a	5	62244430	68230578	3349	-0.4575
44e3672a-f771-4dec-9dd4-27357aeef66a	5	68231361	68697754	299	0.0085
44e3672a-f771-4dec-9dd4-27357aeef66a	5	68698371	79053866	5199	-0.4705
44e3672a-f771-4dec-9dd4-27357aeef66a	5	79057071	79057236	2	-2.384
44e3672a-f771-4dec-9dd4-27357aeef66a	5	79060613	137714420	32425	-0.4505
44e3672a-f771-4dec-9dd4-27357aeef66a	5	137715093	143896384	3242	-0.5087
44e3672a-f771-4dec-9dd4-27357aeef66a	5	143896950	155451951	7488	-0.4588
44e3672a-f771-4dec-9dd4-27357aeef66a	5	155452073	155454209	2	-2.7605
44e3672a-f771-4dec-9dd4-27357aeef66a	5	155457056	169254470	9047	-0.465
44e3672a-f771-4dec-9dd4-27357aeef66a	5	169254720	170111184	652	-0.5275
44e3672a-f771-4dec-9dd4-27357aeef66a	5	170111432	170111784	2	-2.5341
44e3672a-f771-4dec-9dd4-27357aeef66a	5	170113200	180934240	5876	-0.5278
44e3672a-f771-4dec-9dd4-27357aeef66a	6	1011760	13305525	8895	0.2683
44e3672a-f771-4dec-9dd4-27357aeef66a	6	13305564	18261212	3257	0.2361
44e3672a-f771-4dec-9dd4-27357aeef66a	6	18262893	24344423	4367	0.2815
44e3672a-f771-4dec-9dd4-27357aeef66a	6	24347744	34156636	3536	0.2325
44e3672a-f771-4dec-9dd4-27357aeef66a	6	34157504	34157777	2	1.981
44e3672a-f771-4dec-9dd4-27357aeef66a	6	34179117	46286241	7278	0.234
44e3672a-f771-4dec-9dd4-27357aeef66a	6	46291923	53798806	4594	0.2943
44e3672a-f771-4dec-9dd4-27357aeef66a	6	53799598	56672549	1829	0.3438
44e3672a-f771-4dec-9dd4-27357aeef66a	6	56672921	106535671	25144	0.293
44e3672a-f771-4dec-9dd4-27357aeef66a	6	106536245	107077565	297	0.2283
44e3672a-f771-4dec-9dd4-27357aeef66a	6	107078623	107079161	2	-0.8006
44e3672a-f771-4dec-9dd4-27357aeef66a	6	107079451	111579386	2661	0.259
44e3672a-f771-4dec-9dd4-27357aeef66a	6	111579866	119713375	4415	0.3021
44e3672a-f771-4dec-9dd4-27357aeef66a	6	119713390	128714490	5150	0.3411
44e3672a-f771-4dec-9dd4-27357aeef66a	6	128717038	150917830	14089	0.2885
44e3672a-f771-4dec-9dd4-27357aeef66a	6	150919733	170596889	11381	0.2728
44e3672a-f771-4dec-9dd4-27357aeef66a	7	664936	7223672	2373	-0.0992
44e3672a-f771-4dec-9dd4-27357aeef66a	7	7223894	36125742	17847	-0.0391
44e3672a-f771-4dec-9dd4-27357aeef66a	7	36129655	40101030	2732	-0.0812
44e3672a-f771-4dec-9dd4-27357aeef66a	7	40101106	40369980	151	-0.457
44e3672a-f771-4dec-9dd4-27357aeef66a	7	40386107	57170928	10368	-0.0427
44e3672a-f771-4dec-9dd4-27357aeef66a	7	57176334	69847029	2506	-0.1043
44e3672a-f771-4dec-9dd4-27357aeef66a	7	69849848	70793296	585	-0.0116
44e3672a-f771-4dec-9dd4-27357aeef66a	7	70795063	77197121	1937	-0.1225
44e3672a-f771-4dec-9dd4-27357aeef66a	7	77197669	97730545	11299	-0.03
44e3672a-f771-4dec-9dd4-27357aeef66a	7	97740146	103463817	2113	-0.1094
44e3672a-f771-4dec-9dd4-27357aeef66a	7	103474759	105910311	1532	-0.0458
44e3672a-f771-4dec-9dd4-27357aeef66a	7	105913679	106924041	746	0.2905
44e3672a-f771-4dec-9dd4-27357aeef66a	7	106925175	111135533	2336	-0.0396
44e3672a-f771-4dec-9dd4-27357aeef66a	7	111712844	120785325	4771	-0.0167
44e3672a-f771-4dec-9dd4-27357aeef66a	7	120790947	122772783	1192	0.0382
44e3672a-f771-4dec-9dd4-27357aeef66a	7	122776829	126216559	1860	-0.0243
44e3672a-f771-4dec-9dd4-27357aeef66a	7	126218723	131881783	2996	-0.0661
44e3672a-f771-4dec-9dd4-27357aeef66a	7	131882001	135803873	2402	-0.0261
44e3672a-f771-4dec-9dd4-27357aeef66a	7	135805276	135816006	2	1.2861
44e3672a-f771-4dec-9dd4-27357aeef66a	7	135820552	137968655	1430	-0.0282
44e3672a-f771-4dec-9dd4-27357aeef66a	7	137970574	140283974	1201	-0.063
44e3672a-f771-4dec-9dd4-27357aeef66a	7	140284382	140535889	103	-0.2285
44e3672a-f771-4dec-9dd4-27357aeef66a	7	140537836	141525152	740	-0.0664
44e3672a-f771-4dec-9dd4-27357aeef66a	7	141525908	142038226	249	0.2839
44e3672a-f771-4dec-9dd4-27357aeef66a	7	142201936	158592540	8225	-0.0649
44e3672a-f771-4dec-9dd4-27357aeef66a	8	667625	4362011	1920	-0.1504
44e3672a-f771-4dec-9dd4-27357aeef66a	8	4363685	5390000	718	-0.053
44e3672a-f771-4dec-9dd4-27357aeef66a	8	5390815	43080575	22365	-0.1308
44e3672a-f771-4dec-9dd4-27357aeef66a	8	46547532	48448604	765	0.6988
44e3672a-f771-4dec-9dd4-27357aeef66a	8	48448865	49639118	629	1.3128
44e3672a-f771-4dec-9dd4-27357aeef66a	8	49639424	50148347	232	0.9773
44e3672a-f771-4dec-9dd4-27357aeef66a	8	50159182	55296990	3096	0.4944
44e3672a-f771-4dec-9dd4-27357aeef66a	8	55297083	65941443	6322	0.4327
44e3672a-f771-4dec-9dd4-27357aeef66a	8	65941784	71164363	2976	0.3891
44e3672a-f771-4dec-9dd4-27357aeef66a	8	71164930	91553351	11345	0.4281
44e3672a-f771-4dec-9dd4-27357aeef66a	8	91566304	91787403	111	-0.4942
44e3672a-f771-4dec-9dd4-27357aeef66a	8	91799336	103203355	6851	0.4117
44e3672a-f771-4dec-9dd4-27357aeef66a	8	103204518	119333743	9004	0.5524
44e3672a-f771-4dec-9dd4-27357aeef66a	8	119334380	144182542	15657	0.5121
44e3672a-f771-4dec-9dd4-27357aeef66a	9	789794	8224018	4517	-0.4943
44e3672a-f771-4dec-9dd4-27357aeef66a	9	8224409	8224530	2	-2.4534
44e3672a-f771-4dec-9dd4-27357aeef66a	9	8225337	13705996	2565	-0.4579
44e3672a-f771-4dec-9dd4-27357aeef66a	9	13706851	14220408	447	0.0191
44e3672a-f771-4dec-9dd4-27357aeef66a	9	14221592	32618279	12216	-0.4656
44e3672a-f771-4dec-9dd4-27357aeef66a	9	32618917	69366116	4540	-0.5142
44e3672a-f771-4dec-9dd4-27357aeef66a	9	69368766	86007692	11409	-0.4648
44e3672a-f771-4dec-9dd4-27357aeef66a	9	86007718	90034795	2819	-0.525
44e3672a-f771-4dec-9dd4-27357aeef66a	9	90036067	103397066	8027	-0.4704
44e3672a-f771-4dec-9dd4-27357aeef66a	9	103398137	103398756	2	-2.4044
44e3672a-f771-4dec-9dd4-27357aeef66a	9	103403154	114986578	8069	-0.4689
44e3672a-f771-4dec-9dd4-27357aeef66a	9	114987997	115394440	343	0.0376
44e3672a-f771-4dec-9dd4-27357aeef66a	9	115410006	115412393	3	1.0332
44e3672a-f771-4dec-9dd4-27357aeef66a	9	115412551	115562425	65	-0.0284
44e3672a-f771-4dec-9dd4-27357aeef66a	9	115565450	124021532	5947	-0.4746
44e3672a-f771-4dec-9dd4-27357aeef66a	9	124024454	138044505	7181	-0.5317
44e3672a-f771-4dec-9dd4-27357aeef66a	10	366509	4288922	2405	0.6869
44e3672a-f771-4dec-9dd4-27357aeef66a	10	4289534	5826398	1090	0.7392
44e3672a-f771-4dec-9dd4-27357aeef66a	10	5826651	10800676	3815	0.6662
44e3672a-f771-4dec-9dd4-27357aeef66a	10	10800714	12203219	989	0.7596
44e3672a-f771-4dec-9dd4-27357aeef66a	10	12203315	14541763	2077	0.6754
44e3672a-f771-4dec-9dd4-27357aeef66a	10	14541949	14546957	4	-0.2652
44e3672a-f771-4dec-9dd4-27357aeef66a	10	14547023	18895125	3109	0.6681
44e3672a-f771-4dec-9dd4-27357aeef66a	10	18900984	26194055	4761	0.7076
44e3672a-f771-4dec-9dd4-27357aeef66a	10	26194254	26196581	2	2.0259
44e3672a-f771-4dec-9dd4-27357aeef66a	10	26196684	26260793	44	0.7429
44e3672a-f771-4dec-9dd4-27357aeef66a	10	26261196	32732530	4393	0.6598
44e3672a-f771-4dec-9dd4-27357aeef66a	10	32734248	35581786	1682	0.7348
44e3672a-f771-4dec-9dd4-27357aeef66a	10	35584717	38770921	1812	0.6504
44e3672a-f771-4dec-9dd4-27357aeef66a	10	42450960	120872368	46996	-0.4767
44e3672a-f771-4dec-9dd4-27357aeef66a	10	120874784	123525927	2136	-0.0261
44e3672a-f771-4dec-9dd4-27357aeef66a	10	123526128	126674930	2097	-0.5024
44e3672a-f771-4dec-9dd4-27357aeef66a	10	126682920	126881257	167	0.2126
44e3672a-f771-4dec-9dd4-27357aeef66a	10	126888170	133411599	3385	-0.5098
44e3672a-f771-4dec-9dd4-27357aeef66a	11	456012	6965892	3169	0.4458
44e3672a-f771-4dec-9dd4-27357aeef66a	11	6968490	15428179	5983	0.494
44e3672a-f771-4dec-9dd4-27357aeef66a	11	15430584	16642477	782	0.557
44e3672a-f771-4dec-9dd4-27357aeef66a	11	16644475	26029038	6525	0.4812
44e3672a-f771-4dec-9dd4-27357aeef66a	11	26032562	29530544	2192	0.5359
44e3672a-f771-4dec-9dd4-27357aeef66a	11	29531449	45270491	10033	0.4898
44e3672a-f771-4dec-9dd4-27357aeef66a	11	45271819	56244856	1884	0.4585
44e3672a-f771-4dec-9dd4-27357aeef66a	11	56246322	59766887	1958	-0.0753
44e3672a-f771-4dec-9dd4-27357aeef66a	11	59768105	59831134	48	0.2334
44e3672a-f771-4dec-9dd4-27357aeef66a	11	59832983	60792379	572	-0.0866
44e3672a-f771-4dec-9dd4-27357aeef66a	11	60797331	61308052	298	0.1832
44e3672a-f771-4dec-9dd4-27357aeef66a	11	61309712	61728800	180	0.4858
44e3672a-f771-4dec-9dd4-27357aeef66a	11	61731528	61945381	88	0.2022
44e3672a-f771-4dec-9dd4-27357aeef66a	11	61947644	78450406	7339	-0.1057
44e3672a-f771-4dec-9dd4-27357aeef66a	11	78450457	110924125	20141	-0.0408
44e3672a-f771-4dec-9dd4-27357aeef66a	11	110924828	110973793	42	0.308
44e3672a-f771-4dec-9dd4-27357aeef66a	11	110974541	111016822	33	0.0155
44e3672a-f771-4dec-9dd4-27357aeef66a	11	111019216	134272740	16038	-0.5145
44e3672a-f771-4dec-9dd4-27357aeef66a	12	780472	3641387	1396	0.2471
44e3672a-f771-4dec-9dd4-27357aeef66a	12	3647567	3652756	11	-0.6907
44e3672a-f771-4dec-9dd4-27357aeef66a	12	3655354	4304846	491	0.2456
44e3672a-f771-4dec-9dd4-27357aeef66a	12	4304960	4313271	2	1.4093
44e3672a-f771-4dec-9dd4-27357aeef66a	12	4315842	6396846	1663	0.2672
44e3672a-f771-4dec-9dd4-27357aeef66a	12	6400129	8996707	1029	0.1786
44e3672a-f771-4dec-9dd4-27357aeef66a	12	9000550	15012907	3497	0.244
44e3672a-f771-4dec-9dd4-27357aeef66a	12	15013142	23771939	5376	0.2821
44e3672a-f771-4dec-9dd4-27357aeef66a	12	23774720	27852908	2662	0.2471
44e3672a-f771-4dec-9dd4-27357aeef66a	12	27853762	29084207	764	0.3445
44e3672a-f771-4dec-9dd4-27357aeef66a	12	29084813	31085371	1490	0.2753
44e3672a-f771-4dec-9dd4-27357aeef66a	12	31095328	32161979	506	0.1702
44e3672a-f771-4dec-9dd4-27357aeef66a	12	32163160	47899254	5809	0.2593
44e3672a-f771-4dec-9dd4-27357aeef66a	12	47899314	51395665	1702	0.1794
44e3672a-f771-4dec-9dd4-27357aeef66a	12	51400259	55883714	2468	0.2356
44e3672a-f771-4dec-9dd4-27357aeef66a	12	55885766	57999614	976	0.1846
44e3672a-f771-4dec-9dd4-27357aeef66a	12	57999720	63357633	3461	0.2746
44e3672a-f771-4dec-9dd4-27357aeef66a	12	63359182	70781684	4734	0.2385
44e3672a-f771-4dec-9dd4-27357aeef66a	12	70782281	76160087	3039	0.286
44e3672a-f771-4dec-9dd4-27357aeef66a	12	76161765	76284407	80	0.0772
44e3672a-f771-4dec-9dd4-27357aeef66a	12	76287306	80446147	2644	0.2758
44e3672a-f771-4dec-9dd4-27357aeef66a	12	80446276	80456533	2	-1.6095
44e3672a-f771-4dec-9dd4-27357aeef66a	12	80458189	82380758	1197	0.2671
44e3672a-f771-4dec-9dd4-27357aeef66a	12	82381607	87126328	2591	0.3045
44e3672a-f771-4dec-9dd4-27357aeef66a	12	87127182	108377872	13715	0.2522
44e3672a-f771-4dec-9dd4-27357aeef66a	12	108380772	120136368	7012	0.2214
44e3672a-f771-4dec-9dd4-27357aeef66a	12	120137596	123456739	1457	0.147
44e3672a-f771-4dec-9dd4-27357aeef66a	12	123458038	132605822	4374	0.2102
44e3672a-f771-4dec-9dd4-27357aeef66a	13	18874255	20125169	440	0.108
44e3672a-f771-4dec-9dd4-27357aeef66a	13	20126249	37228956	11029	-0.0776
44e3672a-f771-4dec-9dd4-27357aeef66a	13	37229479	73085321	19298	-0.0379
44e3672a-f771-4dec-9dd4-27357aeef66a	13	73090337	73537983	359	0.7871
44e3672a-f771-4dec-9dd4-27357aeef66a	13	73546158	101333537	17194	-0.0344
44e3672a-f771-4dec-9dd4-27357aeef66a	13	101334272	101334494	2	-1.6604
44e3672a-f771-4dec-9dd4-27357aeef66a	13	101334683	106487442	3586	-0.0382
44e3672a-f771-4dec-9dd4-27357aeef66a	13	106489001	114226675	4915	-0.0776
44e3672a-f771-4dec-9dd4-27357aeef66a	14	20033191	24593895	1773	0.2115
44e3672a-f771-4dec-9dd4-27357aeef66a	14	24597332	63074434	22077	0.2669
44e3672a-f771-4dec-9dd4-27357aeef66a	14	63074756	78063472	8987	0.2309
44e3672a-f771-4dec-9dd4-27357aeef66a	14	78065441	88500992	6766	0.2758
44e3672a-f771-4dec-9dd4-27357aeef66a	14	88502021	93637484	2913	0.2166
44e3672a-f771-4dec-9dd4-27357aeef66a	14	93637890	93643378	3	1.423
44e3672a-f771-4dec-9dd4-27357aeef66a	14	93661108	105533894	7124	0.2344
44e3672a-f771-4dec-9dd4-27357aeef66a	15	23437561	40861452	8770	-0.0694
44e3672a-f771-4dec-9dd4-27357aeef66a	15	40862108	44672135	1659	-0.1189
44e3672a-f771-4dec-9dd4-27357aeef66a	15	44681590	61768504	11036	-0.0642
44e3672a-f771-4dec-9dd4-27357aeef66a	15	61768758	80216412	10639	-0.0949
44e3672a-f771-4dec-9dd4-27357aeef66a	15	80218849	101344124	12534	-0.0738
44e3672a-f771-4dec-9dd4-27357aeef66a	16	603333	7541505	3019	0.1838
44e3672a-f771-4dec-9dd4-27357aeef66a	16	7541543	20987316	6419	0.215
44e3672a-f771-4dec-9dd4-27357aeef66a	16	20988142	46943596	4749	0.1822
44e3672a-f771-4dec-9dd4-27357aeef66a	16	46944892	66391273	12921	0.2462
44e3672a-f771-4dec-9dd4-27357aeef66a	16	66391839	70699389	1817	0.1709
44e3672a-f771-4dec-9dd4-27357aeef66a	16	70703203	89317317	12188	0.2322
44e3672a-f771-4dec-9dd4-27357aeef66a	17	1074619	51214307	20236	0.1952
44e3672a-f771-4dec-9dd4-27357aeef66a	17	51217407	57769895	4286	0.2407
44e3672a-f771-4dec-9dd4-27357aeef66a	17	57770332	70199803	6460	0.2013
44e3672a-f771-4dec-9dd4-27357aeef66a	17	70204308	73576239	2591	0.2434
44e3672a-f771-4dec-9dd4-27357aeef66a	17	73576894	73584084	4	-0.6093
44e3672a-f771-4dec-9dd4-27357aeef66a	17	73585994	73798511	182	0.2555
44e3672a-f771-4dec-9dd4-27357aeef66a	17	73801724	77913509	1468	0.1687
44e3672a-f771-4dec-9dd4-27357aeef66a	17	77914239	77924902	8	-0.6799
44e3672a-f771-4dec-9dd4-27357aeef66a	17	77926475	82959812	1962	0.1969
44e3672a-f771-4dec-9dd4-27357aeef66a	18	326691	24515774	10095	-0.0739
44e3672a-f771-4dec-9dd4-27357aeef66a	18	24516144	30640494	3830	-0.0376
44e3672a-f771-4dec-9dd4-27357aeef66a	18	30645575	31502883	498	0.0467
44e3672a-f771-4dec-9dd4-27357aeef66a	18	31503053	76561837	26728	-0.0413
44e3672a-f771-4dec-9dd4-27357aeef66a	18	76561873	79349796	1700	-0.0672
44e3672a-f771-4dec-9dd4-27357aeef66a	19	283868	21619732	8003	0.0482
44e3672a-f771-4dec-9dd4-27357aeef66a	19	21619975	21798077	69	0.1223
44e3672a-f771-4dec-9dd4-27357aeef66a	19	21803512	22334082	155	0.3667
44e3672a-f771-4dec-9dd4-27357aeef66a	19	22334444	34930252	5812	0.1153
44e3672a-f771-4dec-9dd4-27357aeef66a	19	34930897	58370362	10050	0.0634
44e3672a-f771-4dec-9dd4-27357aeef66a	20	472817	6408458	3591	0.4278
44e3672a-f771-4dec-9dd4-27357aeef66a	20	6409453	9933752	2224	0.4651
44e3672a-f771-4dec-9dd4-27357aeef66a	20	9934858	12617011	1976	0.529
44e3672a-f771-4dec-9dd4-27357aeef66a	20	12619318	25557385	8902	0.4698
44e3672a-f771-4dec-9dd4-27357aeef66a	20	25558704	36884822	2847	0.4032
44e3672a-f771-4dec-9dd4-27357aeef66a	20	36887811	37144677	209	0.2601
44e3672a-f771-4dec-9dd4-27357aeef66a	20	37144941	42691822	3683	0.4633
44e3672a-f771-4dec-9dd4-27357aeef66a	20	42694648	56913330	9582	0.4213
44e3672a-f771-4dec-9dd4-27357aeef66a	20	56913354	63588502	4451	0.4553
44e3672a-f771-4dec-9dd4-27357aeef66a	21	13974127	23085610	5582	0.2726
44e3672a-f771-4dec-9dd4-27357aeef66a	21	23086045	24566061	902	-0.4722
44e3672a-f771-4dec-9dd4-27357aeef66a	21	24567114	31044049	4403	0.2543
44e3672a-f771-4dec-9dd4-27357aeef66a	21	31046770	31188210	93	-0.5452
44e3672a-f771-4dec-9dd4-27357aeef66a	21	31189568	32918636	1145	0.2297
44e3672a-f771-4dec-9dd4-27357aeef66a	21	32919188	35742322	1909	0.6688
44e3672a-f771-4dec-9dd4-27357aeef66a	21	35745761	46262057	6493	-0.5222
44e3672a-f771-4dec-9dd4-27357aeef66a	22	16934932	46754497	15254	-0.1119
44e3672a-f771-4dec-9dd4-27357aeef66a	22	46759843	47898580	869	-0.042
44e3672a-f771-4dec-9dd4-27357aeef66a	22	47899547	48940621	921	-0.114
44e3672a-f771-4dec-9dd4-27357aeef66a	X	3236359	139194183	56157	0.0041
44e3672a-f771-4dec-9dd4-27357aeef66a	X	139206372	139225781	22	0.6577
44e3672a-f771-4dec-9dd4-27357aeef66a	X	139226578	155677414	7059	-0.005
