GDC_Aliquot	Chromosome	Start	End	Num_Probes	Segment_Mean
4b7aa468-4b8f-45a2-a072-d774c7a8a1ff	1	3301765	7939542	3003	0.3371
4b7aa468-4b8f-45a2-a072-d774c7a8a1ff	1	7940502	9409030	722	0.2591
4b7aa468-4b8f-45a2-a072-d774c7a8a1ff	1	9414367	9553813	53	0.9275
4b7aa468-4b8f-45a2-a072-d774c7a8a1ff	1	9556164	10107889	208	1.2737
4b7aa468-4b8f-45a2-a072-d774c7a8a1ff	1	10111373	10344188	135	0.8235
4b7aa468-4b8f-45a2-a072-d774c7a8a1ff	1	10344362	15502267	2797	0.2974
4b7aa468-4b8f-45a2-a072-d774c7a8a1ff	1	15504368	15592573	52	0.8689
4b7aa468-4b8f-45a2-a072-d774c7a8a1ff	1	15595360	15610359	10	-0.5991
4b7aa468-4b8f-45a2-a072-d774c7a8a1ff	1	15612422	16071582	157	0.8211
4b7aa468-4b8f-45a2-a072-d774c7a8a1ff	1	16077226	18856284	1548	0.3266
4b7aa468-4b8f-45a2-a072-d774c7a8a1ff	1	18859635	19186570	194	0.9164
4b7aa468-4b8f-45a2-a072-d774c7a8a1ff	1	19192686	21014234	1166	0.2734
4b7aa468-4b8f-45a2-a072-d774c7a8a1ff	1	21015709	21113697	44	0.8194
4b7aa468-4b8f-45a2-a072-d774c7a8a1ff	1	21115178	21329486	90	1.2444
4b7aa468-4b8f-45a2-a072-d774c7a8a1ff	1	21332392	21898797	271	0.9057
4b7aa468-4b8f-45a2-a072-d774c7a8a1ff	1	21899250	21949565	36	0.251
4b7aa468-4b8f-45a2-a072-d774c7a8a1ff	1	21956126	22740506	396	0.9355
4b7aa468-4b8f-45a2-a072-d774c7a8a1ff	1	22744949	23286534	342	0.3201
4b7aa468-4b8f-45a2-a072-d774c7a8a1ff	1	23288799	23443513	106	0.5591
4b7aa468-4b8f-45a2-a072-d774c7a8a1ff	1	23446741	27435843	1711	0.2398
4b7aa468-4b8f-45a2-a072-d774c7a8a1ff	1	27439161	27628596	54	0.7754
4b7aa468-4b8f-45a2-a072-d774c7a8a1ff	1	27628886	29104334	586	0.1971
4b7aa468-4b8f-45a2-a072-d774c7a8a1ff	1	29106297	30938231	1211	0.3205
4b7aa468-4b8f-45a2-a072-d774c7a8a1ff	1	30940072	33267767	996	0.2381
4b7aa468-4b8f-45a2-a072-d774c7a8a1ff	1	33269046	34857739	1110	0.3453
4b7aa468-4b8f-45a2-a072-d774c7a8a1ff	1	34858468	35445467	262	0.9065
4b7aa468-4b8f-45a2-a072-d774c7a8a1ff	1	35448211	38707413	1776	0.2949
4b7aa468-4b8f-45a2-a072-d774c7a8a1ff	1	38712625	39562913	423	0.8511
4b7aa468-4b8f-45a2-a072-d774c7a8a1ff	1	39569510	40874397	622	0.235
4b7aa468-4b8f-45a2-a072-d774c7a8a1ff	1	40918052	40950593	33	0.9699
4b7aa468-4b8f-45a2-a072-d774c7a8a1ff	1	40953994	58485522	10335	0.2852
4b7aa468-4b8f-45a2-a072-d774c7a8a1ff	1	58486549	59887093	915	0.2138
4b7aa468-4b8f-45a2-a072-d774c7a8a1ff	1	59892297	61427457	1058	0.2729
4b7aa468-4b8f-45a2-a072-d774c7a8a1ff	1	61429230	61765765	256	0.9101
4b7aa468-4b8f-45a2-a072-d774c7a8a1ff	1	61778180	65912823	2915	0.2702
4b7aa468-4b8f-45a2-a072-d774c7a8a1ff	1	65917061	66900866	775	0.8595
4b7aa468-4b8f-45a2-a072-d774c7a8a1ff	1	66907847	103459037	21815	0.223
4b7aa468-4b8f-45a2-a072-d774c7a8a1ff	1	103462283	106860013	1651	0.3021
4b7aa468-4b8f-45a2-a072-d774c7a8a1ff	1	106860406	106860447	2	2.4573
4b7aa468-4b8f-45a2-a072-d774c7a8a1ff	1	106860535	110343210	1933	0.2879
4b7aa468-4b8f-45a2-a072-d774c7a8a1ff	1	110343781	110352364	2	-1.2873
4b7aa468-4b8f-45a2-a072-d774c7a8a1ff	1	110355952	110934361	406	0.2688
4b7aa468-4b8f-45a2-a072-d774c7a8a1ff	1	110937265	111565047	435	0.1827
4b7aa468-4b8f-45a2-a072-d774c7a8a1ff	1	111565553	116257394	3045	0.282
4b7aa468-4b8f-45a2-a072-d774c7a8a1ff	1	116257579	116260109	2	-2.294
4b7aa468-4b8f-45a2-a072-d774c7a8a1ff	1	116261870	149928056	2262	0.2679
4b7aa468-4b8f-45a2-a072-d774c7a8a1ff	1	149936215	153775140	1816	0.2444
4b7aa468-4b8f-45a2-a072-d774c7a8a1ff	1	153780901	154129622	137	0.8542
4b7aa468-4b8f-45a2-a072-d774c7a8a1ff	1	154131663	155243333	552	0.2232
4b7aa468-4b8f-45a2-a072-d774c7a8a1ff	1	155244916	155903523	291	1.307
4b7aa468-4b8f-45a2-a072-d774c7a8a1ff	1	155904432	156032988	41	1.695
4b7aa468-4b8f-45a2-a072-d774c7a8a1ff	1	156039096	156194514	66	0.9064
4b7aa468-4b8f-45a2-a072-d774c7a8a1ff	1	156201505	156264478	39	0.7586
4b7aa468-4b8f-45a2-a072-d774c7a8a1ff	1	156270634	157015638	375	0.2668
4b7aa468-4b8f-45a2-a072-d774c7a8a1ff	1	157019615	157102534	55	0.8233
4b7aa468-4b8f-45a2-a072-d774c7a8a1ff	1	157104310	164622701	4978	0.2385
4b7aa468-4b8f-45a2-a072-d774c7a8a1ff	1	164624167	164624793	2	-1.8865
4b7aa468-4b8f-45a2-a072-d774c7a8a1ff	1	164628022	167854874	2588	0.2541
4b7aa468-4b8f-45a2-a072-d774c7a8a1ff	1	167854896	168470227	376	0.8303
4b7aa468-4b8f-45a2-a072-d774c7a8a1ff	1	168474407	182730389	9042	0.2613
4b7aa468-4b8f-45a2-a072-d774c7a8a1ff	1	182733066	183216961	293	0.81
4b7aa468-4b8f-45a2-a072-d774c7a8a1ff	1	183219758	200899752	10467	0.2114
4b7aa468-4b8f-45a2-a072-d774c7a8a1ff	1	200902088	202630615	1135	0.3049
4b7aa468-4b8f-45a2-a072-d774c7a8a1ff	1	202633069	203694666	715	0.2387
4b7aa468-4b8f-45a2-a072-d774c7a8a1ff	1	203695097	204615581	626	0.8536
4b7aa468-4b8f-45a2-a072-d774c7a8a1ff	1	204616610	206069352	944	0.294
4b7aa468-4b8f-45a2-a072-d774c7a8a1ff	1	206076064	206605975	181	0.8326
4b7aa468-4b8f-45a2-a072-d774c7a8a1ff	1	206615113	214103539	5184	0.2465
4b7aa468-4b8f-45a2-a072-d774c7a8a1ff	1	214106388	214435361	281	0.9433
4b7aa468-4b8f-45a2-a072-d774c7a8a1ff	1	214436135	223301817	5881	0.2211
4b7aa468-4b8f-45a2-a072-d774c7a8a1ff	1	223302400	232472109	5477	0.2627
4b7aa468-4b8f-45a2-a072-d774c7a8a1ff	1	232472272	247650984	9841	0.2243
4b7aa468-4b8f-45a2-a072-d774c7a8a1ff	2	480597	4113329	1697	0.2596
4b7aa468-4b8f-45a2-a072-d774c7a8a1ff	2	4114137	4464555	248	0.5231
4b7aa468-4b8f-45a2-a072-d774c7a8a1ff	2	4464679	9942248	3919	0.2106
4b7aa468-4b8f-45a2-a072-d774c7a8a1ff	2	9942503	10517598	404	0.8531
4b7aa468-4b8f-45a2-a072-d774c7a8a1ff	2	10526909	12188385	1244	0.2249
4b7aa468-4b8f-45a2-a072-d774c7a8a1ff	2	12195212	12259113	59	0.4957
4b7aa468-4b8f-45a2-a072-d774c7a8a1ff	2	12261797	14661539	1459	0.1955
4b7aa468-4b8f-45a2-a072-d774c7a8a1ff	2	14665318	14750360	54	-0.2154
4b7aa468-4b8f-45a2-a072-d774c7a8a1ff	2	14750810	14930968	95	0.2008
4b7aa468-4b8f-45a2-a072-d774c7a8a1ff	2	14931031	15078028	142	-0.2271
4b7aa468-4b8f-45a2-a072-d774c7a8a1ff	2	15081370	23950056	5968	0.2321
4b7aa468-4b8f-45a2-a072-d774c7a8a1ff	2	23955418	24087235	52	0.798
4b7aa468-4b8f-45a2-a072-d774c7a8a1ff	2	24092348	24094188	3	0.1474
4b7aa468-4b8f-45a2-a072-d774c7a8a1ff	2	24108967	24925225	383	0.8415
4b7aa468-4b8f-45a2-a072-d774c7a8a1ff	2	24927224	44006326	10357	0.2236
4b7aa468-4b8f-45a2-a072-d774c7a8a1ff	2	44008094	44046571	21	0.8296
4b7aa468-4b8f-45a2-a072-d774c7a8a1ff	2	44076908	45457386	891	0.2274
4b7aa468-4b8f-45a2-a072-d774c7a8a1ff	2	45459911	45493519	22	0.7667
4b7aa468-4b8f-45a2-a072-d774c7a8a1ff	2	45493675	49422295	2558	0.2211
4b7aa468-4b8f-45a2-a072-d774c7a8a1ff	2	49422379	65307161	8466	0.1869
4b7aa468-4b8f-45a2-a072-d774c7a8a1ff	2	65314200	67849718	1893	0.2258
4b7aa468-4b8f-45a2-a072-d774c7a8a1ff	2	67854047	67971691	53	0.8739
4b7aa468-4b8f-45a2-a072-d774c7a8a1ff	2	67973664	68058997	51	1.285
4b7aa468-4b8f-45a2-a072-d774c7a8a1ff	2	68065273	68102593	29	0.8061
4b7aa468-4b8f-45a2-a072-d774c7a8a1ff	2	68102666	70323294	1283	0.1683
4b7aa468-4b8f-45a2-a072-d774c7a8a1ff	2	70323358	75553625	2941	0.2403
4b7aa468-4b8f-45a2-a072-d774c7a8a1ff	2	75553879	75555687	2	-2.1575
4b7aa468-4b8f-45a2-a072-d774c7a8a1ff	2	75556546	76274785	375	0.2258
4b7aa468-4b8f-45a2-a072-d774c7a8a1ff	2	76276636	83791070	3943	0.1479
4b7aa468-4b8f-45a2-a072-d774c7a8a1ff	2	83796033	100483769	4268	0.2097
4b7aa468-4b8f-45a2-a072-d774c7a8a1ff	2	100489186	100955786	356	0.8546
4b7aa468-4b8f-45a2-a072-d774c7a8a1ff	2	100956788	112681560	6127	0.199
4b7aa468-4b8f-45a2-a072-d774c7a8a1ff	2	112682490	112730611	70	0.5314
4b7aa468-4b8f-45a2-a072-d774c7a8a1ff	2	112731158	113101568	339	0.181
4b7aa468-4b8f-45a2-a072-d774c7a8a1ff	2	113104310	113507498	162	0.8171
4b7aa468-4b8f-45a2-a072-d774c7a8a1ff	2	113513764	120230738	3482	0.2019
4b7aa468-4b8f-45a2-a072-d774c7a8a1ff	2	120234464	120951960	433	1.3147
4b7aa468-4b8f-45a2-a072-d774c7a8a1ff	2	120957459	121005989	42	0.9918
4b7aa468-4b8f-45a2-a072-d774c7a8a1ff	2	121006639	122632539	999	0.2664
4b7aa468-4b8f-45a2-a072-d774c7a8a1ff	2	122632712	126328446	1424	0.1668
4b7aa468-4b8f-45a2-a072-d774c7a8a1ff	2	126330973	137541018	5854	0.22
4b7aa468-4b8f-45a2-a072-d774c7a8a1ff	2	137541338	167472216	16816	0.1583
4b7aa468-4b8f-45a2-a072-d774c7a8a1ff	2	167472782	168079511	407	0.228
4b7aa468-4b8f-45a2-a072-d774c7a8a1ff	2	168082993	168565637	354	0.808
4b7aa468-4b8f-45a2-a072-d774c7a8a1ff	2	168569409	178320149	6181	0.2373
4b7aa468-4b8f-45a2-a072-d774c7a8a1ff	2	178320324	181463230	1936	0.1641
4b7aa468-4b8f-45a2-a072-d774c7a8a1ff	2	181463487	182142282	412	0.7657
4b7aa468-4b8f-45a2-a072-d774c7a8a1ff	2	182142775	183195941	613	0.1991
4b7aa468-4b8f-45a2-a072-d774c7a8a1ff	2	183199092	183271899	35	-0.2405
4b7aa468-4b8f-45a2-a072-d774c7a8a1ff	2	183272363	186196753	1064	0.1598
4b7aa468-4b8f-45a2-a072-d774c7a8a1ff	2	186197356	190274955	2027	0.2553
4b7aa468-4b8f-45a2-a072-d774c7a8a1ff	2	190278865	202150023	6029	0.1667
4b7aa468-4b8f-45a2-a072-d774c7a8a1ff	2	202156307	202213666	35	0.5419
4b7aa468-4b8f-45a2-a072-d774c7a8a1ff	2	202216309	202277615	23	0.6885
4b7aa468-4b8f-45a2-a072-d774c7a8a1ff	2	202277824	202425310	69	1.2081
4b7aa468-4b8f-45a2-a072-d774c7a8a1ff	2	202448915	203068754	177	0.8208
4b7aa468-4b8f-45a2-a072-d774c7a8a1ff	2	203072841	215367398	7412	0.168
4b7aa468-4b8f-45a2-a072-d774c7a8a1ff	2	215367833	220962660	3589	0.2391
4b7aa468-4b8f-45a2-a072-d774c7a8a1ff	2	220962736	234522080	8222	0.1883
4b7aa468-4b8f-45a2-a072-d774c7a8a1ff	2	234522495	241266056	4058	0.2637
4b7aa468-4b8f-45a2-a072-d774c7a8a1ff	2	241269377	241537572	149	0.1953
4b7aa468-4b8f-45a2-a072-d774c7a8a1ff	3	2170634	46900695	26494	-0.8145
4b7aa468-4b8f-45a2-a072-d774c7a8a1ff	3	46905597	47718883	301	0.2274
4b7aa468-4b8f-45a2-a072-d774c7a8a1ff	3	47726865	48733299	418	-0.7448
4b7aa468-4b8f-45a2-a072-d774c7a8a1ff	3	48735965	49694700	323	0.1996
4b7aa468-4b8f-45a2-a072-d774c7a8a1ff	3	49697440	49883046	62	0.8271
4b7aa468-4b8f-45a2-a072-d774c7a8a1ff	3	49886976	55344495	3035	0.2648
4b7aa468-4b8f-45a2-a072-d774c7a8a1ff	3	55347920	55715867	310	0.908
4b7aa468-4b8f-45a2-a072-d774c7a8a1ff	3	55718271	66026638	6378	0.25
4b7aa468-4b8f-45a2-a072-d774c7a8a1ff	3	66030774	66344929	107	0.8599
4b7aa468-4b8f-45a2-a072-d774c7a8a1ff	3	66346421	66714301	270	1.2621
4b7aa468-4b8f-45a2-a072-d774c7a8a1ff	3	66714806	66788562	61	1.5041
4b7aa468-4b8f-45a2-a072-d774c7a8a1ff	3	66788606	66939699	97	1.2123
4b7aa468-4b8f-45a2-a072-d774c7a8a1ff	3	66940075	66947848	11	0.7337
4b7aa468-4b8f-45a2-a072-d774c7a8a1ff	3	66948222	67016836	45	1.282
4b7aa468-4b8f-45a2-a072-d774c7a8a1ff	3	67017074	67421840	306	0.861
4b7aa468-4b8f-45a2-a072-d774c7a8a1ff	3	67432354	77397523	6281	0.2229
4b7aa468-4b8f-45a2-a072-d774c7a8a1ff	3	77397589	112747613	16644	0.1887
4b7aa468-4b8f-45a2-a072-d774c7a8a1ff	3	112749919	113592326	536	0.8536
4b7aa468-4b8f-45a2-a072-d774c7a8a1ff	3	113593165	122923853	5426	0.228
4b7aa468-4b8f-45a2-a072-d774c7a8a1ff	3	122924319	128465228	3439	0.2959
4b7aa468-4b8f-45a2-a072-d774c7a8a1ff	3	128465573	132085293	1855	0.2432
4b7aa468-4b8f-45a2-a072-d774c7a8a1ff	3	132086219	132302976	181	0.8484
4b7aa468-4b8f-45a2-a072-d774c7a8a1ff	3	132309099	132823011	275	0.1901
4b7aa468-4b8f-45a2-a072-d774c7a8a1ff	3	132824930	143469714	5797	0.2727
4b7aa468-4b8f-45a2-a072-d774c7a8a1ff	3	143477055	148707430	2490	0.1792
4b7aa468-4b8f-45a2-a072-d774c7a8a1ff	3	148709247	148730972	25	0.9075
4b7aa468-4b8f-45a2-a072-d774c7a8a1ff	3	148734388	161839447	7323	0.2262
4b7aa468-4b8f-45a2-a072-d774c7a8a1ff	3	161841092	165304048	1472	0.1659
4b7aa468-4b8f-45a2-a072-d774c7a8a1ff	3	165304486	165305126	2	-1.338
4b7aa468-4b8f-45a2-a072-d774c7a8a1ff	3	165312891	166766271	581	0.1683
4b7aa468-4b8f-45a2-a072-d774c7a8a1ff	3	166767006	166785333	11	-0.4985
4b7aa468-4b8f-45a2-a072-d774c7a8a1ff	3	166786258	168326046	713	0.1646
4b7aa468-4b8f-45a2-a072-d774c7a8a1ff	3	168337272	169290234	573	0.8359
4b7aa468-4b8f-45a2-a072-d774c7a8a1ff	3	169290406	169290536	2	-0.846
4b7aa468-4b8f-45a2-a072-d774c7a8a1ff	3	169293847	169621407	254	0.8631
4b7aa468-4b8f-45a2-a072-d774c7a8a1ff	3	169624083	169704734	48	0.1707
4b7aa468-4b8f-45a2-a072-d774c7a8a1ff	3	169707073	169789304	35	0.8905
4b7aa468-4b8f-45a2-a072-d774c7a8a1ff	3	169791127	170079183	191	0.1774
4b7aa468-4b8f-45a2-a072-d774c7a8a1ff	3	170080147	170113396	21	0.8616
4b7aa468-4b8f-45a2-a072-d774c7a8a1ff	3	170114328	171355827	698	-0.8387
4b7aa468-4b8f-45a2-a072-d774c7a8a1ff	3	171360331	172599832	624	0.166
4b7aa468-4b8f-45a2-a072-d774c7a8a1ff	3	172600018	173258243	402	-0.8216
4b7aa468-4b8f-45a2-a072-d774c7a8a1ff	3	173259778	173405749	84	0.1864
4b7aa468-4b8f-45a2-a072-d774c7a8a1ff	3	173409716	176426530	1234	-0.8693
4b7aa468-4b8f-45a2-a072-d774c7a8a1ff	3	176426679	181899056	2930	-0.7773
4b7aa468-4b8f-45a2-a072-d774c7a8a1ff	3	181899675	197812401	8236	-0.8351
4b7aa468-4b8f-45a2-a072-d774c7a8a1ff	4	1059384	1668869	166	-2.0687
4b7aa468-4b8f-45a2-a072-d774c7a8a1ff	4	1670369	1802549	65	0.5672
4b7aa468-4b8f-45a2-a072-d774c7a8a1ff	4	1814963	1927290	42	-0.1315
4b7aa468-4b8f-45a2-a072-d774c7a8a1ff	4	1928159	7262931	3108	-2.0381
4b7aa468-4b8f-45a2-a072-d774c7a8a1ff	4	7264218	7707373	331	-2.568
4b7aa468-4b8f-45a2-a072-d774c7a8a1ff	4	7708913	12299719	2607	-2.01
4b7aa468-4b8f-45a2-a072-d774c7a8a1ff	4	12300289	12449663	80	-3.843
4b7aa468-4b8f-45a2-a072-d774c7a8a1ff	4	12450210	12476080	14	-2.1137
4b7aa468-4b8f-45a2-a072-d774c7a8a1ff	4	12476193	12519598	23	-1.4972
4b7aa468-4b8f-45a2-a072-d774c7a8a1ff	4	12524049	12537733	8	-2.3987
4b7aa468-4b8f-45a2-a072-d774c7a8a1ff	4	12537824	12869205	242	-4.8555
4b7aa468-4b8f-45a2-a072-d774c7a8a1ff	4	12871907	15985025	2303	-1.9706
4b7aa468-4b8f-45a2-a072-d774c7a8a1ff	4	15986874	16222619	187	-0.7888
4b7aa468-4b8f-45a2-a072-d774c7a8a1ff	4	16223115	20318723	2598	-1.882
4b7aa468-4b8f-45a2-a072-d774c7a8a1ff	4	20325581	39612089	12002	-0.8257
4b7aa468-4b8f-45a2-a072-d774c7a8a1ff	4	39614928	39807311	92	0.2057
4b7aa468-4b8f-45a2-a072-d774c7a8a1ff	4	39809929	39826027	11	1.3662
4b7aa468-4b8f-45a2-a072-d774c7a8a1ff	4	39828075	39993535	66	0.8441
4b7aa468-4b8f-45a2-a072-d774c7a8a1ff	4	39994616	47826890	4014	0.2043
4b7aa468-4b8f-45a2-a072-d774c7a8a1ff	4	47827124	52872244	687	0.2722
4b7aa468-4b8f-45a2-a072-d774c7a8a1ff	4	52872349	52872357	2	-1.2411
4b7aa468-4b8f-45a2-a072-d774c7a8a1ff	4	52873095	57703135	3287	0.2512
4b7aa468-4b8f-45a2-a072-d774c7a8a1ff	4	57703590	81075637	12537	0.1864
4b7aa468-4b8f-45a2-a072-d774c7a8a1ff	4	81075771	90272543	5549	0.22
4b7aa468-4b8f-45a2-a072-d774c7a8a1ff	4	90273044	90350293	73	-1.0032
4b7aa468-4b8f-45a2-a072-d774c7a8a1ff	4	90355112	109489513	10448	0.1825
4b7aa468-4b8f-45a2-a072-d774c7a8a1ff	4	109491081	109491330	2	-1.7723
4b7aa468-4b8f-45a2-a072-d774c7a8a1ff	4	109492420	118344088	5136	0.1602
4b7aa468-4b8f-45a2-a072-d774c7a8a1ff	4	118344827	123998343	3140	0.2001
4b7aa468-4b8f-45a2-a072-d774c7a8a1ff	4	123998369	123998688	3	-1.1499
4b7aa468-4b8f-45a2-a072-d774c7a8a1ff	4	124002972	129451533	2832	0.2119
4b7aa468-4b8f-45a2-a072-d774c7a8a1ff	4	129451879	134506627	2200	0.159
4b7aa468-4b8f-45a2-a072-d774c7a8a1ff	4	134511629	134623373	62	0.72
4b7aa468-4b8f-45a2-a072-d774c7a8a1ff	4	134627633	140814443	3687	0.2094
4b7aa468-4b8f-45a2-a072-d774c7a8a1ff	4	140817742	140899404	64	0.7826
4b7aa468-4b8f-45a2-a072-d774c7a8a1ff	4	140904220	143630811	1644	0.169
4b7aa468-4b8f-45a2-a072-d774c7a8a1ff	4	143630934	146117316	1152	0.2415
4b7aa468-4b8f-45a2-a072-d774c7a8a1ff	4	146118508	147051184	532	0.1876
4b7aa468-4b8f-45a2-a072-d774c7a8a1ff	4	147051250	147058652	6	-0.9631
4b7aa468-4b8f-45a2-a072-d774c7a8a1ff	4	147058997	147619655	361	0.1879
4b7aa468-4b8f-45a2-a072-d774c7a8a1ff	4	147620000	147751721	59	0.719
4b7aa468-4b8f-45a2-a072-d774c7a8a1ff	4	147753302	152894748	2662	0.1795
4b7aa468-4b8f-45a2-a072-d774c7a8a1ff	4	152897340	159064640	3762	0.2271
4b7aa468-4b8f-45a2-a072-d774c7a8a1ff	4	159065355	168520628	5109	0.1444
4b7aa468-4b8f-45a2-a072-d774c7a8a1ff	4	168520646	170858956	1394	0.2211
4b7aa468-4b8f-45a2-a072-d774c7a8a1ff	4	170865733	180604429	5351	0.157
4b7aa468-4b8f-45a2-a072-d774c7a8a1ff	4	181157671	181509960	286	-5.2696
4b7aa468-4b8f-45a2-a072-d774c7a8a1ff	4	181511142	181840983	266	-0.864
4b7aa468-4b8f-45a2-a072-d774c7a8a1ff	4	181843460	182054265	159	-2.0552
4b7aa468-4b8f-45a2-a072-d774c7a8a1ff	4	182055625	187842528	2499	-0.8544
4b7aa468-4b8f-45a2-a072-d774c7a8a1ff	5	913983	11214091	7372	-0.1742
4b7aa468-4b8f-45a2-a072-d774c7a8a1ff	5	11215020	11247976	34	0.2152
4b7aa468-4b8f-45a2-a072-d774c7a8a1ff	5	11255868	17124317	3212	-0.2101
4b7aa468-4b8f-45a2-a072-d774c7a8a1ff	5	17126747	28135931	5586	-0.2566
4b7aa468-4b8f-45a2-a072-d774c7a8a1ff	5	28142257	30808805	1465	0.1648
4b7aa468-4b8f-45a2-a072-d774c7a8a1ff	5	30810407	37283835	3860	0.2578
4b7aa468-4b8f-45a2-a072-d774c7a8a1ff	5	37285474	37300876	11	0.9126
4b7aa468-4b8f-45a2-a072-d774c7a8a1ff	5	37304725	38544303	744	0.2804
4b7aa468-4b8f-45a2-a072-d774c7a8a1ff	5	38546771	50828231	3744	0.205
4b7aa468-4b8f-45a2-a072-d774c7a8a1ff	5	50829022	74522722	13211	-0.828
4b7aa468-4b8f-45a2-a072-d774c7a8a1ff	5	74525417	75160476	347	1.0086
4b7aa468-4b8f-45a2-a072-d774c7a8a1ff	5	75166099	84616705	5433	-0.2061
4b7aa468-4b8f-45a2-a072-d774c7a8a1ff	5	84620337	122340655	20032	-0.2692
4b7aa468-4b8f-45a2-a072-d774c7a8a1ff	5	122344856	124345080	1204	-0.1838
4b7aa468-4b8f-45a2-a072-d774c7a8a1ff	5	124350036	127121923	1678	0.5838
4b7aa468-4b8f-45a2-a072-d774c7a8a1ff	5	127122434	127122625	2	-1.3436
4b7aa468-4b8f-45a2-a072-d774c7a8a1ff	5	127127947	142857921	8880	0.5629
4b7aa468-4b8f-45a2-a072-d774c7a8a1ff	5	142858554	145350483	1612	0.4975
4b7aa468-4b8f-45a2-a072-d774c7a8a1ff	5	145350743	161002013	10328	0.5483
4b7aa468-4b8f-45a2-a072-d774c7a8a1ff	5	161006291	167390567	3900	0.4873
4b7aa468-4b8f-45a2-a072-d774c7a8a1ff	5	167394898	168858681	1089	0.5568
4b7aa468-4b8f-45a2-a072-d774c7a8a1ff	5	168859211	168878099	18	1.1812
4b7aa468-4b8f-45a2-a072-d774c7a8a1ff	5	168878156	174041483	3453	0.5673
4b7aa468-4b8f-45a2-a072-d774c7a8a1ff	5	174041922	174139713	68	1.2481
4b7aa468-4b8f-45a2-a072-d774c7a8a1ff	5	174140763	174140804	2	-0.9354
4b7aa468-4b8f-45a2-a072-d774c7a8a1ff	5	174140952	175102867	719	1.2927
4b7aa468-4b8f-45a2-a072-d774c7a8a1ff	5	175104632	180588141	2573	0.5896
4b7aa468-4b8f-45a2-a072-d774c7a8a1ff	5	180599413	180934240	96	1.202
4b7aa468-4b8f-45a2-a072-d774c7a8a1ff	6	1011760	11553123	7437	-0.1795
4b7aa468-4b8f-45a2-a072-d774c7a8a1ff	6	11556621	11609747	45	0.2346
4b7aa468-4b8f-45a2-a072-d774c7a8a1ff	6	11615237	26031583	9972	-0.2106
4b7aa468-4b8f-45a2-a072-d774c7a8a1ff	6	26033278	26479663	210	-0.3808
4b7aa468-4b8f-45a2-a072-d774c7a8a1ff	6	26479866	31238839	1612	-0.1974
4b7aa468-4b8f-45a2-a072-d774c7a8a1ff	6	32899215	37295644	2331	0.2255
4b7aa468-4b8f-45a2-a072-d774c7a8a1ff	6	37298849	37299180	2	-2.6964
4b7aa468-4b8f-45a2-a072-d774c7a8a1ff	6	37301788	38395437	703	0.2555
4b7aa468-4b8f-45a2-a072-d774c7a8a1ff	6	38395471	38395485	3	-1.6918
4b7aa468-4b8f-45a2-a072-d774c7a8a1ff	6	38396694	47338865	5676	0.2499
4b7aa468-4b8f-45a2-a072-d774c7a8a1ff	6	47339591	47547523	123	0.8135
4b7aa468-4b8f-45a2-a072-d774c7a8a1ff	6	47550266	52300736	2720	0.2054
4b7aa468-4b8f-45a2-a072-d774c7a8a1ff	6	52301763	52306143	7	-5.5813
4b7aa468-4b8f-45a2-a072-d774c7a8a1ff	6	52307857	54112494	1239	0.2211
4b7aa468-4b8f-45a2-a072-d774c7a8a1ff	6	54112540	56445892	1449	0.2971
4b7aa468-4b8f-45a2-a072-d774c7a8a1ff	6	56446006	63214575	1172	0.2015
4b7aa468-4b8f-45a2-a072-d774c7a8a1ff	6	63221599	63238400	9	-0.8419
4b7aa468-4b8f-45a2-a072-d774c7a8a1ff	6	63242450	70029102	3764	0.1732
4b7aa468-4b8f-45a2-a072-d774c7a8a1ff	6	70029385	91497704	12289	0.2213
4b7aa468-4b8f-45a2-a072-d774c7a8a1ff	6	91498279	96256798	2028	0.162
4b7aa468-4b8f-45a2-a072-d774c7a8a1ff	6	96256849	101337098	2957	0.2376
4b7aa468-4b8f-45a2-a072-d774c7a8a1ff	6	101337657	106180035	2776	0.187
4b7aa468-4b8f-45a2-a072-d774c7a8a1ff	6	106181838	107140902	572	0.8198
4b7aa468-4b8f-45a2-a072-d774c7a8a1ff	6	107145426	111048546	2354	0.2265
4b7aa468-4b8f-45a2-a072-d774c7a8a1ff	6	111049535	112245278	731	0.8431
4b7aa468-4b8f-45a2-a072-d774c7a8a1ff	6	112249544	113384170	741	0.2092
4b7aa468-4b8f-45a2-a072-d774c7a8a1ff	6	113389236	114837341	877	0.5332
4b7aa468-4b8f-45a2-a072-d774c7a8a1ff	6	114841388	120287564	2656	0.2013
4b7aa468-4b8f-45a2-a072-d774c7a8a1ff	6	120290624	123114983	1583	0.2936
4b7aa468-4b8f-45a2-a072-d774c7a8a1ff	6	123119274	125106106	1195	0.2097
4b7aa468-4b8f-45a2-a072-d774c7a8a1ff	6	125113212	126379706	770	0.8448
4b7aa468-4b8f-45a2-a072-d774c7a8a1ff	6	126380932	127453651	512	0.2458
4b7aa468-4b8f-45a2-a072-d774c7a8a1ff	6	127454497	130131975	1750	0.1441
4b7aa468-4b8f-45a2-a072-d774c7a8a1ff	6	130133179	130140890	8	-0.8549
4b7aa468-4b8f-45a2-a072-d774c7a8a1ff	6	130140896	144918198	9160	0.1699
4b7aa468-4b8f-45a2-a072-d774c7a8a1ff	6	144920210	147539642	1536	0.1971
4b7aa468-4b8f-45a2-a072-d774c7a8a1ff	6	147546177	147565456	15	0.7657
4b7aa468-4b8f-45a2-a072-d774c7a8a1ff	6	147566082	151040912	2455	0.2204
4b7aa468-4b8f-45a2-a072-d774c7a8a1ff	6	151042143	151254126	132	-0.1644
4b7aa468-4b8f-45a2-a072-d774c7a8a1ff	6	151254182	153679206	1775	0.2046
4b7aa468-4b8f-45a2-a072-d774c7a8a1ff	6	153679242	167147930	8546	0.2449
4b7aa468-4b8f-45a2-a072-d774c7a8a1ff	6	167862052	168564862	48	0.9182
4b7aa468-4b8f-45a2-a072-d774c7a8a1ff	6	168573875	170596889	777	0.2716
4b7aa468-4b8f-45a2-a072-d774c7a8a1ff	7	664936	5113072	1736	0.2868
4b7aa468-4b8f-45a2-a072-d774c7a8a1ff	7	5113652	9568029	1833	0.2126
4b7aa468-4b8f-45a2-a072-d774c7a8a1ff	7	9568317	9581377	2	1.6321
4b7aa468-4b8f-45a2-a072-d774c7a8a1ff	7	9581573	11963143	1282	0.2036
4b7aa468-4b8f-45a2-a072-d774c7a8a1ff	7	11965346	11970147	5	-0.8716
4b7aa468-4b8f-45a2-a072-d774c7a8a1ff	7	11970376	21984895	6001	0.19
4b7aa468-4b8f-45a2-a072-d774c7a8a1ff	7	21986100	22838088	689	0.2556
4b7aa468-4b8f-45a2-a072-d774c7a8a1ff	7	22838163	23956524	694	0.841
4b7aa468-4b8f-45a2-a072-d774c7a8a1ff	7	23958806	36544532	8324	0.255
4b7aa468-4b8f-45a2-a072-d774c7a8a1ff	7	36545006	38069333	1159	0.1743
4b7aa468-4b8f-45a2-a072-d774c7a8a1ff	7	38069395	38569059	263	0.2714
4b7aa468-4b8f-45a2-a072-d774c7a8a1ff	7	38576019	38577422	3	-1.8911
4b7aa468-4b8f-45a2-a072-d774c7a8a1ff	7	38577911	47921547	5656	0.2526
4b7aa468-4b8f-45a2-a072-d774c7a8a1ff	7	47925529	47925816	2	-1.5168
4b7aa468-4b8f-45a2-a072-d774c7a8a1ff	7	47929416	51797215	2678	0.2453
4b7aa468-4b8f-45a2-a072-d774c7a8a1ff	7	51801727	53941269	1448	0.1836
4b7aa468-4b8f-45a2-a072-d774c7a8a1ff	7	53941577	73460539	5849	0.2734
4b7aa468-4b8f-45a2-a072-d774c7a8a1ff	7	73461351	74123662	232	0.8514
4b7aa468-4b8f-45a2-a072-d774c7a8a1ff	7	74133405	75616821	296	0.2085
4b7aa468-4b8f-45a2-a072-d774c7a8a1ff	7	75619210	75635145	15	0.8644
4b7aa468-4b8f-45a2-a072-d774c7a8a1ff	7	75637381	77136126	308	0.2406
4b7aa468-4b8f-45a2-a072-d774c7a8a1ff	7	77138566	83374505	3951	0.8064
4b7aa468-4b8f-45a2-a072-d774c7a8a1ff	7	83375311	85770602	1394	0.9108
4b7aa468-4b8f-45a2-a072-d774c7a8a1ff	7	85771969	95742137	4774	0.8269
4b7aa468-4b8f-45a2-a072-d774c7a8a1ff	7	95749978	96270041	337	1.6904
4b7aa468-4b8f-45a2-a072-d774c7a8a1ff	7	96271665	99928487	1794	0.8767
4b7aa468-4b8f-45a2-a072-d774c7a8a1ff	7	99928693	100796794	245	0.7213
4b7aa468-4b8f-45a2-a072-d774c7a8a1ff	7	100798779	104472784	1663	0.8526
4b7aa468-4b8f-45a2-a072-d774c7a8a1ff	7	104473121	104724348	194	1.2736
4b7aa468-4b8f-45a2-a072-d774c7a8a1ff	7	104726317	104764640	28	1.8778
4b7aa468-4b8f-45a2-a072-d774c7a8a1ff	7	104765215	104981178	135	2.1716
4b7aa468-4b8f-45a2-a072-d774c7a8a1ff	7	104981515	105075918	59	1.8358
4b7aa468-4b8f-45a2-a072-d774c7a8a1ff	7	105076190	105090506	8	1.6347
4b7aa468-4b8f-45a2-a072-d774c7a8a1ff	7	105091066	105371619	141	0.852
4b7aa468-4b8f-45a2-a072-d774c7a8a1ff	7	105372232	106600795	794	1.524
4b7aa468-4b8f-45a2-a072-d774c7a8a1ff	7	106601045	107131953	298	0.7567
4b7aa468-4b8f-45a2-a072-d774c7a8a1ff	7	107136122	108313908	557	1.4626
4b7aa468-4b8f-45a2-a072-d774c7a8a1ff	7	108315422	108901136	379	1.2484
4b7aa468-4b8f-45a2-a072-d774c7a8a1ff	7	108904404	110596625	1025	0.8076
4b7aa468-4b8f-45a2-a072-d774c7a8a1ff	7	110599665	110970781	189	0.204
4b7aa468-4b8f-45a2-a072-d774c7a8a1ff	7	110971382	126292154	7966	0.7673
4b7aa468-4b8f-45a2-a072-d774c7a8a1ff	7	126298629	129525545	1639	0.829
4b7aa468-4b8f-45a2-a072-d774c7a8a1ff	7	129531262	130511242	462	1.5832
4b7aa468-4b8f-45a2-a072-d774c7a8a1ff	7	130610532	138857122	5164	0.8333
4b7aa468-4b8f-45a2-a072-d774c7a8a1ff	7	138865291	139723033	400	1.2845
4b7aa468-4b8f-45a2-a072-d774c7a8a1ff	7	139723177	143931679	1864	0.8213
4b7aa468-4b8f-45a2-a072-d774c7a8a1ff	7	143936204	146949367	1547	0.7646
4b7aa468-4b8f-45a2-a072-d774c7a8a1ff	7	146949828	148962604	1404	0.8421
4b7aa468-4b8f-45a2-a072-d774c7a8a1ff	7	148963277	149508757	233	1.6148
4b7aa468-4b8f-45a2-a072-d774c7a8a1ff	7	149509258	151136565	651	0.8188
4b7aa468-4b8f-45a2-a072-d774c7a8a1ff	7	151140442	151955054	477	1.5624
4b7aa468-4b8f-45a2-a072-d774c7a8a1ff	7	151956550	158592540	3451	0.8774
4b7aa468-4b8f-45a2-a072-d774c7a8a1ff	8	667625	13118927	5589	0.266
4b7aa468-4b8f-45a2-a072-d774c7a8a1ff	8	13123351	16747054	2578	0.2072
4b7aa468-4b8f-45a2-a072-d774c7a8a1ff	8	16747177	17489501	500	0.288
4b7aa468-4b8f-45a2-a072-d774c7a8a1ff	8	17499476	18111877	630	0.8459
4b7aa468-4b8f-45a2-a072-d774c7a8a1ff	8	18115084	28830863	7648	0.2633
4b7aa468-4b8f-45a2-a072-d774c7a8a1ff	8	28833037	36741414	4486	0.2118
4b7aa468-4b8f-45a2-a072-d774c7a8a1ff	8	36743142	42701270	3418	0.2533
4b7aa468-4b8f-45a2-a072-d774c7a8a1ff	8	42704599	42878034	89	0.8683
4b7aa468-4b8f-45a2-a072-d774c7a8a1ff	8	42890734	49315594	1344	0.2571
4b7aa468-4b8f-45a2-a072-d774c7a8a1ff	8	49317829	67093271	10322	0.1944
4b7aa468-4b8f-45a2-a072-d774c7a8a1ff	8	67098936	69969608	1780	0.3028
4b7aa468-4b8f-45a2-a072-d774c7a8a1ff	8	69970229	75362354	3317	0.2333
4b7aa468-4b8f-45a2-a072-d774c7a8a1ff	8	75362491	93248759	9643	0.1804
4b7aa468-4b8f-45a2-a072-d774c7a8a1ff	8	93248883	102480465	5500	0.2315
4b7aa468-4b8f-45a2-a072-d774c7a8a1ff	8	102484327	103116779	401	0.8119
4b7aa468-4b8f-45a2-a072-d774c7a8a1ff	8	103117518	103119973	4	1.7034
4b7aa468-4b8f-45a2-a072-d774c7a8a1ff	8	103120145	103166538	43	0.7572
4b7aa468-4b8f-45a2-a072-d774c7a8a1ff	8	103168273	107082821	1980	0.2263
4b7aa468-4b8f-45a2-a072-d774c7a8a1ff	8	107093645	109097186	1153	0.6086
4b7aa468-4b8f-45a2-a072-d774c7a8a1ff	8	109097301	113737900	2398	0.5176
4b7aa468-4b8f-45a2-a072-d774c7a8a1ff	8	113738327	117871902	2372	0.6109
4b7aa468-4b8f-45a2-a072-d774c7a8a1ff	8	117872551	127492252	6566	0.545
4b7aa468-4b8f-45a2-a072-d774c7a8a1ff	8	127492413	128173672	527	1.0071
4b7aa468-4b8f-45a2-a072-d774c7a8a1ff	8	128174020	128188747	20	1.4625
4b7aa468-4b8f-45a2-a072-d774c7a8a1ff	8	128190180	129378388	759	1.0448
4b7aa468-4b8f-45a2-a072-d774c7a8a1ff	8	129378822	130716485	855	1.4274
4b7aa468-4b8f-45a2-a072-d774c7a8a1ff	8	130718812	131077594	335	1.0592
4b7aa468-4b8f-45a2-a072-d774c7a8a1ff	8	131082671	135057120	3125	0.5468
4b7aa468-4b8f-45a2-a072-d774c7a8a1ff	8	135057762	135071502	12	1.1533
4b7aa468-4b8f-45a2-a072-d774c7a8a1ff	8	135072155	138474210	2386	0.5646
4b7aa468-4b8f-45a2-a072-d774c7a8a1ff	8	138474629	144091114	2167	0.644
4b7aa468-4b8f-45a2-a072-d774c7a8a1ff	8	144093075	144182542	25	0.4839
4b7aa468-4b8f-45a2-a072-d774c7a8a1ff	9	789794	3965781	2202	0.25
4b7aa468-4b8f-45a2-a072-d774c7a8a1ff	9	3966041	4636900	589	0.8564
4b7aa468-4b8f-45a2-a072-d774c7a8a1ff	9	4639853	8615659	2117	0.2201
4b7aa468-4b8f-45a2-a072-d774c7a8a1ff	9	8619982	8757183	90	-0.9046
4b7aa468-4b8f-45a2-a072-d774c7a8a1ff	9	8761778	12540761	1342	0.2006
4b7aa468-4b8f-45a2-a072-d774c7a8a1ff	9	12541971	19751381	5713	0.2818
4b7aa468-4b8f-45a2-a072-d774c7a8a1ff	9	19751493	32257575	7503	0.2002
4b7aa468-4b8f-45a2-a072-d774c7a8a1ff	9	32258152	35999481	2116	0.2582
4b7aa468-4b8f-45a2-a072-d774c7a8a1ff	9	36000001	36293316	180	0.8245
4b7aa468-4b8f-45a2-a072-d774c7a8a1ff	9	36300887	68423153	1666	0.2639
4b7aa468-4b8f-45a2-a072-d774c7a8a1ff	9	68424128	70230252	1392	-0.7703
4b7aa468-4b8f-45a2-a072-d774c7a8a1ff	9	70242479	70550162	199	0.3452
4b7aa468-4b8f-45a2-a072-d774c7a8a1ff	9	70552681	94089013	15801	-0.7748
4b7aa468-4b8f-45a2-a072-d774c7a8a1ff	9	94095453	94113300	15	0.339
4b7aa468-4b8f-45a2-a072-d774c7a8a1ff	9	94121875	127115610	21769	-0.7536
4b7aa468-4b8f-45a2-a072-d774c7a8a1ff	9	127119939	127658727	308	0.2895
4b7aa468-4b8f-45a2-a072-d774c7a8a1ff	9	127663439	127973658	139	-0.7567
4b7aa468-4b8f-45a2-a072-d774c7a8a1ff	9	127974598	128149375	107	0.2192
4b7aa468-4b8f-45a2-a072-d774c7a8a1ff	9	128150058	128298828	66	0.8453
4b7aa468-4b8f-45a2-a072-d774c7a8a1ff	9	128314392	128546032	86	0.1766
4b7aa468-4b8f-45a2-a072-d774c7a8a1ff	9	128555122	131029050	1356	-0.757
4b7aa468-4b8f-45a2-a072-d774c7a8a1ff	9	131034924	131595940	317	0.2814
4b7aa468-4b8f-45a2-a072-d774c7a8a1ff	9	131597634	131883212	220	0.8987
4b7aa468-4b8f-45a2-a072-d774c7a8a1ff	9	131885324	132058011	116	0.2706
4b7aa468-4b8f-45a2-a072-d774c7a8a1ff	9	132061414	138044505	2648	-0.7602
4b7aa468-4b8f-45a2-a072-d774c7a8a1ff	10	366509	1858692	663	-0.7618
4b7aa468-4b8f-45a2-a072-d774c7a8a1ff	10	1859891	1860494	10	-2.1821
4b7aa468-4b8f-45a2-a072-d774c7a8a1ff	10	1861321	5983646	2909	-0.738
4b7aa468-4b8f-45a2-a072-d774c7a8a1ff	10	5983915	26886364	14995	-0.8005
4b7aa468-4b8f-45a2-a072-d774c7a8a1ff	10	26888169	29279994	1570	-0.7338
4b7aa468-4b8f-45a2-a072-d774c7a8a1ff	10	29280426	29312990	38	0.3088
4b7aa468-4b8f-45a2-a072-d774c7a8a1ff	10	29313269	51661270	9935	-0.7632
4b7aa468-4b8f-45a2-a072-d774c7a8a1ff	10	51661981	51705909	26	0.2932
4b7aa468-4b8f-45a2-a072-d774c7a8a1ff	10	51705938	69439238	10452	-0.7931
4b7aa468-4b8f-45a2-a072-d774c7a8a1ff	10	69441979	69646469	141	0.2799
4b7aa468-4b8f-45a2-a072-d774c7a8a1ff	10	69650558	71072964	1015	-0.7597
4b7aa468-4b8f-45a2-a072-d774c7a8a1ff	10	71074206	74965105	1938	-0.1677
4b7aa468-4b8f-45a2-a072-d774c7a8a1ff	10	74972275	75173640	113	-0.8412
4b7aa468-4b8f-45a2-a072-d774c7a8a1ff	10	75174041	75366161	93	-0.1628
4b7aa468-4b8f-45a2-a072-d774c7a8a1ff	10	75366416	75486007	66	-0.7226
4b7aa468-4b8f-45a2-a072-d774c7a8a1ff	10	75487163	81194218	3742	-0.1401
4b7aa468-4b8f-45a2-a072-d774c7a8a1ff	10	81195192	85753852	3276	-0.2065
4b7aa468-4b8f-45a2-a072-d774c7a8a1ff	10	85755406	87116095	800	-0.1209
4b7aa468-4b8f-45a2-a072-d774c7a8a1ff	10	87406076	87592525	78	-1.5889
4b7aa468-4b8f-45a2-a072-d774c7a8a1ff	10	87592589	112236289	15074	-0.1783
4b7aa468-4b8f-45a2-a072-d774c7a8a1ff	10	112236849	112561237	217	0.892
4b7aa468-4b8f-45a2-a072-d774c7a8a1ff	10	112566256	126899719	10170	-0.1576
4b7aa468-4b8f-45a2-a072-d774c7a8a1ff	10	126902568	126903452	2	-3.3462
4b7aa468-4b8f-45a2-a072-d774c7a8a1ff	10	126909017	133411599	3382	-0.1099
4b7aa468-4b8f-45a2-a072-d774c7a8a1ff	11	456012	46114792	28994	-0.778
4b7aa468-4b8f-45a2-a072-d774c7a8a1ff	11	46119220	46702053	244	0.2311
4b7aa468-4b8f-45a2-a072-d774c7a8a1ff	11	46707279	50092125	1146	-0.7399
4b7aa468-4b8f-45a2-a072-d774c7a8a1ff	11	50096159	61270249	2859	0.2475
4b7aa468-4b8f-45a2-a072-d774c7a8a1ff	11	61271750	61859449	240	-0.7921
4b7aa468-4b8f-45a2-a072-d774c7a8a1ff	11	61860134	63738313	982	0.2403
4b7aa468-4b8f-45a2-a072-d774c7a8a1ff	11	63739854	64045704	77	-0.1399
4b7aa468-4b8f-45a2-a072-d774c7a8a1ff	11	64050327	68126000	982	0.2216
4b7aa468-4b8f-45a2-a072-d774c7a8a1ff	11	68133959	68135293	2	-1.1668
4b7aa468-4b8f-45a2-a072-d774c7a8a1ff	11	68139530	68932794	368	0.2339
4b7aa468-4b8f-45a2-a072-d774c7a8a1ff	11	68932956	71645745	1556	0.3107
4b7aa468-4b8f-45a2-a072-d774c7a8a1ff	11	71649144	75624754	1929	0.2421
4b7aa468-4b8f-45a2-a072-d774c7a8a1ff	11	75625467	76035590	218	0.8362
4b7aa468-4b8f-45a2-a072-d774c7a8a1ff	11	76036506	77851622	953	0.2588
4b7aa468-4b8f-45a2-a072-d774c7a8a1ff	11	77853272	78450406	312	0.8634
4b7aa468-4b8f-45a2-a072-d774c7a8a1ff	11	78450457	88604318	6573	0.2265
4b7aa468-4b8f-45a2-a072-d774c7a8a1ff	11	88604945	91749651	1664	0.1518
4b7aa468-4b8f-45a2-a072-d774c7a8a1ff	11	91749955	92533963	451	0.1937
4b7aa468-4b8f-45a2-a072-d774c7a8a1ff	11	92536912	94887215	1359	0.2638
4b7aa468-4b8f-45a2-a072-d774c7a8a1ff	11	94887314	102848936	5421	0.1875
4b7aa468-4b8f-45a2-a072-d774c7a8a1ff	11	102848999	117975951	9518	-0.8026
4b7aa468-4b8f-45a2-a072-d774c7a8a1ff	11	117980459	118608958	533	0.2205
4b7aa468-4b8f-45a2-a072-d774c7a8a1ff	11	118616579	128238777	6670	-0.7719
4b7aa468-4b8f-45a2-a072-d774c7a8a1ff	11	128239611	128749818	546	-0.9046
4b7aa468-4b8f-45a2-a072-d774c7a8a1ff	11	128754133	134272740	3416	-0.7621
4b7aa468-4b8f-45a2-a072-d774c7a8a1ff	12	780472	3070744	966	0.343
4b7aa468-4b8f-45a2-a072-d774c7a8a1ff	12	3073530	6173634	2480	-0.1248
4b7aa468-4b8f-45a2-a072-d774c7a8a1ff	12	6181680	6497585	181	0.2492
4b7aa468-4b8f-45a2-a072-d774c7a8a1ff	12	6504752	12001176	2559	-0.1802
4b7aa468-4b8f-45a2-a072-d774c7a8a1ff	12	12003224	12209171	138	-0.6981
4b7aa468-4b8f-45a2-a072-d774c7a8a1ff	12	12214654	15971208	2266	-0.1406
4b7aa468-4b8f-45a2-a072-d774c7a8a1ff	12	15971859	16482926	376	0.5966
4b7aa468-4b8f-45a2-a072-d774c7a8a1ff	12	16483409	27128961	6726	-0.2074
4b7aa468-4b8f-45a2-a072-d774c7a8a1ff	12	27190250	27468484	149	0.5433
4b7aa468-4b8f-45a2-a072-d774c7a8a1ff	12	27473949	31776363	2784	-0.1601
4b7aa468-4b8f-45a2-a072-d774c7a8a1ff	12	31776404	32460831	476	0.261
4b7aa468-4b8f-45a2-a072-d774c7a8a1ff	12	32461340	38834977	538	-0.0913
4b7aa468-4b8f-45a2-a072-d774c7a8a1ff	12	38838205	43627099	2571	0.2273
4b7aa468-4b8f-45a2-a072-d774c7a8a1ff	12	43627186	43654525	27	0.7523
4b7aa468-4b8f-45a2-a072-d774c7a8a1ff	12	43657056	43713213	29	0.9005
4b7aa468-4b8f-45a2-a072-d774c7a8a1ff	12	43713402	46510543	1601	1.6008
4b7aa468-4b8f-45a2-a072-d774c7a8a1ff	12	46514031	49928063	1775	-0.8075
4b7aa468-4b8f-45a2-a072-d774c7a8a1ff	12	49930784	50431291	239	0.2167
4b7aa468-4b8f-45a2-a072-d774c7a8a1ff	12	50442644	50624756	72	-0.724
4b7aa468-4b8f-45a2-a072-d774c7a8a1ff	12	50629861	51119869	273	0.2146
4b7aa468-4b8f-45a2-a072-d774c7a8a1ff	12	51142490	55706970	2532	-0.7682
4b7aa468-4b8f-45a2-a072-d774c7a8a1ff	12	55710019	56083705	124	0.201
4b7aa468-4b8f-45a2-a072-d774c7a8a1ff	12	56084552	56404265	177	0.7495
4b7aa468-4b8f-45a2-a072-d774c7a8a1ff	12	56406268	56785745	174	0.2035
4b7aa468-4b8f-45a2-a072-d774c7a8a1ff	12	56787096	71297868	9065	-0.766
4b7aa468-4b8f-45a2-a072-d774c7a8a1ff	12	71300730	71538612	69	0.2369
4b7aa468-4b8f-45a2-a072-d774c7a8a1ff	12	71542747	99033512	16760	-0.7875
4b7aa468-4b8f-45a2-a072-d774c7a8a1ff	12	99034988	99133837	63	-1.856
4b7aa468-4b8f-45a2-a072-d774c7a8a1ff	12	99137090	99138509	2	-7.1511
4b7aa468-4b8f-45a2-a072-d774c7a8a1ff	12	99138697	99362754	135	-1.7229
4b7aa468-4b8f-45a2-a072-d774c7a8a1ff	12	99364105	110065082	6681	-0.7601
4b7aa468-4b8f-45a2-a072-d774c7a8a1ff	12	110065888	110943233	364	0.2389
4b7aa468-4b8f-45a2-a072-d774c7a8a1ff	12	110943266	110943805	4	-0.8442
4b7aa468-4b8f-45a2-a072-d774c7a8a1ff	12	110943982	111136924	114	0.3105
4b7aa468-4b8f-45a2-a072-d774c7a8a1ff	12	111140764	112136317	371	-0.768
4b7aa468-4b8f-45a2-a072-d774c7a8a1ff	12	112143717	112726622	416	0.2135
4b7aa468-4b8f-45a2-a072-d774c7a8a1ff	12	112726680	122933199	6077	-0.7541
4b7aa468-4b8f-45a2-a072-d774c7a8a1ff	12	122937766	123796611	286	0.8262
4b7aa468-4b8f-45a2-a072-d774c7a8a1ff	12	123801366	124560594	464	-0.7787
4b7aa468-4b8f-45a2-a072-d774c7a8a1ff	12	124570223	132605822	3798	0.299
4b7aa468-4b8f-45a2-a072-d774c7a8a1ff	13	18874255	19992157	383	0.2899
4b7aa468-4b8f-45a2-a072-d774c7a8a1ff	13	19993385	20222664	123	1.2076
4b7aa468-4b8f-45a2-a072-d774c7a8a1ff	13	20536973	30242092	6286	0.2363
4b7aa468-4b8f-45a2-a072-d774c7a8a1ff	13	30245138	35508625	3406	-0.8146
4b7aa468-4b8f-45a2-a072-d774c7a8a1ff	13	35514194	36138914	530	-2.0117
4b7aa468-4b8f-45a2-a072-d774c7a8a1ff	13	36139114	66151131	16140	-0.8168
4b7aa468-4b8f-45a2-a072-d774c7a8a1ff	13	66155242	66365456	127	0.2709
4b7aa468-4b8f-45a2-a072-d774c7a8a1ff	13	66365590	87327318	12446	0.1768
4b7aa468-4b8f-45a2-a072-d774c7a8a1ff	13	87327619	88142324	437	0.2304
4b7aa468-4b8f-45a2-a072-d774c7a8a1ff	13	88142925	90318198	1238	0.3013
4b7aa468-4b8f-45a2-a072-d774c7a8a1ff	13	90320553	108257374	12011	0.2341
4b7aa468-4b8f-45a2-a072-d774c7a8a1ff	13	108260965	108314941	17	-0.9075
4b7aa468-4b8f-45a2-a072-d774c7a8a1ff	13	108315063	109985156	1304	0.2168
4b7aa468-4b8f-45a2-a072-d774c7a8a1ff	13	109987115	113429736	2025	0.2898
4b7aa468-4b8f-45a2-a072-d774c7a8a1ff	13	113430196	114226675	216	0.2301
4b7aa468-4b8f-45a2-a072-d774c7a8a1ff	14	20033191	21568035	869	0.2578
4b7aa468-4b8f-45a2-a072-d774c7a8a1ff	14	21570394	22664303	39	0.8289
4b7aa468-4b8f-45a2-a072-d774c7a8a1ff	14	22664866	31722493	4911	0.2259
4b7aa468-4b8f-45a2-a072-d774c7a8a1ff	14	31726577	31843830	63	-0.6949
4b7aa468-4b8f-45a2-a072-d774c7a8a1ff	14	31843969	33233885	1014	0.2307
4b7aa468-4b8f-45a2-a072-d774c7a8a1ff	14	33237976	33785543	570	0.8463
4b7aa468-4b8f-45a2-a072-d774c7a8a1ff	14	33789339	40266850	3539	0.2242
4b7aa468-4b8f-45a2-a072-d774c7a8a1ff	14	40271562	40292274	17	0.8798
4b7aa468-4b8f-45a2-a072-d774c7a8a1ff	14	40293651	40793223	266	0.2
4b7aa468-4b8f-45a2-a072-d774c7a8a1ff	14	40795384	43290647	1343	0.1498
4b7aa468-4b8f-45a2-a072-d774c7a8a1ff	14	43297290	79812245	21458	0.2355
4b7aa468-4b8f-45a2-a072-d774c7a8a1ff	14	79812549	79877374	52	-0.1364
4b7aa468-4b8f-45a2-a072-d774c7a8a1ff	14	79877401	81995140	1317	0.2188
4b7aa468-4b8f-45a2-a072-d774c7a8a1ff	14	82001341	87363137	3430	0.1606
4b7aa468-4b8f-45a2-a072-d774c7a8a1ff	14	87365502	87366110	2	-2.032
4b7aa468-4b8f-45a2-a072-d774c7a8a1ff	14	87366297	87553664	98	0.149
4b7aa468-4b8f-45a2-a072-d774c7a8a1ff	14	87568479	92181844	2624	0.2206
4b7aa468-4b8f-45a2-a072-d774c7a8a1ff	14	92184204	92697971	396	0.7854
4b7aa468-4b8f-45a2-a072-d774c7a8a1ff	14	92702773	103236494	6858	0.2486
4b7aa468-4b8f-45a2-a072-d774c7a8a1ff	14	103241080	103241443	3	-1.1193
4b7aa468-4b8f-45a2-a072-d774c7a8a1ff	14	103241544	103651877	205	0.211
4b7aa468-4b8f-45a2-a072-d774c7a8a1ff	14	103657537	104161992	197	0.8258
4b7aa468-4b8f-45a2-a072-d774c7a8a1ff	14	104164945	105050934	209	0.2352
4b7aa468-4b8f-45a2-a072-d774c7a8a1ff	14	105051456	105224795	51	0.992
4b7aa468-4b8f-45a2-a072-d774c7a8a1ff	14	105242423	105533894	85	0.1637
4b7aa468-4b8f-45a2-a072-d774c7a8a1ff	15	23437561	39329103	7854	-0.7825
4b7aa468-4b8f-45a2-a072-d774c7a8a1ff	15	39330247	39330254	2	-3.5416
4b7aa468-4b8f-45a2-a072-d774c7a8a1ff	15	39330392	40580926	742	-0.7919
4b7aa468-4b8f-45a2-a072-d774c7a8a1ff	15	40585124	41010565	193	0.2353
4b7aa468-4b8f-45a2-a072-d774c7a8a1ff	15	41013394	41081522	26	0.7838
4b7aa468-4b8f-45a2-a072-d774c7a8a1ff	15	41084321	41328336	94	0.2334
4b7aa468-4b8f-45a2-a072-d774c7a8a1ff	15	41338996	42077350	367	-0.7955
4b7aa468-4b8f-45a2-a072-d774c7a8a1ff	15	42081398	43309723	590	0.2312
4b7aa468-4b8f-45a2-a072-d774c7a8a1ff	15	43310532	50245009	3819	-0.786
4b7aa468-4b8f-45a2-a072-d774c7a8a1ff	15	50247288	64814825	9591	0.2459
4b7aa468-4b8f-45a2-a072-d774c7a8a1ff	15	64815461	64835700	8	-0.6185
4b7aa468-4b8f-45a2-a072-d774c7a8a1ff	15	64843559	75337058	6117	0.2723
4b7aa468-4b8f-45a2-a072-d774c7a8a1ff	15	75341062	76012162	254	0.86
4b7aa468-4b8f-45a2-a072-d774c7a8a1ff	15	76013107	77135496	520	0.2563
4b7aa468-4b8f-45a2-a072-d774c7a8a1ff	15	77138685	77157879	6	-0.5512
4b7aa468-4b8f-45a2-a072-d774c7a8a1ff	15	77158075	82240659	3136	0.2894
4b7aa468-4b8f-45a2-a072-d774c7a8a1ff	15	82244544	82259436	8	-2.1535
4b7aa468-4b8f-45a2-a072-d774c7a8a1ff	15	82260079	87634151	2767	0.2754
4b7aa468-4b8f-45a2-a072-d774c7a8a1ff	15	87637825	87639618	2	-1.8195
4b7aa468-4b8f-45a2-a072-d774c7a8a1ff	15	87640047	89761200	1354	0.2832
4b7aa468-4b8f-45a2-a072-d774c7a8a1ff	15	89761413	90433408	347	0.8144
4b7aa468-4b8f-45a2-a072-d774c7a8a1ff	15	90434101	90434853	3	-0.4186
4b7aa468-4b8f-45a2-a072-d774c7a8a1ff	15	90439524	90537387	62	0.7797
4b7aa468-4b8f-45a2-a072-d774c7a8a1ff	15	90539637	90632907	54	1.1428
4b7aa468-4b8f-45a2-a072-d774c7a8a1ff	15	90639488	91338338	420	0.8299
4b7aa468-4b8f-45a2-a072-d774c7a8a1ff	15	91339144	92549181	1092	0.2889
4b7aa468-4b8f-45a2-a072-d774c7a8a1ff	15	92550919	93106210	364	0.8951
4b7aa468-4b8f-45a2-a072-d774c7a8a1ff	15	93106515	101344124	4757	0.2646
4b7aa468-4b8f-45a2-a072-d774c7a8a1ff	16	603333	836376	32	0.343
4b7aa468-4b8f-45a2-a072-d774c7a8a1ff	16	848328	1085845	66	-0.1468
4b7aa468-4b8f-45a2-a072-d774c7a8a1ff	16	1087526	1201281	8	0.4085
4b7aa468-4b8f-45a2-a072-d774c7a8a1ff	16	1223803	1825765	191	0.8666
4b7aa468-4b8f-45a2-a072-d774c7a8a1ff	16	1830230	4872187	1259	0.2541
4b7aa468-4b8f-45a2-a072-d774c7a8a1ff	16	4872200	27963906	11492	0.317
4b7aa468-4b8f-45a2-a072-d774c7a8a1ff	16	27964490	31841585	941	0.2262
4b7aa468-4b8f-45a2-a072-d774c7a8a1ff	16	46470502	55404892	5926	-0.7362
4b7aa468-4b8f-45a2-a072-d774c7a8a1ff	16	55409075	55417993	12	-2.2431
4b7aa468-4b8f-45a2-a072-d774c7a8a1ff	16	55418103	56653148	815	-0.7268
4b7aa468-4b8f-45a2-a072-d774c7a8a1ff	16	56653726	58165052	851	-0.837
4b7aa468-4b8f-45a2-a072-d774c7a8a1ff	16	58165299	59557884	908	-0.7089
4b7aa468-4b8f-45a2-a072-d774c7a8a1ff	16	59558412	65032061	3427	0.2244
4b7aa468-4b8f-45a2-a072-d774c7a8a1ff	16	65032533	67087076	1410	0.3124
4b7aa468-4b8f-45a2-a072-d774c7a8a1ff	16	67087876	67295424	81	0.2492
4b7aa468-4b8f-45a2-a072-d774c7a8a1ff	16	67301066	67418854	52	-0.1372
4b7aa468-4b8f-45a2-a072-d774c7a8a1ff	16	67425693	67541846	46	0.2619
4b7aa468-4b8f-45a2-a072-d774c7a8a1ff	16	67549919	70212430	1106	-0.7712
4b7aa468-4b8f-45a2-a072-d774c7a8a1ff	16	70212436	70316785	37	0.2539
4b7aa468-4b8f-45a2-a072-d774c7a8a1ff	16	70317526	83293728	9023	-0.7513
4b7aa468-4b8f-45a2-a072-d774c7a8a1ff	16	83293814	83296219	3	-3.6174
4b7aa468-4b8f-45a2-a072-d774c7a8a1ff	16	83296353	89317317	3247	-0.7662
4b7aa468-4b8f-45a2-a072-d774c7a8a1ff	17	1074619	8271575	3421	-0.7666
4b7aa468-4b8f-45a2-a072-d774c7a8a1ff	17	8276126	8599224	181	0.2395
4b7aa468-4b8f-45a2-a072-d774c7a8a1ff	17	8601549	21774057	6054	-0.7432
4b7aa468-4b8f-45a2-a072-d774c7a8a1ff	17	26943491	31440351	1891	0.2398
4b7aa468-4b8f-45a2-a072-d774c7a8a1ff	17	31445136	32245828	409	0.8724
4b7aa468-4b8f-45a2-a072-d774c7a8a1ff	17	32246440	36567187	1869	0.2824
4b7aa468-4b8f-45a2-a072-d774c7a8a1ff	17	36567203	38341114	801	0.5842
4b7aa468-4b8f-45a2-a072-d774c7a8a1ff	17	38343176	38426189	50	1.2879
4b7aa468-4b8f-45a2-a072-d774c7a8a1ff	17	38432884	42101111	1771	0.5824
4b7aa468-4b8f-45a2-a072-d774c7a8a1ff	17	42104480	43186470	519	-0.1852
4b7aa468-4b8f-45a2-a072-d774c7a8a1ff	17	43186631	43612213	115	0.8748
4b7aa468-4b8f-45a2-a072-d774c7a8a1ff	17	43612595	43612928	3	-0.3205
4b7aa468-4b8f-45a2-a072-d774c7a8a1ff	17	43614675	43862070	147	0.8942
4b7aa468-4b8f-45a2-a072-d774c7a8a1ff	17	43862087	44227964	173	-0.1593
4b7aa468-4b8f-45a2-a072-d774c7a8a1ff	17	44231196	44573819	123	0.8393
4b7aa468-4b8f-45a2-a072-d774c7a8a1ff	17	44574578	50348823	2203	-0.1809
4b7aa468-4b8f-45a2-a072-d774c7a8a1ff	17	50351262	50384206	17	1.4127
4b7aa468-4b8f-45a2-a072-d774c7a8a1ff	17	50386302	50407514	15	0.7699
4b7aa468-4b8f-45a2-a072-d774c7a8a1ff	17	50411904	50906414	261	1.4671
4b7aa468-4b8f-45a2-a072-d774c7a8a1ff	17	50907610	56701259	3586	-0.1301
4b7aa468-4b8f-45a2-a072-d774c7a8a1ff	17	56701456	56702120	4	-1.619
4b7aa468-4b8f-45a2-a072-d774c7a8a1ff	17	56703053	58306661	1123	-0.1546
4b7aa468-4b8f-45a2-a072-d774c7a8a1ff	17	58311322	58340330	17	0.8992
4b7aa468-4b8f-45a2-a072-d774c7a8a1ff	17	58345840	59820498	624	-0.2298
4b7aa468-4b8f-45a2-a072-d774c7a8a1ff	17	59836174	60317687	207	0.7765
4b7aa468-4b8f-45a2-a072-d774c7a8a1ff	17	60318531	64220911	1864	-0.1694
4b7aa468-4b8f-45a2-a072-d774c7a8a1ff	17	64221759	64226560	2	-2.64
4b7aa468-4b8f-45a2-a072-d774c7a8a1ff	17	64226762	66824548	1418	-0.1521
4b7aa468-4b8f-45a2-a072-d774c7a8a1ff	17	66825188	66826532	4	-1.7321
4b7aa468-4b8f-45a2-a072-d774c7a8a1ff	17	66829931	67194313	279	-0.1327
4b7aa468-4b8f-45a2-a072-d774c7a8a1ff	17	67196324	67242635	26	-3.9651
4b7aa468-4b8f-45a2-a072-d774c7a8a1ff	17	67252196	75022528	4623	-0.1428
4b7aa468-4b8f-45a2-a072-d774c7a8a1ff	17	75028701	75174339	69	0.5497
4b7aa468-4b8f-45a2-a072-d774c7a8a1ff	17	75185692	75450949	114	0.8192
4b7aa468-4b8f-45a2-a072-d774c7a8a1ff	17	75452850	75518008	28	1.0178
4b7aa468-4b8f-45a2-a072-d774c7a8a1ff	17	75544514	75650632	41	1.3694
4b7aa468-4b8f-45a2-a072-d774c7a8a1ff	17	75651286	75702600	27	0.7433
4b7aa468-4b8f-45a2-a072-d774c7a8a1ff	17	75704503	75976560	93	1.2086
4b7aa468-4b8f-45a2-a072-d774c7a8a1ff	17	75982472	78129961	1039	0.559
4b7aa468-4b8f-45a2-a072-d774c7a8a1ff	17	78130123	78556601	182	1.2589
4b7aa468-4b8f-45a2-a072-d774c7a8a1ff	17	78556796	81364669	1174	0.601
4b7aa468-4b8f-45a2-a072-d774c7a8a1ff	17	81368938	81900044	119	1.0091
4b7aa468-4b8f-45a2-a072-d774c7a8a1ff	17	81916422	82959812	385	0.5647
4b7aa468-4b8f-45a2-a072-d774c7a8a1ff	18	326691	2158046	573	0.2772
4b7aa468-4b8f-45a2-a072-d774c7a8a1ff	18	2162726	2187235	39	0.9153
4b7aa468-4b8f-45a2-a072-d774c7a8a1ff	18	2187377	3269476	568	0.2145
4b7aa468-4b8f-45a2-a072-d774c7a8a1ff	18	3276729	3991503	503	0.871
4b7aa468-4b8f-45a2-a072-d774c7a8a1ff	18	3995715	26065650	9484	0.2548
4b7aa468-4b8f-45a2-a072-d774c7a8a1ff	18	26068430	34366382	5036	0.1743
4b7aa468-4b8f-45a2-a072-d774c7a8a1ff	18	34368665	38542062	2666	0.2432
4b7aa468-4b8f-45a2-a072-d774c7a8a1ff	18	38542756	45036978	3705	0.1836
4b7aa468-4b8f-45a2-a072-d774c7a8a1ff	18	45038240	47538428	1563	0.2687
4b7aa468-4b8f-45a2-a072-d774c7a8a1ff	18	47548917	47555198	8	-0.6638
4b7aa468-4b8f-45a2-a072-d774c7a8a1ff	18	47562700	62256529	9808	0.2278
4b7aa468-4b8f-45a2-a072-d774c7a8a1ff	18	62257477	70366842	4525	0.1754
4b7aa468-4b8f-45a2-a072-d774c7a8a1ff	18	70367160	79349796	4331	0.2422
4b7aa468-4b8f-45a2-a072-d774c7a8a1ff	19	283868	1983477	325	-0.7961
4b7aa468-4b8f-45a2-a072-d774c7a8a1ff	19	1989868	2094639	22	0.0726
4b7aa468-4b8f-45a2-a072-d774c7a8a1ff	19	2106697	2268056	50	-0.9434
4b7aa468-4b8f-45a2-a072-d774c7a8a1ff	19	2283141	2760718	128	0.1907
4b7aa468-4b8f-45a2-a072-d774c7a8a1ff	19	2763225	19835282	7166	-0.7776
4b7aa468-4b8f-45a2-a072-d774c7a8a1ff	19	19836130	21258726	106	0.7718
4b7aa468-4b8f-45a2-a072-d774c7a8a1ff	19	21267711	23872082	1216	0.2508
4b7aa468-4b8f-45a2-a072-d774c7a8a1ff	19	27749470	30793899	2281	0.8792
4b7aa468-4b8f-45a2-a072-d774c7a8a1ff	19	30797211	30797633	2	-1.0309
4b7aa468-4b8f-45a2-a072-d774c7a8a1ff	19	30799692	38552249	4551	0.834
4b7aa468-4b8f-45a2-a072-d774c7a8a1ff	19	38552560	39091645	211	1.2233
4b7aa468-4b8f-45a2-a072-d774c7a8a1ff	19	39092058	44933074	2496	0.8005
4b7aa468-4b8f-45a2-a072-d774c7a8a1ff	19	44943372	45103881	64	1.2064
4b7aa468-4b8f-45a2-a072-d774c7a8a1ff	19	45108596	48536526	1480	0.8066
4b7aa468-4b8f-45a2-a072-d774c7a8a1ff	19	48536546	49348514	254	1.1946
4b7aa468-4b8f-45a2-a072-d774c7a8a1ff	19	49358063	50135241	186	0.7803
4b7aa468-4b8f-45a2-a072-d774c7a8a1ff	19	50135318	50182571	18	1.4713
4b7aa468-4b8f-45a2-a072-d774c7a8a1ff	19	50185560	51756598	828	1.2411
4b7aa468-4b8f-45a2-a072-d774c7a8a1ff	19	51756623	52366799	188	1.515
4b7aa468-4b8f-45a2-a072-d774c7a8a1ff	19	52469597	52616555	68	1.8713
4b7aa468-4b8f-45a2-a072-d774c7a8a1ff	19	52616560	53393380	240	1.574
4b7aa468-4b8f-45a2-a072-d774c7a8a1ff	19	53399440	55171246	541	0.7939
4b7aa468-4b8f-45a2-a072-d774c7a8a1ff	19	55171535	55504430	109	1.2972
4b7aa468-4b8f-45a2-a072-d774c7a8a1ff	19	55505235	58370362	1536	0.8211
4b7aa468-4b8f-45a2-a072-d774c7a8a1ff	20	472817	5737655	3091	0.267
4b7aa468-4b8f-45a2-a072-d774c7a8a1ff	20	5742731	6074371	241	0.8608
4b7aa468-4b8f-45a2-a072-d774c7a8a1ff	20	6074391	9765697	2328	0.285
4b7aa468-4b8f-45a2-a072-d774c7a8a1ff	20	9771760	9782859	27	-0.7163
4b7aa468-4b8f-45a2-a072-d774c7a8a1ff	20	9783421	11512448	1361	0.2526
4b7aa468-4b8f-45a2-a072-d774c7a8a1ff	20	11516431	12044776	351	0.8427
4b7aa468-4b8f-45a2-a072-d774c7a8a1ff	20	12050256	15531907	1899	0.2616
4b7aa468-4b8f-45a2-a072-d774c7a8a1ff	20	15533449	15585886	68	-0.8847
4b7aa468-4b8f-45a2-a072-d774c7a8a1ff	20	15585935	15972221	370	0.2823
4b7aa468-4b8f-45a2-a072-d774c7a8a1ff	20	15976097	16243312	285	0.6346
4b7aa468-4b8f-45a2-a072-d774c7a8a1ff	20	16245255	18007762	1505	0.2965
4b7aa468-4b8f-45a2-a072-d774c7a8a1ff	20	18011642	18544048	375	0.8394
4b7aa468-4b8f-45a2-a072-d774c7a8a1ff	20	18554238	26215627	4990	0.2722
4b7aa468-4b8f-45a2-a072-d774c7a8a1ff	20	26217263	31780510	253	0.8698
4b7aa468-4b8f-45a2-a072-d774c7a8a1ff	20	31781651	33193777	746	0.2813
4b7aa468-4b8f-45a2-a072-d774c7a8a1ff	20	33195167	33248657	44	0.8853
4b7aa468-4b8f-45a2-a072-d774c7a8a1ff	20	33248967	33740927	206	1.2751
4b7aa468-4b8f-45a2-a072-d774c7a8a1ff	20	33743711	33953762	122	0.8423
4b7aa468-4b8f-45a2-a072-d774c7a8a1ff	20	33954910	33990697	23	0.7569
4b7aa468-4b8f-45a2-a072-d774c7a8a1ff	20	33996961	35860685	800	0.2756
4b7aa468-4b8f-45a2-a072-d774c7a8a1ff	20	35860888	37674548	941	0.5295
4b7aa468-4b8f-45a2-a072-d774c7a8a1ff	20	37674643	48663338	7431	0.6003
4b7aa468-4b8f-45a2-a072-d774c7a8a1ff	20	48663554	49479298	488	0.5222
4b7aa468-4b8f-45a2-a072-d774c7a8a1ff	20	49480944	50083114	184	1.2416
4b7aa468-4b8f-45a2-a072-d774c7a8a1ff	20	50083590	51017593	637	0.5393
4b7aa468-4b8f-45a2-a072-d774c7a8a1ff	20	51019576	61968519	8059	0.6342
4b7aa468-4b8f-45a2-a072-d774c7a8a1ff	20	61968536	62803058	376	1.1298
4b7aa468-4b8f-45a2-a072-d774c7a8a1ff	20	62807249	63588502	227	0.6251
4b7aa468-4b8f-45a2-a072-d774c7a8a1ff	21	13974127	16387967	1483	0.2741
4b7aa468-4b8f-45a2-a072-d774c7a8a1ff	21	16388103	17643688	727	0.3769
4b7aa468-4b8f-45a2-a072-d774c7a8a1ff	21	17644710	19268296	1104	0.2902
4b7aa468-4b8f-45a2-a072-d774c7a8a1ff	21	19268404	25047377	3522	0.2032
4b7aa468-4b8f-45a2-a072-d774c7a8a1ff	21	25058010	31436422	4330	0.2827
4b7aa468-4b8f-45a2-a072-d774c7a8a1ff	21	31436743	31643677	139	0.8905
4b7aa468-4b8f-45a2-a072-d774c7a8a1ff	21	31648150	39358530	5234	0.28
4b7aa468-4b8f-45a2-a072-d774c7a8a1ff	21	39359087	41764326	1977	0.3469
4b7aa468-4b8f-45a2-a072-d774c7a8a1ff	21	41765185	43034905	912	0.2648
4b7aa468-4b8f-45a2-a072-d774c7a8a1ff	21	43572694	43970637	221	0.845
4b7aa468-4b8f-45a2-a072-d774c7a8a1ff	21	43971871	46262057	870	0.2801
4b7aa468-4b8f-45a2-a072-d774c7a8a1ff	22	16934932	24312999	1201	-0.7543
4b7aa468-4b8f-45a2-a072-d774c7a8a1ff	22	24315404	24320752	3	-2.3818
4b7aa468-4b8f-45a2-a072-d774c7a8a1ff	22	24320954	24898188	223	-0.7731
4b7aa468-4b8f-45a2-a072-d774c7a8a1ff	22	24904691	24978467	50	0.3362
4b7aa468-4b8f-45a2-a072-d774c7a8a1ff	22	24978536	29993857	3511	-0.7357
4b7aa468-4b8f-45a2-a072-d774c7a8a1ff	22	29997514	30401895	235	0.2632
4b7aa468-4b8f-45a2-a072-d774c7a8a1ff	22	30404349	33931720	2469	-0.7552
4b7aa468-4b8f-45a2-a072-d774c7a8a1ff	22	33932462	33933337	2	-4.435
4b7aa468-4b8f-45a2-a072-d774c7a8a1ff	22	33933679	41562858	4267	-0.7793
4b7aa468-4b8f-45a2-a072-d774c7a8a1ff	22	41583967	41979300	195	0.2481
4b7aa468-4b8f-45a2-a072-d774c7a8a1ff	22	41982569	44179093	1309	-0.7447
4b7aa468-4b8f-45a2-a072-d774c7a8a1ff	22	44183620	44191762	9	0.4789
4b7aa468-4b8f-45a2-a072-d774c7a8a1ff	22	44193485	46315536	1428	-0.7203
4b7aa468-4b8f-45a2-a072-d774c7a8a1ff	22	46320086	47061511	496	0.3377
4b7aa468-4b8f-45a2-a072-d774c7a8a1ff	22	47064787	48940621	1528	-0.7279
4b7aa468-4b8f-45a2-a072-d774c7a8a1ff	X	3236359	31776231	13009	0.0189
4b7aa468-4b8f-45a2-a072-d774c7a8a1ff	X	31777247	32067553	217	-1.0835
4b7aa468-4b8f-45a2-a072-d774c7a8a1ff	X	32067782	32799870	499	0.0602
4b7aa468-4b8f-45a2-a072-d774c7a8a1ff	X	32800471	32935575	122	-0.4536
4b7aa468-4b8f-45a2-a072-d774c7a8a1ff	X	32941544	67929807	11866	0.0095
4b7aa468-4b8f-45a2-a072-d774c7a8a1ff	X	67930700	69656604	888	0.0897
4b7aa468-4b8f-45a2-a072-d774c7a8a1ff	X	69658414	85829709	5981	0.0104
4b7aa468-4b8f-45a2-a072-d774c7a8a1ff	X	85829920	96425931	3779	-0.0485
4b7aa468-4b8f-45a2-a072-d774c7a8a1ff	X	96430479	96451421	18	0.5999
4b7aa468-4b8f-45a2-a072-d774c7a8a1ff	X	96458149	99914702	1881	-0.032
4b7aa468-4b8f-45a2-a072-d774c7a8a1ff	X	99915872	123252446	10998	0.0034
4b7aa468-4b8f-45a2-a072-d774c7a8a1ff	X	123253791	123435523	132	-0.4383
4b7aa468-4b8f-45a2-a072-d774c7a8a1ff	X	123435548	130334697	3312	-0.0076
4b7aa468-4b8f-45a2-a072-d774c7a8a1ff	X	130336577	137199813	2781	0.0494
4b7aa468-4b8f-45a2-a072-d774c7a8a1ff	X	137200158	149943430	6355	-0.0023
4b7aa468-4b8f-45a2-a072-d774c7a8a1ff	X	149951547	150272496	181	0.6708
4b7aa468-4b8f-45a2-a072-d774c7a8a1ff	X	150277008	155677414	1771	0.0397
