GDC_Aliquot	Chromosome	Start	End	Num_Probes	Segment_Mean
8f1e78c7-d264-4497-bba0-0999e6dcd2c4	1	3301765	7819070	2919	0.2287
8f1e78c7-d264-4497-bba0-0999e6dcd2c4	1	7819173	11178006	1586	0.1843
8f1e78c7-d264-4497-bba0-0999e6dcd2c4	1	11178359	14377945	1569	0.2424
8f1e78c7-d264-4497-bba0-0999e6dcd2c4	1	14378106	14506152	116	-0.1157
8f1e78c7-d264-4497-bba0-0999e6dcd2c4	1	14511210	15297670	610	0.2583
8f1e78c7-d264-4497-bba0-0999e6dcd2c4	1	15302806	26467917	5933	0.313
8f1e78c7-d264-4497-bba0-0999e6dcd2c4	1	26468621	26946353	137	0.2079
8f1e78c7-d264-4497-bba0-0999e6dcd2c4	1	26946373	29425071	960	-0.0987
8f1e78c7-d264-4497-bba0-0999e6dcd2c4	1	29425113	34808034	3134	-0.0385
8f1e78c7-d264-4497-bba0-0999e6dcd2c4	1	34808276	35326673	222	-0.1062
8f1e78c7-d264-4497-bba0-0999e6dcd2c4	1	35326835	36990619	864	-0.5784
8f1e78c7-d264-4497-bba0-0999e6dcd2c4	1	37003475	47500646	5542	-0.0604
8f1e78c7-d264-4497-bba0-0999e6dcd2c4	1	47501028	48208073	553	-0.0076
8f1e78c7-d264-4497-bba0-0999e6dcd2c4	1	48208216	48208264	2	-1.4581
8f1e78c7-d264-4497-bba0-0999e6dcd2c4	1	48208392	51131249	1343	-0.0011
8f1e78c7-d264-4497-bba0-0999e6dcd2c4	1	51135580	51199331	29	0.3461
8f1e78c7-d264-4497-bba0-0999e6dcd2c4	1	51203084	51277212	30	-0.0154
8f1e78c7-d264-4497-bba0-0999e6dcd2c4	1	51280383	53592799	1222	-0.0549
8f1e78c7-d264-4497-bba0-0999e6dcd2c4	1	53593633	60587907	5016	0.1291
8f1e78c7-d264-4497-bba0-0999e6dcd2c4	1	60593429	60597975	6	-0.7023
8f1e78c7-d264-4497-bba0-0999e6dcd2c4	1	60600727	69345301	6107	0.1134
8f1e78c7-d264-4497-bba0-0999e6dcd2c4	1	69355319	77376996	4492	-0.0485
8f1e78c7-d264-4497-bba0-0999e6dcd2c4	1	77377176	77466481	67	0.3043
8f1e78c7-d264-4497-bba0-0999e6dcd2c4	1	77466932	119984772	25376	-0.0437
8f1e78c7-d264-4497-bba0-0999e6dcd2c4	1	146716041	151977814	833	0.5376
8f1e78c7-d264-4497-bba0-0999e6dcd2c4	1	151979060	152211075	128	0.0335
8f1e78c7-d264-4497-bba0-0999e6dcd2c4	1	152211122	152211673	3	-0.7716
8f1e78c7-d264-4497-bba0-0999e6dcd2c4	1	152230794	152494491	132	0.0518
8f1e78c7-d264-4497-bba0-0999e6dcd2c4	1	152495537	153499809	642	0.6198
8f1e78c7-d264-4497-bba0-0999e6dcd2c4	1	153504815	154402801	348	0.4786
8f1e78c7-d264-4497-bba0-0999e6dcd2c4	1	154403762	154441262	20	0.6559
8f1e78c7-d264-4497-bba0-0999e6dcd2c4	1	154446403	154524853	40	0.9443
8f1e78c7-d264-4497-bba0-0999e6dcd2c4	1	154529010	155353390	438	0.5402
8f1e78c7-d264-4497-bba0-0999e6dcd2c4	1	155356825	157304359	913	0.3129
8f1e78c7-d264-4497-bba0-0999e6dcd2c4	1	157304447	160200941	1926	0.3835
8f1e78c7-d264-4497-bba0-0999e6dcd2c4	1	160202394	161945905	925	0.342
8f1e78c7-d264-4497-bba0-0999e6dcd2c4	1	161954620	165857361	3118	0.4608
8f1e78c7-d264-4497-bba0-0999e6dcd2c4	1	165857984	166503626	473	0.1042
8f1e78c7-d264-4497-bba0-0999e6dcd2c4	1	166504609	167595424	832	0.4659
8f1e78c7-d264-4497-bba0-0999e6dcd2c4	1	167599204	168943362	979	0.7022
8f1e78c7-d264-4497-bba0-0999e6dcd2c4	1	168946390	169012977	70	0.4597
8f1e78c7-d264-4497-bba0-0999e6dcd2c4	1	169013625	169115853	67	0.1665
8f1e78c7-d264-4497-bba0-0999e6dcd2c4	1	169115881	169447081	213	0.4976
8f1e78c7-d264-4497-bba0-0999e6dcd2c4	1	169447597	169628197	158	0.1312
8f1e78c7-d264-4497-bba0-0999e6dcd2c4	1	169640827	171326666	1141	0.479
8f1e78c7-d264-4497-bba0-0999e6dcd2c4	1	171327623	171331032	4	1.3176
8f1e78c7-d264-4497-bba0-0999e6dcd2c4	1	171331209	171424661	43	0.5671
8f1e78c7-d264-4497-bba0-0999e6dcd2c4	1	171424687	171610884	120	0.3405
8f1e78c7-d264-4497-bba0-0999e6dcd2c4	1	171613217	173557830	1277	0.4593
8f1e78c7-d264-4497-bba0-0999e6dcd2c4	1	173560714	173804131	124	0.0923
8f1e78c7-d264-4497-bba0-0999e6dcd2c4	1	173810247	178300529	2397	0.4658
8f1e78c7-d264-4497-bba0-0999e6dcd2c4	1	178300688	179862113	1049	0.109
8f1e78c7-d264-4497-bba0-0999e6dcd2c4	1	179864105	203397919	14300	-0.4454
8f1e78c7-d264-4497-bba0-0999e6dcd2c4	1	203399089	207837729	2715	0.0186
8f1e78c7-d264-4497-bba0-0999e6dcd2c4	1	207839031	210817195	2347	0.0651
8f1e78c7-d264-4497-bba0-0999e6dcd2c4	1	210818448	211941727	649	0.0095
8f1e78c7-d264-4497-bba0-0999e6dcd2c4	1	211943260	211945396	2	-1.3175
8f1e78c7-d264-4497-bba0-0999e6dcd2c4	1	211945753	213374934	849	0.013
8f1e78c7-d264-4497-bba0-0999e6dcd2c4	1	213375446	218298041	3473	0.0635
8f1e78c7-d264-4497-bba0-0999e6dcd2c4	1	218298555	227425168	5588	0.0304
8f1e78c7-d264-4497-bba0-0999e6dcd2c4	1	227427635	229487591	1031	-0.4294
8f1e78c7-d264-4497-bba0-0999e6dcd2c4	1	229488330	232606280	2183	0.0406
8f1e78c7-d264-4497-bba0-0999e6dcd2c4	1	232606385	232978889	254	0.3865
8f1e78c7-d264-4497-bba0-0999e6dcd2c4	1	232979306	234187431	1008	1.1855
8f1e78c7-d264-4497-bba0-0999e6dcd2c4	1	234188375	234317163	109	1.011
8f1e78c7-d264-4497-bba0-0999e6dcd2c4	1	234317300	234945170	458	1.2446
8f1e78c7-d264-4497-bba0-0999e6dcd2c4	1	234948296	236512001	820	1.3591
8f1e78c7-d264-4497-bba0-0999e6dcd2c4	1	236512669	239684931	2505	0.0086
8f1e78c7-d264-4497-bba0-0999e6dcd2c4	1	239686309	239761701	57	-0.5051
8f1e78c7-d264-4497-bba0-0999e6dcd2c4	1	239762639	247650984	4530	0.0053
8f1e78c7-d264-4497-bba0-0999e6dcd2c4	2	480597	17349214	10902	0.7633
8f1e78c7-d264-4497-bba0-0999e6dcd2c4	2	17349740	18573583	877	1.0056
8f1e78c7-d264-4497-bba0-0999e6dcd2c4	2	18579524	19303587	505	0.8665
8f1e78c7-d264-4497-bba0-0999e6dcd2c4	2	19304084	19914184	525	1.0619
8f1e78c7-d264-4497-bba0-0999e6dcd2c4	2	19915168	19928118	4	0.1908
8f1e78c7-d264-4497-bba0-0999e6dcd2c4	2	19929991	22440108	1422	1.0433
8f1e78c7-d264-4497-bba0-0999e6dcd2c4	2	22440294	24974561	1483	0.813
8f1e78c7-d264-4497-bba0-0999e6dcd2c4	2	24977545	27871403	1284	0.747
8f1e78c7-d264-4497-bba0-0999e6dcd2c4	2	27876530	55978689	15915	0.803
8f1e78c7-d264-4497-bba0-0999e6dcd2c4	2	55980613	60359526	2690	0.8469
8f1e78c7-d264-4497-bba0-0999e6dcd2c4	2	60359572	71999562	6854	0.8071
8f1e78c7-d264-4497-bba0-0999e6dcd2c4	2	72006476	79716982	3735	0.5799
8f1e78c7-d264-4497-bba0-0999e6dcd2c4	2	79718985	81041873	963	0.804
8f1e78c7-d264-4497-bba0-0999e6dcd2c4	2	81048390	94675975	3441	0.5599
8f1e78c7-d264-4497-bba0-0999e6dcd2c4	2	94680914	94895864	65	0.2315
8f1e78c7-d264-4497-bba0-0999e6dcd2c4	2	94907229	97921970	731	0.5267
8f1e78c7-d264-4497-bba0-0999e6dcd2c4	2	97924456	100930088	1786	0.3245
8f1e78c7-d264-4497-bba0-0999e6dcd2c4	2	100930197	105683524	2981	0.5558
8f1e78c7-d264-4497-bba0-0999e6dcd2c4	2	105686717	105709102	25	0.719
8f1e78c7-d264-4497-bba0-0999e6dcd2c4	2	105713326	105951893	183	0.2467
8f1e78c7-d264-4497-bba0-0999e6dcd2c4	2	105952001	107794912	1049	0.3212
8f1e78c7-d264-4497-bba0-0999e6dcd2c4	2	107795343	116109346	3824	0.227
8f1e78c7-d264-4497-bba0-0999e6dcd2c4	2	116111863	127671242	5833	-0.1754
8f1e78c7-d264-4497-bba0-0999e6dcd2c4	2	127672213	130004164	1492	0.3826
8f1e78c7-d264-4497-bba0-0999e6dcd2c4	2	130450544	131582022	254	-0.1648
8f1e78c7-d264-4497-bba0-0999e6dcd2c4	2	131582223	131608537	15	0.2214
8f1e78c7-d264-4497-bba0-0999e6dcd2c4	2	131608712	131945704	121	-0.1412
8f1e78c7-d264-4497-bba0-0999e6dcd2c4	2	132603497	132657921	47	0.1745
8f1e78c7-d264-4497-bba0-0999e6dcd2c4	2	132660778	135001384	1597	0.2794
8f1e78c7-d264-4497-bba0-0999e6dcd2c4	2	135001731	135644786	248	0.1892
8f1e78c7-d264-4497-bba0-0999e6dcd2c4	2	135645218	146269750	5978	-0.1695
8f1e78c7-d264-4497-bba0-0999e6dcd2c4	2	146270794	150310682	2183	0.5563
8f1e78c7-d264-4497-bba0-0999e6dcd2c4	2	150318136	152701880	1656	0.6254
8f1e78c7-d264-4497-bba0-0999e6dcd2c4	2	152702099	152740405	13	0.4243
8f1e78c7-d264-4497-bba0-0999e6dcd2c4	2	152743235	156443433	2018	0.8865
8f1e78c7-d264-4497-bba0-0999e6dcd2c4	2	156445381	159072564	1489	1.3732
8f1e78c7-d264-4497-bba0-0999e6dcd2c4	2	159072919	159237171	122	0.8489
8f1e78c7-d264-4497-bba0-0999e6dcd2c4	2	159238249	161349092	1316	1.3669
8f1e78c7-d264-4497-bba0-0999e6dcd2c4	2	161352267	161353861	7	0.283
8f1e78c7-d264-4497-bba0-0999e6dcd2c4	2	161358501	161905449	233	1.3539
8f1e78c7-d264-4497-bba0-0999e6dcd2c4	2	161908079	162471366	302	0.903
8f1e78c7-d264-4497-bba0-0999e6dcd2c4	2	162471519	162875346	207	1.3847
8f1e78c7-d264-4497-bba0-0999e6dcd2c4	2	162875899	163446457	288	0.8859
8f1e78c7-d264-4497-bba0-0999e6dcd2c4	2	163448520	163448902	5	0.1168
8f1e78c7-d264-4497-bba0-0999e6dcd2c4	2	163454367	164346621	528	0.8959
8f1e78c7-d264-4497-bba0-0999e6dcd2c4	2	164351252	164535858	82	1.2568
8f1e78c7-d264-4497-bba0-0999e6dcd2c4	2	164539469	167247468	1570	0.8955
8f1e78c7-d264-4497-bba0-0999e6dcd2c4	2	167251896	167864347	354	-0.0128
8f1e78c7-d264-4497-bba0-0999e6dcd2c4	2	167873472	168108201	166	0.8756
8f1e78c7-d264-4497-bba0-0999e6dcd2c4	2	168108781	168171045	49	0.654
8f1e78c7-d264-4497-bba0-0999e6dcd2c4	2	168171357	168880599	535	1.0732
8f1e78c7-d264-4497-bba0-0999e6dcd2c4	2	168880624	168881052	5	0.3093
8f1e78c7-d264-4497-bba0-0999e6dcd2c4	2	168881161	170231357	823	1.0605
8f1e78c7-d264-4497-bba0-0999e6dcd2c4	2	170234922	170249278	9	1.8857
8f1e78c7-d264-4497-bba0-0999e6dcd2c4	2	170250306	170255264	4	1.5469
8f1e78c7-d264-4497-bba0-0999e6dcd2c4	2	170260307	176355316	3761	-0.0207
8f1e78c7-d264-4497-bba0-0999e6dcd2c4	2	176356773	178662401	1504	0.4569
8f1e78c7-d264-4497-bba0-0999e6dcd2c4	2	178662913	179159440	283	-0.0164
8f1e78c7-d264-4497-bba0-0999e6dcd2c4	2	179163046	179163158	2	-1.2671
8f1e78c7-d264-4497-bba0-0999e6dcd2c4	2	179167696	180612931	961	-0.0141
8f1e78c7-d264-4497-bba0-0999e6dcd2c4	2	180613117	180833632	138	0.2265
8f1e78c7-d264-4497-bba0-0999e6dcd2c4	2	180843518	182188931	796	-0.0378
8f1e78c7-d264-4497-bba0-0999e6dcd2c4	2	182190268	182252461	33	0.4754
8f1e78c7-d264-4497-bba0-0999e6dcd2c4	2	182252877	186024241	1551	-0.0374
8f1e78c7-d264-4497-bba0-0999e6dcd2c4	2	186024533	217173296	17091	-0.4395
8f1e78c7-d264-4497-bba0-0999e6dcd2c4	2	217174045	230213930	8075	-0.5519
8f1e78c7-d264-4497-bba0-0999e6dcd2c4	2	230214061	236191901	3468	-0.6126
8f1e78c7-d264-4497-bba0-0999e6dcd2c4	2	236192027	236202360	10	-4.8467
8f1e78c7-d264-4497-bba0-0999e6dcd2c4	2	236202634	241537572	3115	-0.6493
8f1e78c7-d264-4497-bba0-0999e6dcd2c4	3	2170634	9105865	4065	0.4202
8f1e78c7-d264-4497-bba0-0999e6dcd2c4	3	9107415	13999457	3089	0.38
8f1e78c7-d264-4497-bba0-0999e6dcd2c4	3	14001974	14212447	126	0.4594
8f1e78c7-d264-4497-bba0-0999e6dcd2c4	3	14212714	17871086	2305	0.3372
8f1e78c7-d264-4497-bba0-0999e6dcd2c4	3	17871460	21654329	2010	0.3678
8f1e78c7-d264-4497-bba0-0999e6dcd2c4	3	21656714	30675339	5358	0.321
8f1e78c7-d264-4497-bba0-0999e6dcd2c4	3	30675914	40464395	6061	0.0076
8f1e78c7-d264-4497-bba0-0999e6dcd2c4	3	40465571	41326183	650	-0.4943
8f1e78c7-d264-4497-bba0-0999e6dcd2c4	3	41326742	42447548	474	-0.5188
8f1e78c7-d264-4497-bba0-0999e6dcd2c4	3	42449891	42465480	13	-1.4913
8f1e78c7-d264-4497-bba0-0999e6dcd2c4	3	42473356	55524224	6742	-0.5525
8f1e78c7-d264-4497-bba0-0999e6dcd2c4	3	55525008	61952231	3173	-0.4429
8f1e78c7-d264-4497-bba0-0999e6dcd2c4	3	61952497	62636592	577	-1.2534
8f1e78c7-d264-4497-bba0-0999e6dcd2c4	3	62639126	62639491	2	-6.8538
8f1e78c7-d264-4497-bba0-0999e6dcd2c4	3	62640416	63653948	767	-1.2486
8f1e78c7-d264-4497-bba0-0999e6dcd2c4	3	63654324	63655054	3	-4.6968
8f1e78c7-d264-4497-bba0-0999e6dcd2c4	3	63655311	66402137	2119	-1.2376
8f1e78c7-d264-4497-bba0-0999e6dcd2c4	3	66402493	66403217	2	-6.9771
8f1e78c7-d264-4497-bba0-0999e6dcd2c4	3	66403347	74278684	5496	-1.2937
8f1e78c7-d264-4497-bba0-0999e6dcd2c4	3	74279081	78088633	1825	-0.4565
8f1e78c7-d264-4497-bba0-0999e6dcd2c4	3	78096590	80661304	1413	0.0304
8f1e78c7-d264-4497-bba0-0999e6dcd2c4	3	80662198	82887017	1197	0.3406
8f1e78c7-d264-4497-bba0-0999e6dcd2c4	3	82887415	90253698	3451	0.1237
8f1e78c7-d264-4497-bba0-0999e6dcd2c4	3	90258522	97230485	1620	0.0442
8f1e78c7-d264-4497-bba0-0999e6dcd2c4	3	97230795	97728760	239	0.1356
8f1e78c7-d264-4497-bba0-0999e6dcd2c4	3	97729230	98251224	299	0.3241
8f1e78c7-d264-4497-bba0-0999e6dcd2c4	3	98252873	101669771	1792	0.4991
8f1e78c7-d264-4497-bba0-0999e6dcd2c4	3	101670349	102891084	607	0.2327
8f1e78c7-d264-4497-bba0-0999e6dcd2c4	3	102891851	104431418	871	-0.036
8f1e78c7-d264-4497-bba0-0999e6dcd2c4	3	104431556	107487649	1844	0.3427
8f1e78c7-d264-4497-bba0-0999e6dcd2c4	3	107487955	111550389	2135	0.5368
8f1e78c7-d264-4497-bba0-0999e6dcd2c4	3	111550702	117060601	3462	0.2065
8f1e78c7-d264-4497-bba0-0999e6dcd2c4	3	117061089	117085211	33	0.5069
8f1e78c7-d264-4497-bba0-0999e6dcd2c4	3	117092325	117159427	61	0.2076
8f1e78c7-d264-4497-bba0-0999e6dcd2c4	3	117160281	117161837	5	-0.6924
8f1e78c7-d264-4497-bba0-0999e6dcd2c4	3	117162867	117286094	95	0.2392
8f1e78c7-d264-4497-bba0-0999e6dcd2c4	3	117293507	119171031	1139	0.5407
8f1e78c7-d264-4497-bba0-0999e6dcd2c4	3	119171760	130412340	6220	0.1938
8f1e78c7-d264-4497-bba0-0999e6dcd2c4	3	130413358	130413787	3	-1.2637
8f1e78c7-d264-4497-bba0-0999e6dcd2c4	3	130415719	143104264	7174	0.211
8f1e78c7-d264-4497-bba0-0999e6dcd2c4	3	143106551	148042919	2180	-0.1433
8f1e78c7-d264-4497-bba0-0999e6dcd2c4	3	148048492	176731293	14876	0.2134
8f1e78c7-d264-4497-bba0-0999e6dcd2c4	3	176732068	178914177	1101	0.5175
8f1e78c7-d264-4497-bba0-0999e6dcd2c4	3	178920193	179210387	197	1.0329
8f1e78c7-d264-4497-bba0-0999e6dcd2c4	3	179211755	179249460	86	0.8035
8f1e78c7-d264-4497-bba0-0999e6dcd2c4	3	179250872	179963848	431	1.0382
8f1e78c7-d264-4497-bba0-0999e6dcd2c4	3	179969450	181404262	698	0.1869
8f1e78c7-d264-4497-bba0-0999e6dcd2c4	3	181404435	183142801	922	0.4634
8f1e78c7-d264-4497-bba0-0999e6dcd2c4	3	183143565	187080640	1904	0.4202
8f1e78c7-d264-4497-bba0-0999e6dcd2c4	3	187081083	188515648	1020	0.4788
8f1e78c7-d264-4497-bba0-0999e6dcd2c4	3	188517933	188615064	71	-0.1235
8f1e78c7-d264-4497-bba0-0999e6dcd2c4	3	188619560	195265495	4094	0.4735
8f1e78c7-d264-4497-bba0-0999e6dcd2c4	3	195268144	197812401	507	0.3908
8f1e78c7-d264-4497-bba0-0999e6dcd2c4	4	1059384	7318128	3463	0.3751
8f1e78c7-d264-4497-bba0-0999e6dcd2c4	4	7318596	23165018	10238	0.4272
8f1e78c7-d264-4497-bba0-0999e6dcd2c4	4	23171823	26406508	2218	0.2358
8f1e78c7-d264-4497-bba0-0999e6dcd2c4	4	26407604	26485926	75	-0.2117
8f1e78c7-d264-4497-bba0-0999e6dcd2c4	4	26490146	45701121	11060	0.2264
8f1e78c7-d264-4497-bba0-0999e6dcd2c4	4	45715787	45745157	17	-0.5493
8f1e78c7-d264-4497-bba0-0999e6dcd2c4	4	45746701	53728877	2295	0.285
8f1e78c7-d264-4497-bba0-0999e6dcd2c4	4	53732620	53735184	5	-0.698
8f1e78c7-d264-4497-bba0-0999e6dcd2c4	4	53745277	54716309	870	0.2694
8f1e78c7-d264-4497-bba0-0999e6dcd2c4	4	54717935	54855789	114	0.3348
8f1e78c7-d264-4497-bba0-0999e6dcd2c4	4	54855915	68339321	7496	-0.1134
8f1e78c7-d264-4497-bba0-0999e6dcd2c4	4	69452478	72087138	1394	0.0388
8f1e78c7-d264-4497-bba0-0999e6dcd2c4	4	72095172	72750083	378	0.2969
8f1e78c7-d264-4497-bba0-0999e6dcd2c4	4	72750239	73337384	336	0.2111
8f1e78c7-d264-4497-bba0-0999e6dcd2c4	4	73337415	75325819	1216	0.3332
8f1e78c7-d264-4497-bba0-0999e6dcd2c4	4	75325922	76138268	490	0.1523
8f1e78c7-d264-4497-bba0-0999e6dcd2c4	4	76141015	78237689	1369	0.3577
8f1e78c7-d264-4497-bba0-0999e6dcd2c4	4	78238578	78284472	28	0.0735
8f1e78c7-d264-4497-bba0-0999e6dcd2c4	4	78287961	78301214	17	-0.467
8f1e78c7-d264-4497-bba0-0999e6dcd2c4	4	78308281	78762413	342	0.06
8f1e78c7-d264-4497-bba0-0999e6dcd2c4	4	78767847	90490085	6870	-0.0926
8f1e78c7-d264-4497-bba0-0999e6dcd2c4	4	90503866	90529082	13	-0.6621
8f1e78c7-d264-4497-bba0-0999e6dcd2c4	4	90532782	105557018	8185	-0.0921
8f1e78c7-d264-4497-bba0-0999e6dcd2c4	4	105557092	105567506	19	-0.6328
8f1e78c7-d264-4497-bba0-0999e6dcd2c4	4	105567593	110982069	3082	-0.1062
8f1e78c7-d264-4497-bba0-0999e6dcd2c4	4	110984926	112988203	1089	-0.1666
8f1e78c7-d264-4497-bba0-0999e6dcd2c4	4	112988363	113700674	522	-0.1142
8f1e78c7-d264-4497-bba0-0999e6dcd2c4	4	113701152	126671668	7320	-0.5384
8f1e78c7-d264-4497-bba0-0999e6dcd2c4	4	126676176	128448718	773	0.1928
8f1e78c7-d264-4497-bba0-0999e6dcd2c4	4	128449613	175223422	25443	-0.5345
8f1e78c7-d264-4497-bba0-0999e6dcd2c4	4	175223827	187842528	6124	-1.4542
8f1e78c7-d264-4497-bba0-0999e6dcd2c4	5	913983	7546281	4735	0.7752
8f1e78c7-d264-4497-bba0-0999e6dcd2c4	5	7546298	13723544	3992	0.8219
8f1e78c7-d264-4497-bba0-0999e6dcd2c4	5	13723634	15309982	1175	0.9604
8f1e78c7-d264-4497-bba0-0999e6dcd2c4	5	15310015	15331291	21	0.8037
8f1e78c7-d264-4497-bba0-0999e6dcd2c4	5	15332460	15333229	8	0.1073
8f1e78c7-d264-4497-bba0-0999e6dcd2c4	5	15333744	15361869	17	0.9413
8f1e78c7-d264-4497-bba0-0999e6dcd2c4	5	16048599	20590414	2375	0.4846
8f1e78c7-d264-4497-bba0-0999e6dcd2c4	5	20590965	21903926	580	0.7006
8f1e78c7-d264-4497-bba0-0999e6dcd2c4	5	21904417	21929015	26	1.1406
8f1e78c7-d264-4497-bba0-0999e6dcd2c4	5	21929812	21990005	17	0.8049
8f1e78c7-d264-4497-bba0-0999e6dcd2c4	5	21993191	22083611	46	1.1997
8f1e78c7-d264-4497-bba0-0999e6dcd2c4	5	22089198	22477542	161	0.8952
8f1e78c7-d264-4497-bba0-0999e6dcd2c4	5	22478953	23748760	766	1.0453
8f1e78c7-d264-4497-bba0-0999e6dcd2c4	5	23750000	31306611	4182	0.8261
8f1e78c7-d264-4497-bba0-0999e6dcd2c4	5	31307678	33106632	1272	1.0225
8f1e78c7-d264-4497-bba0-0999e6dcd2c4	5	33107855	33808942	449	0.8609
8f1e78c7-d264-4497-bba0-0999e6dcd2c4	5	33809041	36977379	1606	1.0762
8f1e78c7-d264-4497-bba0-0999e6dcd2c4	5	36982546	37439445	172	0.8086
8f1e78c7-d264-4497-bba0-0999e6dcd2c4	5	37651330	40486794	1996	0.64
8f1e78c7-d264-4497-bba0-0999e6dcd2c4	5	40489109	41405302	583	0.573
8f1e78c7-d264-4497-bba0-0999e6dcd2c4	5	41406371	41555056	90	0.6521
8f1e78c7-d264-4497-bba0-0999e6dcd2c4	5	41583177	45378354	1758	0.3288
8f1e78c7-d264-4497-bba0-0999e6dcd2c4	5	45383300	50909080	54	0.8806
8f1e78c7-d264-4497-bba0-0999e6dcd2c4	5	50913827	51069217	108	0.64
8f1e78c7-d264-4497-bba0-0999e6dcd2c4	5	51075695	51340606	138	0.8452
8f1e78c7-d264-4497-bba0-0999e6dcd2c4	5	51341336	51754288	185	0.6367
8f1e78c7-d264-4497-bba0-0999e6dcd2c4	5	51755332	52432551	360	0.3726
8f1e78c7-d264-4497-bba0-0999e6dcd2c4	5	52436828	52496493	31	-0.4862
8f1e78c7-d264-4497-bba0-0999e6dcd2c4	5	52497148	52500080	2	-2.5241
8f1e78c7-d264-4497-bba0-0999e6dcd2c4	5	52500127	64517569	7086	-0.5529
8f1e78c7-d264-4497-bba0-0999e6dcd2c4	5	64519500	64792362	199	0.6261
8f1e78c7-d264-4497-bba0-0999e6dcd2c4	5	64794740	65160103	188	0.3539
8f1e78c7-d264-4497-bba0-0999e6dcd2c4	5	65171943	65272613	59	-0.5738
8f1e78c7-d264-4497-bba0-0999e6dcd2c4	5	65273139	65654057	197	0.6573
8f1e78c7-d264-4497-bba0-0999e6dcd2c4	5	65659068	83069979	9559	-0.5643
8f1e78c7-d264-4497-bba0-0999e6dcd2c4	5	83076786	83403018	169	-1.4082
8f1e78c7-d264-4497-bba0-0999e6dcd2c4	5	83404862	87836345	2271	-0.5534
8f1e78c7-d264-4497-bba0-0999e6dcd2c4	5	87841104	91785021	2049	-0.0427
8f1e78c7-d264-4497-bba0-0999e6dcd2c4	5	91787870	141098721	26937	-0.5532
8f1e78c7-d264-4497-bba0-0999e6dcd2c4	5	141099521	141100392	4	-4.0703
8f1e78c7-d264-4497-bba0-0999e6dcd2c4	5	141105446	153352105	7886	-0.5588
8f1e78c7-d264-4497-bba0-0999e6dcd2c4	5	153352887	153354708	3	-2.4743
8f1e78c7-d264-4497-bba0-0999e6dcd2c4	5	153357066	180934240	16935	-0.5756
8f1e78c7-d264-4497-bba0-0999e6dcd2c4	6	1011760	1514417	467	0.9509
8f1e78c7-d264-4497-bba0-0999e6dcd2c4	6	1514564	3003146	1075	0.5522
8f1e78c7-d264-4497-bba0-0999e6dcd2c4	6	3003216	3015516	15	0.1589
8f1e78c7-d264-4497-bba0-0999e6dcd2c4	6	3015631	3430205	244	0.5556
8f1e78c7-d264-4497-bba0-0999e6dcd2c4	6	3434008	5137685	1160	0.2525
8f1e78c7-d264-4497-bba0-0999e6dcd2c4	6	5141277	8175229	2352	0.5665
8f1e78c7-d264-4497-bba0-0999e6dcd2c4	6	8175810	11323963	1978	0.2938
8f1e78c7-d264-4497-bba0-0999e6dcd2c4	6	11324845	12075446	622	1.2052
8f1e78c7-d264-4497-bba0-0999e6dcd2c4	6	12075696	13672593	1256	1.3342
8f1e78c7-d264-4497-bba0-0999e6dcd2c4	6	13678685	14398211	477	1.0021
8f1e78c7-d264-4497-bba0-0999e6dcd2c4	6	14398852	15299150	625	1.2488
8f1e78c7-d264-4497-bba0-0999e6dcd2c4	6	15301841	16899212	1076	1.4209
8f1e78c7-d264-4497-bba0-0999e6dcd2c4	6	16899547	18224984	736	1.5692
8f1e78c7-d264-4497-bba0-0999e6dcd2c4	6	18225023	18234304	12	0.7851
8f1e78c7-d264-4497-bba0-0999e6dcd2c4	6	18237430	18398200	130	1.4306
8f1e78c7-d264-4497-bba0-0999e6dcd2c4	6	18401150	18777122	318	0.27
8f1e78c7-d264-4497-bba0-0999e6dcd2c4	6	18781788	19637176	623	1.4602
8f1e78c7-d264-4497-bba0-0999e6dcd2c4	6	19640208	20535099	657	1.8668
8f1e78c7-d264-4497-bba0-0999e6dcd2c4	6	20535465	20599130	44	1.5355
8f1e78c7-d264-4497-bba0-0999e6dcd2c4	6	20599397	21018424	273	0.8233
8f1e78c7-d264-4497-bba0-0999e6dcd2c4	6	21020323	21779086	465	1.473
8f1e78c7-d264-4497-bba0-0999e6dcd2c4	6	21779316	24593051	2107	1.7232
8f1e78c7-d264-4497-bba0-0999e6dcd2c4	6	24595625	24669000	47	0.8808
8f1e78c7-d264-4497-bba0-0999e6dcd2c4	6	24671255	25977074	718	-0.0756
8f1e78c7-d264-4497-bba0-0999e6dcd2c4	6	25977251	26644748	314	-0.6946
8f1e78c7-d264-4497-bba0-0999e6dcd2c4	6	26644778	38343755	4553	-0.0956
8f1e78c7-d264-4497-bba0-0999e6dcd2c4	6	38343962	40913518	1999	-0.0362
8f1e78c7-d264-4497-bba0-0999e6dcd2c4	6	40913767	44484274	1982	-0.094
8f1e78c7-d264-4497-bba0-0999e6dcd2c4	6	44484497	47295862	1723	-0.0262
8f1e78c7-d264-4497-bba0-0999e6dcd2c4	6	47301247	49228141	1055	-0.5661
8f1e78c7-d264-4497-bba0-0999e6dcd2c4	6	49240494	63044043	5570	-0.0342
8f1e78c7-d264-4497-bba0-0999e6dcd2c4	6	63044542	63111679	45	-0.4142
8f1e78c7-d264-4497-bba0-0999e6dcd2c4	6	63115646	63123911	7	0.01
8f1e78c7-d264-4497-bba0-0999e6dcd2c4	6	63124353	64277380	555	0.2367
8f1e78c7-d264-4497-bba0-0999e6dcd2c4	6	64277814	68812148	2604	-0.051
8f1e78c7-d264-4497-bba0-0999e6dcd2c4	6	68817973	79353247	5963	-0.4267
8f1e78c7-d264-4497-bba0-0999e6dcd2c4	6	79353786	87782932	4615	-1.155
8f1e78c7-d264-4497-bba0-0999e6dcd2c4	6	87786923	90609003	1804	-0.5621
8f1e78c7-d264-4497-bba0-0999e6dcd2c4	6	90615526	95801185	2205	-1.1914
8f1e78c7-d264-4497-bba0-0999e6dcd2c4	6	95806591	106411147	6165	-0.5443
8f1e78c7-d264-4497-bba0-0999e6dcd2c4	6	106412837	106651536	185	-1.4316
8f1e78c7-d264-4497-bba0-0999e6dcd2c4	6	106663506	139975991	19868	-0.5298
8f1e78c7-d264-4497-bba0-0999e6dcd2c4	6	139979247	147672040	4277	0.0423
8f1e78c7-d264-4497-bba0-0999e6dcd2c4	6	147674714	151202499	2463	-0.4622
8f1e78c7-d264-4497-bba0-0999e6dcd2c4	6	151211416	151277819	55	0.087
8f1e78c7-d264-4497-bba0-0999e6dcd2c4	6	151284743	161924827	7184	-0.4734
8f1e78c7-d264-4497-bba0-0999e6dcd2c4	6	161924906	161925250	2	-2.6736
8f1e78c7-d264-4497-bba0-0999e6dcd2c4	6	161926036	170596889	3897	-0.4872
8f1e78c7-d264-4497-bba0-0999e6dcd2c4	7	664936	1617262	194	0.1935
8f1e78c7-d264-4497-bba0-0999e6dcd2c4	7	1617331	4297463	1189	0.2751
8f1e78c7-d264-4497-bba0-0999e6dcd2c4	7	4297707	6724952	907	0.2104
8f1e78c7-d264-4497-bba0-0999e6dcd2c4	7	6726603	14183068	4256	0.335
8f1e78c7-d264-4497-bba0-0999e6dcd2c4	7	14183846	14221012	40	-0.0729
8f1e78c7-d264-4497-bba0-0999e6dcd2c4	7	14225554	18867407	2678	0.3449
8f1e78c7-d264-4497-bba0-0999e6dcd2c4	7	19748494	26717316	5045	-0.0783
8f1e78c7-d264-4497-bba0-0999e6dcd2c4	7	26724789	30634400	2320	0.324
8f1e78c7-d264-4497-bba0-0999e6dcd2c4	7	30636984	35529253	3164	-0.0544
8f1e78c7-d264-4497-bba0-0999e6dcd2c4	7	35534141	35535593	2	-1.5024
8f1e78c7-d264-4497-bba0-0999e6dcd2c4	7	35538306	35900969	248	-0.0951
8f1e78c7-d264-4497-bba0-0999e6dcd2c4	7	35901670	35907874	8	-0.7898
8f1e78c7-d264-4497-bba0-0999e6dcd2c4	7	35911631	37935341	1528	-0.0933
8f1e78c7-d264-4497-bba0-0999e6dcd2c4	7	37939463	38238544	213	0.3184
8f1e78c7-d264-4497-bba0-0999e6dcd2c4	7	38373446	40449484	1296	-0.0704
8f1e78c7-d264-4497-bba0-0999e6dcd2c4	7	40452029	41741400	853	-0.6024
8f1e78c7-d264-4497-bba0-0999e6dcd2c4	7	41748367	42102941	298	0.7309
8f1e78c7-d264-4497-bba0-0999e6dcd2c4	7	42103678	43250941	414	0.9732
8f1e78c7-d264-4497-bba0-0999e6dcd2c4	7	43252724	43685228	290	0.5969
8f1e78c7-d264-4497-bba0-0999e6dcd2c4	7	43687123	44280835	260	0.2608
8f1e78c7-d264-4497-bba0-0999e6dcd2c4	7	44282264	45517512	656	-0.1001
8f1e78c7-d264-4497-bba0-0999e6dcd2c4	7	45520256	45960907	221	-0.5862
8f1e78c7-d264-4497-bba0-0999e6dcd2c4	7	45963389	49112069	2292	-0.039
8f1e78c7-d264-4497-bba0-0999e6dcd2c4	7	49119867	50160277	688	0.3309
8f1e78c7-d264-4497-bba0-0999e6dcd2c4	7	50162581	51721954	1168	0.8652
8f1e78c7-d264-4497-bba0-0999e6dcd2c4	7	51724194	51877899	136	0.6546
8f1e78c7-d264-4497-bba0-0999e6dcd2c4	7	51879043	53708528	1269	0.3622
8f1e78c7-d264-4497-bba0-0999e6dcd2c4	7	53708860	53714919	8	0.8478
8f1e78c7-d264-4497-bba0-0999e6dcd2c4	7	53715524	53815785	63	0.4113
8f1e78c7-d264-4497-bba0-0999e6dcd2c4	7	53818458	55225668	1066	0.0284
8f1e78c7-d264-4497-bba0-0999e6dcd2c4	7	55233212	55907233	367	-0.5714
8f1e78c7-d264-4497-bba0-0999e6dcd2c4	7	55908049	56087868	43	-0.0653
8f1e78c7-d264-4497-bba0-0999e6dcd2c4	7	56105402	56223477	70	0.2969
8f1e78c7-d264-4497-bba0-0999e6dcd2c4	7	56228635	57185111	201	0.9503
8f1e78c7-d264-4497-bba0-0999e6dcd2c4	7	57854817	72508598	4061	0.2818
8f1e78c7-d264-4497-bba0-0999e6dcd2c4	7	72509593	75858264	721	0.2161
8f1e78c7-d264-4497-bba0-0999e6dcd2c4	7	75866206	78411289	1070	0.2949
8f1e78c7-d264-4497-bba0-0999e6dcd2c4	7	78411446	97873828	10530	0.5886
8f1e78c7-d264-4497-bba0-0999e6dcd2c4	7	97882049	100007965	869	0.4948
8f1e78c7-d264-4497-bba0-0999e6dcd2c4	7	100009061	102807005	879	0.4199
8f1e78c7-d264-4497-bba0-0999e6dcd2c4	7	102807165	103536129	329	0.5333
8f1e78c7-d264-4497-bba0-0999e6dcd2c4	7	103536438	104803381	907	0.5826
8f1e78c7-d264-4497-bba0-0999e6dcd2c4	7	104803735	108013211	1871	0.517
8f1e78c7-d264-4497-bba0-0999e6dcd2c4	7	108188913	141155035	18162	0.6087
8f1e78c7-d264-4497-bba0-0999e6dcd2c4	7	141155463	148369010	3641	0.3254
8f1e78c7-d264-4497-bba0-0999e6dcd2c4	7	148372263	158592540	5127	0.2812
8f1e78c7-d264-4497-bba0-0999e6dcd2c4	8	667625	24596890	13740	-1.0267
8f1e78c7-d264-4497-bba0-0999e6dcd2c4	8	24597469	29637425	3476	-1.4647
8f1e78c7-d264-4497-bba0-0999e6dcd2c4	8	29639246	34815309	3167	-0.7665
8f1e78c7-d264-4497-bba0-0999e6dcd2c4	8	34820410	35099864	136	0.7488
8f1e78c7-d264-4497-bba0-0999e6dcd2c4	8	35107343	35140618	28	1.0392
8f1e78c7-d264-4497-bba0-0999e6dcd2c4	8	35250447	35799037	304	-0.6233
8f1e78c7-d264-4497-bba0-0999e6dcd2c4	8	35802973	36024008	83	0.9851
8f1e78c7-d264-4497-bba0-0999e6dcd2c4	8	36034294	36584631	190	0.578
8f1e78c7-d264-4497-bba0-0999e6dcd2c4	8	36586692	36897710	168	0.8366
8f1e78c7-d264-4497-bba0-0999e6dcd2c4	8	36902754	36947564	30	0.5473
8f1e78c7-d264-4497-bba0-0999e6dcd2c4	8	36950063	37161788	151	0.8247
8f1e78c7-d264-4497-bba0-0999e6dcd2c4	8	37169926	37189552	16	1.477
8f1e78c7-d264-4497-bba0-0999e6dcd2c4	8	37189638	37189709	2	0.0768
8f1e78c7-d264-4497-bba0-0999e6dcd2c4	8	37190115	38141137	468	1.5308
8f1e78c7-d264-4497-bba0-0999e6dcd2c4	8	38146907	38969250	385	0.8995
8f1e78c7-d264-4497-bba0-0999e6dcd2c4	8	38969274	38995448	15	0.5161
8f1e78c7-d264-4497-bba0-0999e6dcd2c4	8	39002819	39183973	84	0.2877
8f1e78c7-d264-4497-bba0-0999e6dcd2c4	8	39188471	39654467	157	-0.1224
8f1e78c7-d264-4497-bba0-0999e6dcd2c4	8	39658224	39685939	16	0.2948
8f1e78c7-d264-4497-bba0-0999e6dcd2c4	8	39686417	39965720	161	0.5407
8f1e78c7-d264-4497-bba0-0999e6dcd2c4	8	39966962	40908672	736	0.6525
8f1e78c7-d264-4497-bba0-0999e6dcd2c4	8	40928593	43080575	1255	-0.0034
8f1e78c7-d264-4497-bba0-0999e6dcd2c4	8	46547532	51784606	2611	0.8658
8f1e78c7-d264-4497-bba0-0999e6dcd2c4	8	51785668	56280473	2593	0.5181
8f1e78c7-d264-4497-bba0-0999e6dcd2c4	8	56280727	57136152	520	0.6057
8f1e78c7-d264-4497-bba0-0999e6dcd2c4	8	57136578	63904546	4279	0.5098
8f1e78c7-d264-4497-bba0-0999e6dcd2c4	8	63904573	75939995	7029	0.4415
8f1e78c7-d264-4497-bba0-0999e6dcd2c4	8	75940959	84856467	4814	0.6304
8f1e78c7-d264-4497-bba0-0999e6dcd2c4	8	84859894	85551400	339	0.732
8f1e78c7-d264-4497-bba0-0999e6dcd2c4	8	85552413	85608821	24	-0.4029
8f1e78c7-d264-4497-bba0-0999e6dcd2c4	8	85828731	85845573	31	0.5836
8f1e78c7-d264-4497-bba0-0999e6dcd2c4	8	85845754	85935400	61	0.7069
8f1e78c7-d264-4497-bba0-0999e6dcd2c4	8	85937498	86112726	112	0.8434
8f1e78c7-d264-4497-bba0-0999e6dcd2c4	8	86115234	86780044	292	0.6743
8f1e78c7-d264-4497-bba0-0999e6dcd2c4	8	86783888	87139708	187	0.9645
8f1e78c7-d264-4497-bba0-0999e6dcd2c4	8	87139786	88854517	891	0.7201
8f1e78c7-d264-4497-bba0-0999e6dcd2c4	8	88855510	91591588	1573	0.5893
8f1e78c7-d264-4497-bba0-0999e6dcd2c4	8	91600149	113125021	12131	0.7963
8f1e78c7-d264-4497-bba0-0999e6dcd2c4	8	113125157	121724077	5303	0.8753
8f1e78c7-d264-4497-bba0-0999e6dcd2c4	8	121725743	121817626	67	0.2609
8f1e78c7-d264-4497-bba0-0999e6dcd2c4	8	121819483	130015092	5570	0.8365
8f1e78c7-d264-4497-bba0-0999e6dcd2c4	8	130025349	130029763	6	-0.7713
8f1e78c7-d264-4497-bba0-0999e6dcd2c4	8	130036895	130387722	220	0.837
8f1e78c7-d264-4497-bba0-0999e6dcd2c4	8	130388642	133040440	1955	-0.022
8f1e78c7-d264-4497-bba0-0999e6dcd2c4	8	133042441	133086876	60	0.9186
8f1e78c7-d264-4497-bba0-0999e6dcd2c4	8	133088155	133644591	498	0.7975
8f1e78c7-d264-4497-bba0-0999e6dcd2c4	8	133645717	136113077	1953	0.886
8f1e78c7-d264-4497-bba0-0999e6dcd2c4	8	136114560	141309950	3318	1.0987
8f1e78c7-d264-4497-bba0-0999e6dcd2c4	8	141309970	144182542	508	0.4808
8f1e78c7-d264-4497-bba0-0999e6dcd2c4	9	789794	11033388	6152	-0.5651
8f1e78c7-d264-4497-bba0-0999e6dcd2c4	9	11033545	11037495	7	-1.6724
8f1e78c7-d264-4497-bba0-0999e6dcd2c4	9	11039639	36960632	16049	-0.5562
8f1e78c7-d264-4497-bba0-0999e6dcd2c4	9	36962562	36963225	2	-3.5698
8f1e78c7-d264-4497-bba0-0999e6dcd2c4	9	36963808	88924660	15413	-0.5379
8f1e78c7-d264-4497-bba0-0999e6dcd2c4	9	88925004	88988077	53	-0.1411
8f1e78c7-d264-4497-bba0-0999e6dcd2c4	9	88992954	94788213	3550	-0.5393
8f1e78c7-d264-4497-bba0-0999e6dcd2c4	9	94790908	94816864	21	-1.1756
8f1e78c7-d264-4497-bba0-0999e6dcd2c4	9	94819928	99096068	2832	-0.5371
8f1e78c7-d264-4497-bba0-0999e6dcd2c4	9	99096100	99101816	3	-2.4515
8f1e78c7-d264-4497-bba0-0999e6dcd2c4	9	99102228	107209210	4836	-0.5166
8f1e78c7-d264-4497-bba0-0999e6dcd2c4	9	107213945	119958250	9370	-0.2242
8f1e78c7-d264-4497-bba0-0999e6dcd2c4	9	119960145	119960562	2	-2.7102
8f1e78c7-d264-4497-bba0-0999e6dcd2c4	9	119961070	123939300	2462	-0.2365
8f1e78c7-d264-4497-bba0-0999e6dcd2c4	9	123941402	130154956	3367	-0.2937
8f1e78c7-d264-4497-bba0-0999e6dcd2c4	9	130158297	138044505	3954	0.105
8f1e78c7-d264-4497-bba0-0999e6dcd2c4	10	366509	7571142	4904	0.3566
8f1e78c7-d264-4497-bba0-0999e6dcd2c4	10	7573232	8720156	962	0.8909
8f1e78c7-d264-4497-bba0-0999e6dcd2c4	10	8720232	10394172	1073	0.9715
8f1e78c7-d264-4497-bba0-0999e6dcd2c4	10	10394526	11754205	1153	0.8775
8f1e78c7-d264-4497-bba0-0999e6dcd2c4	10	11755676	12862565	734	0.65
8f1e78c7-d264-4497-bba0-0999e6dcd2c4	10	12864066	20821333	6099	0.5898
8f1e78c7-d264-4497-bba0-0999e6dcd2c4	10	20821705	21186483	266	0.6476
8f1e78c7-d264-4497-bba0-0999e6dcd2c4	10	21188422	29586560	5299	-0.049
8f1e78c7-d264-4497-bba0-0999e6dcd2c4	10	29587843	29595157	3	-1.2335
8f1e78c7-d264-4497-bba0-0999e6dcd2c4	10	29595718	38694109	5614	-0.0525
8f1e78c7-d264-4497-bba0-0999e6dcd2c4	10	38702069	42470188	34	-0.296
8f1e78c7-d264-4497-bba0-0999e6dcd2c4	10	42472862	63344644	11356	-0.445
8f1e78c7-d264-4497-bba0-0999e6dcd2c4	10	63348396	79416990	9708	-0.3494
8f1e78c7-d264-4497-bba0-0999e6dcd2c4	10	79422592	100869784	12922	-0.5298
8f1e78c7-d264-4497-bba0-0999e6dcd2c4	10	100871286	100875718	7	-5.7147
8f1e78c7-d264-4497-bba0-0999e6dcd2c4	10	100877461	110972314	6003	-0.544
8f1e78c7-d264-4497-bba0-0999e6dcd2c4	10	110973058	110977120	2	-2.6001
8f1e78c7-d264-4497-bba0-0999e6dcd2c4	10	110988003	111105893	73	-0.6414
8f1e78c7-d264-4497-bba0-0999e6dcd2c4	10	111105919	123548180	8992	-0.5409
8f1e78c7-d264-4497-bba0-0999e6dcd2c4	10	123548766	133411599	5633	-0.5777
8f1e78c7-d264-4497-bba0-0999e6dcd2c4	11	456012	1381971	272	-0.6524
8f1e78c7-d264-4497-bba0-0999e6dcd2c4	11	1387501	1397647	2	-2.6142
8f1e78c7-d264-4497-bba0-0999e6dcd2c4	11	1414149	9501876	4522	-0.5769
8f1e78c7-d264-4497-bba0-0999e6dcd2c4	11	9507497	9615307	62	-0.1998
8f1e78c7-d264-4497-bba0-0999e6dcd2c4	11	9620249	9668466	31	0.4359
8f1e78c7-d264-4497-bba0-0999e6dcd2c4	11	9677633	19218032	6695	-0.1243
8f1e78c7-d264-4497-bba0-0999e6dcd2c4	11	19218246	19239242	26	-1.5175
8f1e78c7-d264-4497-bba0-0999e6dcd2c4	11	19243679	38445786	12412	-0.1096
8f1e78c7-d264-4497-bba0-0999e6dcd2c4	11	38446563	56244856	6464	-0.57
8f1e78c7-d264-4497-bba0-0999e6dcd2c4	11	56246322	58844226	1471	0.8273
8f1e78c7-d264-4497-bba0-0999e6dcd2c4	11	58849881	60935604	1199	-0.0463
8f1e78c7-d264-4497-bba0-0999e6dcd2c4	11	60942394	74092995	5464	-0.1122
8f1e78c7-d264-4497-bba0-0999e6dcd2c4	11	74096656	104557759	18816	-0.0487
8f1e78c7-d264-4497-bba0-0999e6dcd2c4	11	104558000	104589618	14	0.3651
8f1e78c7-d264-4497-bba0-0999e6dcd2c4	11	104594980	105492534	428	0.8445
8f1e78c7-d264-4497-bba0-0999e6dcd2c4	11	105497438	106994987	945	0.5991
8f1e78c7-d264-4497-bba0-0999e6dcd2c4	11	106995854	109296183	1218	0.3446
8f1e78c7-d264-4497-bba0-0999e6dcd2c4	11	109298105	109703837	213	0.628
8f1e78c7-d264-4497-bba0-0999e6dcd2c4	11	109704913	110616851	582	0.8896
8f1e78c7-d264-4497-bba0-0999e6dcd2c4	11	110621750	110924125	232	0.6633
8f1e78c7-d264-4497-bba0-0999e6dcd2c4	11	110924828	111633160	536	0.3333
8f1e78c7-d264-4497-bba0-0999e6dcd2c4	11	111642866	112137149	230	-0.0815
8f1e78c7-d264-4497-bba0-0999e6dcd2c4	11	112139169	115222450	2203	0.3068
8f1e78c7-d264-4497-bba0-0999e6dcd2c4	11	115222718	116349401	824	0.3632
8f1e78c7-d264-4497-bba0-0999e6dcd2c4	11	116349622	118033121	1177	0.2929
8f1e78c7-d264-4497-bba0-0999e6dcd2c4	11	118033412	118079146	33	0.5974
8f1e78c7-d264-4497-bba0-0999e6dcd2c4	11	118082056	118209418	135	0.2896
8f1e78c7-d264-4497-bba0-0999e6dcd2c4	11	118210557	119822162	970	0.151
8f1e78c7-d264-4497-bba0-0999e6dcd2c4	11	119822721	121249421	1062	0.214
8f1e78c7-d264-4497-bba0-0999e6dcd2c4	11	121249926	121333892	57	0.1309
8f1e78c7-d264-4497-bba0-0999e6dcd2c4	11	121334470	122023317	487	0.287
8f1e78c7-d264-4497-bba0-0999e6dcd2c4	11	122023573	122518935	338	0.356
8f1e78c7-d264-4497-bba0-0999e6dcd2c4	11	122520927	123701237	913	0.2611
8f1e78c7-d264-4497-bba0-0999e6dcd2c4	11	123710774	123836065	83	-0.1246
8f1e78c7-d264-4497-bba0-0999e6dcd2c4	11	123839521	124032963	158	0.2916
8f1e78c7-d264-4497-bba0-0999e6dcd2c4	11	124039156	130498835	4585	-0.0867
8f1e78c7-d264-4497-bba0-0999e6dcd2c4	11	130499884	134272740	2348	-0.2287
8f1e78c7-d264-4497-bba0-0999e6dcd2c4	12	780472	1770219	223	0.0007
8f1e78c7-d264-4497-bba0-0999e6dcd2c4	12	1770514	1913245	55	0.5873
8f1e78c7-d264-4497-bba0-0999e6dcd2c4	12	1913335	6318950	3261	0.3629
8f1e78c7-d264-4497-bba0-0999e6dcd2c4	12	6327945	8842927	960	0.2908
8f1e78c7-d264-4497-bba0-0999e6dcd2c4	12	8842980	31294788	13887	0.3746
8f1e78c7-d264-4497-bba0-0999e6dcd2c4	12	31297174	47199162	5898	0.3228
8f1e78c7-d264-4497-bba0-0999e6dcd2c4	12	47199307	50510361	1630	0.2643
8f1e78c7-d264-4497-bba0-0999e6dcd2c4	12	50513086	55580334	2774	0.3023
8f1e78c7-d264-4497-bba0-0999e6dcd2c4	12	55580597	58049492	1155	0.237
8f1e78c7-d264-4497-bba0-0999e6dcd2c4	12	58076366	108410999	31424	0.3263
8f1e78c7-d264-4497-bba0-0999e6dcd2c4	12	108411417	111398773	1474	0.2503
8f1e78c7-d264-4497-bba0-0999e6dcd2c4	12	111402626	113699660	1277	-0.0808
8f1e78c7-d264-4497-bba0-0999e6dcd2c4	12	113701914	119132294	3634	-0.038
8f1e78c7-d264-4497-bba0-0999e6dcd2c4	12	119132698	119165836	21	-0.1248
8f1e78c7-d264-4497-bba0-0999e6dcd2c4	12	119165886	119169979	5	-0.7007
8f1e78c7-d264-4497-bba0-0999e6dcd2c4	12	119171547	120759321	842	-0.0854
8f1e78c7-d264-4497-bba0-0999e6dcd2c4	12	120759655	120788498	21	-0.5956
8f1e78c7-d264-4497-bba0-0999e6dcd2c4	12	120790607	126209433	2963	-0.082
8f1e78c7-d264-4497-bba0-0999e6dcd2c4	12	126210188	132605822	2557	-0.598
8f1e78c7-d264-4497-bba0-0999e6dcd2c4	13	18874255	19306836	258	-0.601
8f1e78c7-d264-4497-bba0-0999e6dcd2c4	13	19306957	26881279	4043	-0.0472
8f1e78c7-d264-4497-bba0-0999e6dcd2c4	13	26881340	26882617	2	-1.5727
8f1e78c7-d264-4497-bba0-0999e6dcd2c4	13	26882631	32338852	3840	-0.0605
8f1e78c7-d264-4497-bba0-0999e6dcd2c4	13	32338918	61585884	16774	-0.1154
8f1e78c7-d264-4497-bba0-0999e6dcd2c4	13	61586350	70601991	4215	-0.1439
8f1e78c7-d264-4497-bba0-0999e6dcd2c4	13	70604025	81906757	7334	-0.1058
8f1e78c7-d264-4497-bba0-0999e6dcd2c4	13	81907055	88688175	3712	-0.0493
8f1e78c7-d264-4497-bba0-0999e6dcd2c4	13	88691526	88691561	2	-1.2602
8f1e78c7-d264-4497-bba0-0999e6dcd2c4	13	88692123	90989054	1304	-0.067
8f1e78c7-d264-4497-bba0-0999e6dcd2c4	13	90991140	94239256	2195	-0.1108
8f1e78c7-d264-4497-bba0-0999e6dcd2c4	13	94241144	94243619	6	-0.8003
8f1e78c7-d264-4497-bba0-0999e6dcd2c4	13	94243706	94344380	77	-0.1257
8f1e78c7-d264-4497-bba0-0999e6dcd2c4	13	94344416	96320942	1146	-0.0657
8f1e78c7-d264-4497-bba0-0999e6dcd2c4	13	96323314	103433498	4974	-0.0374
8f1e78c7-d264-4497-bba0-0999e6dcd2c4	13	103433682	114226675	6761	-0.0764
8f1e78c7-d264-4497-bba0-0999e6dcd2c4	14	20033191	37295543	9503	-0.554
8f1e78c7-d264-4497-bba0-0999e6dcd2c4	14	37316355	37996497	331	0.664
8f1e78c7-d264-4497-bba0-0999e6dcd2c4	14	37997883	47087040	3936	-0.5459
8f1e78c7-d264-4497-bba0-0999e6dcd2c4	14	47089945	47394553	167	0.6599
8f1e78c7-d264-4497-bba0-0999e6dcd2c4	14	47397608	48239831	523	0.1664
8f1e78c7-d264-4497-bba0-0999e6dcd2c4	14	48241058	48561433	106	0.6094
8f1e78c7-d264-4497-bba0-0999e6dcd2c4	14	48564533	68705449	12348	-0.5597
8f1e78c7-d264-4497-bba0-0999e6dcd2c4	14	68707680	77871778	5628	-0.048
8f1e78c7-d264-4497-bba0-0999e6dcd2c4	14	77878419	89305785	7248	-0.0149
8f1e78c7-d264-4497-bba0-0999e6dcd2c4	14	89306103	89537352	161	-0.1104
8f1e78c7-d264-4497-bba0-0999e6dcd2c4	14	89537918	101754295	8114	-0.0524
8f1e78c7-d264-4497-bba0-0999e6dcd2c4	14	101759189	105533894	1429	-0.0988
8f1e78c7-d264-4497-bba0-0999e6dcd2c4	15	23437561	23500837	36	-0.2174
8f1e78c7-d264-4497-bba0-0999e6dcd2c4	15	23501017	23501249	2	1.0297
8f1e78c7-d264-4497-bba0-0999e6dcd2c4	15	23501622	25792052	1214	-0.1893
8f1e78c7-d264-4497-bba0-0999e6dcd2c4	15	25792278	25792738	2	-1.7197
8f1e78c7-d264-4497-bba0-0999e6dcd2c4	15	25793397	36654970	4795	-0.1932
8f1e78c7-d264-4497-bba0-0999e6dcd2c4	15	36665123	36690800	11	-0.3303
8f1e78c7-d264-4497-bba0-0999e6dcd2c4	15	36691761	36706711	14	-0.8378
8f1e78c7-d264-4497-bba0-0999e6dcd2c4	15	36706978	48760612	6816	-0.3006
8f1e78c7-d264-4497-bba0-0999e6dcd2c4	15	48761276	60243414	7236	-0.1917
8f1e78c7-d264-4497-bba0-0999e6dcd2c4	15	60244178	60278512	25	-1.6085
8f1e78c7-d264-4497-bba0-0999e6dcd2c4	15	60284063	60844246	418	-0.1828
8f1e78c7-d264-4497-bba0-0999e6dcd2c4	15	60844977	61445453	579	0.1279
8f1e78c7-d264-4497-bba0-0999e6dcd2c4	15	61445888	61493762	38	-0.1247
8f1e78c7-d264-4497-bba0-0999e6dcd2c4	15	61498288	61563887	64	0.0844
8f1e78c7-d264-4497-bba0-0999e6dcd2c4	15	61564053	63978896	1704	0.2151
8f1e78c7-d264-4497-bba0-0999e6dcd2c4	15	63979064	66026404	944	0.1539
8f1e78c7-d264-4497-bba0-0999e6dcd2c4	15	66026465	66262148	205	-0.0934
8f1e78c7-d264-4497-bba0-0999e6dcd2c4	15	66267733	66737828	285	0.1883
8f1e78c7-d264-4497-bba0-0999e6dcd2c4	15	66738528	67525139	545	-0.0368
8f1e78c7-d264-4497-bba0-0999e6dcd2c4	15	67536609	69091125	952	-0.5698
8f1e78c7-d264-4497-bba0-0999e6dcd2c4	15	69092446	74314483	3191	-0.0775
8f1e78c7-d264-4497-bba0-0999e6dcd2c4	15	74319440	74336550	12	-0.5513
8f1e78c7-d264-4497-bba0-0999e6dcd2c4	15	74342028	74696813	149	-0.1083
8f1e78c7-d264-4497-bba0-0999e6dcd2c4	15	74705583	74878642	68	0.2667
8f1e78c7-d264-4497-bba0-0999e6dcd2c4	15	74882030	76339456	578	-0.1114
8f1e78c7-d264-4497-bba0-0999e6dcd2c4	15	76342005	76342339	2	-1.6633
8f1e78c7-d264-4497-bba0-0999e6dcd2c4	15	76354234	81149258	2884	-0.0739
8f1e78c7-d264-4497-bba0-0999e6dcd2c4	15	81150445	81155973	2	-1.5054
8f1e78c7-d264-4497-bba0-0999e6dcd2c4	15	81156394	89014756	4309	-0.0747
8f1e78c7-d264-4497-bba0-0999e6dcd2c4	15	89016385	89109341	60	0.148
8f1e78c7-d264-4497-bba0-0999e6dcd2c4	15	89110533	89851300	412	-0.0786
8f1e78c7-d264-4497-bba0-0999e6dcd2c4	15	89857441	89938527	46	-0.6188
8f1e78c7-d264-4497-bba0-0999e6dcd2c4	15	89938705	96864613	4452	-0.0849
8f1e78c7-d264-4497-bba0-0999e6dcd2c4	15	96866185	101344124	2552	0.647
8f1e78c7-d264-4497-bba0-0999e6dcd2c4	16	603333	618985	10	0.2611
8f1e78c7-d264-4497-bba0-0999e6dcd2c4	16	627854	5181187	1700	-0.0181
8f1e78c7-d264-4497-bba0-0999e6dcd2c4	16	5182757	10816689	3777	0.0479
8f1e78c7-d264-4497-bba0-0999e6dcd2c4	16	10822571	10838587	14	-0.4253
8f1e78c7-d264-4497-bba0-0999e6dcd2c4	16	10838869	23286569	4428	0.0331
8f1e78c7-d264-4497-bba0-0999e6dcd2c4	16	23286912	23359424	45	0.3142
8f1e78c7-d264-4497-bba0-0999e6dcd2c4	16	23362534	23391710	17	-0.0231
8f1e78c7-d264-4497-bba0-0999e6dcd2c4	16	23392189	31760996	3973	-0.0932
8f1e78c7-d264-4497-bba0-0999e6dcd2c4	16	31763412	46470502	35	0.0292
8f1e78c7-d264-4497-bba0-0999e6dcd2c4	16	46473753	51665154	3076	0.212
8f1e78c7-d264-4497-bba0-0999e6dcd2c4	16	51665781	52882423	939	0.2841
8f1e78c7-d264-4497-bba0-0999e6dcd2c4	16	52886577	53421830	321	0.2165
8f1e78c7-d264-4497-bba0-0999e6dcd2c4	16	53436017	53450289	36	-0.5499
8f1e78c7-d264-4497-bba0-0999e6dcd2c4	16	53456745	57993561	3222	0.2504
8f1e78c7-d264-4497-bba0-0999e6dcd2c4	16	58002503	58808347	472	0.61
8f1e78c7-d264-4497-bba0-0999e6dcd2c4	16	58809060	58809200	2	-0.9106
8f1e78c7-d264-4497-bba0-0999e6dcd2c4	16	58812947	60635372	1163	0.682
8f1e78c7-d264-4497-bba0-0999e6dcd2c4	16	60635828	60847803	128	0.9848
8f1e78c7-d264-4497-bba0-0999e6dcd2c4	16	60847931	61404980	327	1.2677
8f1e78c7-d264-4497-bba0-0999e6dcd2c4	16	61406466	61800449	235	1.1111
8f1e78c7-d264-4497-bba0-0999e6dcd2c4	16	61808428	61900744	57	1.3528
8f1e78c7-d264-4497-bba0-0999e6dcd2c4	16	61901359	62527773	390	1.6636
8f1e78c7-d264-4497-bba0-0999e6dcd2c4	16	62528444	62531540	5	0.7607
8f1e78c7-d264-4497-bba0-0999e6dcd2c4	16	62536779	63081447	381	1.6266
8f1e78c7-d264-4497-bba0-0999e6dcd2c4	16	63085502	63183957	41	0.5897
8f1e78c7-d264-4497-bba0-0999e6dcd2c4	16	63184586	66386982	2290	0.7236
8f1e78c7-d264-4497-bba0-0999e6dcd2c4	16	66387502	67390567	455	0.6442
8f1e78c7-d264-4497-bba0-0999e6dcd2c4	16	67391114	70722163	1379	0.5906
8f1e78c7-d264-4497-bba0-0999e6dcd2c4	16	70723652	81046894	7127	0.6664
8f1e78c7-d264-4497-bba0-0999e6dcd2c4	16	81046974	81673647	370	0.8793
8f1e78c7-d264-4497-bba0-0999e6dcd2c4	16	81674112	81698651	15	0.7178
8f1e78c7-d264-4497-bba0-0999e6dcd2c4	16	81698903	81748191	37	0.3259
8f1e78c7-d264-4497-bba0-0999e6dcd2c4	16	81748926	83790015	1975	0.665
8f1e78c7-d264-4497-bba0-0999e6dcd2c4	16	83790239	86900288	1783	0.3606
8f1e78c7-d264-4497-bba0-0999e6dcd2c4	16	86901608	86947967	37	-0.1235
8f1e78c7-d264-4497-bba0-0999e6dcd2c4	16	86948003	89317317	830	0.3334
8f1e78c7-d264-4497-bba0-0999e6dcd2c4	17	1074619	8212456	3409	-0.1396
8f1e78c7-d264-4497-bba0-0999e6dcd2c4	17	8218542	11168321	1907	-0.651
8f1e78c7-d264-4497-bba0-0999e6dcd2c4	17	11169451	11169731	3	-2.5637
8f1e78c7-d264-4497-bba0-0999e6dcd2c4	17	11170128	18957997	3578	-0.6211
8f1e78c7-d264-4497-bba0-0999e6dcd2c4	17	19246050	20050805	422	0.2608
8f1e78c7-d264-4497-bba0-0999e6dcd2c4	17	20059930	20163352	45	0.5726
8f1e78c7-d264-4497-bba0-0999e6dcd2c4	17	20165258	20171849	3	0.0891
8f1e78c7-d264-4497-bba0-0999e6dcd2c4	17	20349166	20859472	123	0.9043
8f1e78c7-d264-4497-bba0-0999e6dcd2c4	17	20862114	32567868	2668	0.2496
8f1e78c7-d264-4497-bba0-0999e6dcd2c4	17	32568284	33355642	609	0.3215
8f1e78c7-d264-4497-bba0-0999e6dcd2c4	17	33355832	40528285	2900	-0.0872
8f1e78c7-d264-4497-bba0-0999e6dcd2c4	17	40531999	41468274	527	-0.0022
8f1e78c7-d264-4497-bba0-0999e6dcd2c4	17	41468754	50488211	3666	-0.0804
8f1e78c7-d264-4497-bba0-0999e6dcd2c4	17	50488316	51081994	294	0.006
8f1e78c7-d264-4497-bba0-0999e6dcd2c4	17	51084220	58570351	4781	0.0689
8f1e78c7-d264-4497-bba0-0999e6dcd2c4	17	58574735	61024554	1067	0.0055
8f1e78c7-d264-4497-bba0-0999e6dcd2c4	17	61029363	61144501	51	-0.5806
8f1e78c7-d264-4497-bba0-0999e6dcd2c4	17	61146727	65202204	1860	0.0342
8f1e78c7-d264-4497-bba0-0999e6dcd2c4	17	65202794	72764022	5064	0.0678
8f1e78c7-d264-4497-bba0-0999e6dcd2c4	17	72765555	82959812	4190	0.0135
8f1e78c7-d264-4497-bba0-0999e6dcd2c4	18	326691	11783305	6802	0.3193
8f1e78c7-d264-4497-bba0-0999e6dcd2c4	18	11783613	24463721	3234	0.2725
8f1e78c7-d264-4497-bba0-0999e6dcd2c4	18	24464318	24756312	258	0.3341
8f1e78c7-d264-4497-bba0-0999e6dcd2c4	18	24756673	27240235	1627	-0.0828
8f1e78c7-d264-4497-bba0-0999e6dcd2c4	18	27243578	27842241	391	0.62
8f1e78c7-d264-4497-bba0-0999e6dcd2c4	18	27846129	33213272	3228	0.3084
8f1e78c7-d264-4497-bba0-0999e6dcd2c4	18	33213749	33302068	75	-0.0614
8f1e78c7-d264-4497-bba0-0999e6dcd2c4	18	33303925	33795082	292	-0.6452
8f1e78c7-d264-4497-bba0-0999e6dcd2c4	18	33797136	37951268	2515	-0.0592
8f1e78c7-d264-4497-bba0-0999e6dcd2c4	18	37959352	38250100	200	0.3308
8f1e78c7-d264-4497-bba0-0999e6dcd2c4	18	38250190	42384274	2435	-0.0519
8f1e78c7-d264-4497-bba0-0999e6dcd2c4	18	42384541	43013046	383	0.3216
8f1e78c7-d264-4497-bba0-0999e6dcd2c4	18	43013380	47778504	2834	-0.5989
8f1e78c7-d264-4497-bba0-0999e6dcd2c4	18	47778685	47790752	7	-4.1051
8f1e78c7-d264-4497-bba0-0999e6dcd2c4	18	47797307	48543352	650	-0.5502
8f1e78c7-d264-4497-bba0-0999e6dcd2c4	18	48546525	50777554	1516	-0.2016
8f1e78c7-d264-4497-bba0-0999e6dcd2c4	18	50783781	68310956	10746	-0.618
8f1e78c7-d264-4497-bba0-0999e6dcd2c4	18	68312244	79349796	5504	-0.0386
8f1e78c7-d264-4497-bba0-0999e6dcd2c4	19	283868	5927110	1483	-0.6251
8f1e78c7-d264-4497-bba0-0999e6dcd2c4	19	5927850	10841194	2191	0.384
8f1e78c7-d264-4497-bba0-0999e6dcd2c4	19	10845315	17148427	2965	0.2062
8f1e78c7-d264-4497-bba0-0999e6dcd2c4	19	17150430	18963103	694	0.1335
8f1e78c7-d264-4497-bba0-0999e6dcd2c4	19	18965186	19132403	93	0.2287
8f1e78c7-d264-4497-bba0-0999e6dcd2c4	19	19134108	19302283	74	0.3653
8f1e78c7-d264-4497-bba0-0999e6dcd2c4	19	19310409	21794928	576	0.4674
8f1e78c7-d264-4497-bba0-0999e6dcd2c4	19	21796221	21806544	5	1.1395
8f1e78c7-d264-4497-bba0-0999e6dcd2c4	19	21809318	23711649	829	0.5224
8f1e78c7-d264-4497-bba0-0999e6dcd2c4	19	23712628	23872082	129	0.3064
8f1e78c7-d264-4497-bba0-0999e6dcd2c4	19	27749470	28859707	832	1.1872
8f1e78c7-d264-4497-bba0-0999e6dcd2c4	19	28860062	30300373	1096	1.467
8f1e78c7-d264-4497-bba0-0999e6dcd2c4	19	30308896	30420007	96	0.6598
8f1e78c7-d264-4497-bba0-0999e6dcd2c4	19	30420149	30930672	373	0.5803
8f1e78c7-d264-4497-bba0-0999e6dcd2c4	19	30932715	31160474	153	0.3653
8f1e78c7-d264-4497-bba0-0999e6dcd2c4	19	31161178	31161291	3	-1.3494
8f1e78c7-d264-4497-bba0-0999e6dcd2c4	19	31162767	32691188	1073	0.3758
8f1e78c7-d264-4497-bba0-0999e6dcd2c4	19	32691414	35088602	1464	0.5454
8f1e78c7-d264-4497-bba0-0999e6dcd2c4	19	35092864	51756318	7295	0.4513
8f1e78c7-d264-4497-bba0-0999e6dcd2c4	19	51756598	54022502	583	0.8587
8f1e78c7-d264-4497-bba0-0999e6dcd2c4	19	54023351	54339958	95	0.6471
8f1e78c7-d264-4497-bba0-0999e6dcd2c4	19	54340282	54683894	177	0.8568
8f1e78c7-d264-4497-bba0-0999e6dcd2c4	19	54685117	55044212	125	0.4025
8f1e78c7-d264-4497-bba0-0999e6dcd2c4	19	55044464	56368240	568	0.8331
8f1e78c7-d264-4497-bba0-0999e6dcd2c4	19	56371260	58370362	1136	-0.2211
8f1e78c7-d264-4497-bba0-0999e6dcd2c4	20	472817	2911923	1662	-0.0279
8f1e78c7-d264-4497-bba0-0999e6dcd2c4	20	2914905	3663006	413	-0.4643
8f1e78c7-d264-4497-bba0-0999e6dcd2c4	20	3663229	5319360	948	-0.531
8f1e78c7-d264-4497-bba0-0999e6dcd2c4	20	5319442	19162093	9327	-0.4553
8f1e78c7-d264-4497-bba0-0999e6dcd2c4	20	19162438	19344657	137	0.0295
8f1e78c7-d264-4497-bba0-0999e6dcd2c4	20	19348020	20511722	1028	-0.4672
8f1e78c7-d264-4497-bba0-0999e6dcd2c4	20	20522511	20902184	227	0.7227
8f1e78c7-d264-4497-bba0-0999e6dcd2c4	20	20902264	21419146	333	1.2856
8f1e78c7-d264-4497-bba0-0999e6dcd2c4	20	21419681	21497734	35	1.6311
8f1e78c7-d264-4497-bba0-0999e6dcd2c4	20	21497763	21659456	92	1.1495
8f1e78c7-d264-4497-bba0-0999e6dcd2c4	20	21659715	21833492	101	0.9064
8f1e78c7-d264-4497-bba0-0999e6dcd2c4	20	21834554	21943535	70	0.6938
8f1e78c7-d264-4497-bba0-0999e6dcd2c4	20	21944259	21978406	13	0.8913
8f1e78c7-d264-4497-bba0-0999e6dcd2c4	20	21978522	22219195	145	1.1025
8f1e78c7-d264-4497-bba0-0999e6dcd2c4	20	22226044	22935473	616	0.7694
8f1e78c7-d264-4497-bba0-0999e6dcd2c4	20	22937984	24855380	1158	-0.5881
8f1e78c7-d264-4497-bba0-0999e6dcd2c4	20	24857929	25206939	193	-0.0604
8f1e78c7-d264-4497-bba0-0999e6dcd2c4	20	25211137	25211413	2	-1.4325
8f1e78c7-d264-4497-bba0-0999e6dcd2c4	20	25215192	25229651	14	0.2264
8f1e78c7-d264-4497-bba0-0999e6dcd2c4	20	25234823	25238336	4	-0.9419
8f1e78c7-d264-4497-bba0-0999e6dcd2c4	20	25238641	25320386	50	-1.6381
8f1e78c7-d264-4497-bba0-0999e6dcd2c4	20	25320632	25347524	7	-0.9795
8f1e78c7-d264-4497-bba0-0999e6dcd2c4	20	25349279	25361505	7	0.3228
8f1e78c7-d264-4497-bba0-0999e6dcd2c4	20	25366585	25375317	10	-1.3953
8f1e78c7-d264-4497-bba0-0999e6dcd2c4	20	25385429	26178238	256	-0.0641
8f1e78c7-d264-4497-bba0-0999e6dcd2c4	20	26178423	26217295	24	0.0243
8f1e78c7-d264-4497-bba0-0999e6dcd2c4	20	31247668	33660475	1227	1.0621
8f1e78c7-d264-4497-bba0-0999e6dcd2c4	20	33665530	34170298	228	0.1735
8f1e78c7-d264-4497-bba0-0999e6dcd2c4	20	34180426	37525765	1576	0.1211
8f1e78c7-d264-4497-bba0-0999e6dcd2c4	20	37529671	42980252	3725	0.1901
8f1e78c7-d264-4497-bba0-0999e6dcd2c4	20	42980548	43153672	144	0.3916
8f1e78c7-d264-4497-bba0-0999e6dcd2c4	20	43157399	43840872	397	0.1721
8f1e78c7-d264-4497-bba0-0999e6dcd2c4	20	43841651	44638624	535	0.3558
8f1e78c7-d264-4497-bba0-0999e6dcd2c4	20	44639283	45767202	676	0.5266
8f1e78c7-d264-4497-bba0-0999e6dcd2c4	20	45769592	46129780	180	0.3391
8f1e78c7-d264-4497-bba0-0999e6dcd2c4	20	46129793	47361575	951	0.6668
8f1e78c7-d264-4497-bba0-0999e6dcd2c4	20	47361908	47940375	364	0.5106
8f1e78c7-d264-4497-bba0-0999e6dcd2c4	20	47941373	48595462	538	0.1731
8f1e78c7-d264-4497-bba0-0999e6dcd2c4	20	48600074	48687768	41	0.4657
8f1e78c7-d264-4497-bba0-0999e6dcd2c4	20	48694318	49062389	244	0.6106
8f1e78c7-d264-4497-bba0-0999e6dcd2c4	20	49069444	49249394	93	0.2876
8f1e78c7-d264-4497-bba0-0999e6dcd2c4	20	49249874	49258072	8	0.788
8f1e78c7-d264-4497-bba0-0999e6dcd2c4	20	49260140	49396832	72	0.3517
8f1e78c7-d264-4497-bba0-0999e6dcd2c4	20	49396848	49419973	14	0.0388
8f1e78c7-d264-4497-bba0-0999e6dcd2c4	20	49422179	49528991	81	0.1868
8f1e78c7-d264-4497-bba0-0999e6dcd2c4	20	49529692	50386062	312	-0.0802
8f1e78c7-d264-4497-bba0-0999e6dcd2c4	20	50386885	51031065	479	0.4201
8f1e78c7-d264-4497-bba0-0999e6dcd2c4	20	51033052	52341088	905	0.6191
8f1e78c7-d264-4497-bba0-0999e6dcd2c4	20	52341298	53525664	813	0.4147
8f1e78c7-d264-4497-bba0-0999e6dcd2c4	20	53527801	53937819	251	0.2972
8f1e78c7-d264-4497-bba0-0999e6dcd2c4	20	53937953	54104303	150	0.3898
8f1e78c7-d264-4497-bba0-0999e6dcd2c4	20	54104525	54133164	36	0.6972
8f1e78c7-d264-4497-bba0-0999e6dcd2c4	20	54133271	62079504	5967	0.3935
8f1e78c7-d264-4497-bba0-0999e6dcd2c4	20	62080339	62153711	47	0.0101
8f1e78c7-d264-4497-bba0-0999e6dcd2c4	20	62161807	63588502	503	0.3628
8f1e78c7-d264-4497-bba0-0999e6dcd2c4	21	13974127	17058990	1902	0.371
8f1e78c7-d264-4497-bba0-0999e6dcd2c4	21	17059396	18197898	724	0.1827
8f1e78c7-d264-4497-bba0-0999e6dcd2c4	21	18202488	20985519	1848	-0.0949
8f1e78c7-d264-4497-bba0-0999e6dcd2c4	21	20985646	21159990	124	0.2446
8f1e78c7-d264-4497-bba0-0999e6dcd2c4	21	21161855	21911898	563	1.0514
8f1e78c7-d264-4497-bba0-0999e6dcd2c4	21	21911947	23088616	420	1.1941
8f1e78c7-d264-4497-bba0-0999e6dcd2c4	21	23088724	24212952	668	1.0047
8f1e78c7-d264-4497-bba0-0999e6dcd2c4	21	24212961	24216026	6	0.1897
8f1e78c7-d264-4497-bba0-0999e6dcd2c4	21	24216643	24589723	235	1.079
8f1e78c7-d264-4497-bba0-0999e6dcd2c4	21	24590472	24887491	260	1.5134
8f1e78c7-d264-4497-bba0-0999e6dcd2c4	21	24892133	24976099	51	1.1831
8f1e78c7-d264-4497-bba0-0999e6dcd2c4	21	24982122	26873030	1318	-0.0247
8f1e78c7-d264-4497-bba0-0999e6dcd2c4	21	26874063	31987923	3395	0.2868
8f1e78c7-d264-4497-bba0-0999e6dcd2c4	21	31991551	39647309	5151	0.2529
8f1e78c7-d264-4497-bba0-0999e6dcd2c4	21	39652127	42081374	2071	0.2846
8f1e78c7-d264-4497-bba0-0999e6dcd2c4	21	42081429	46262057	1790	0.2279
8f1e78c7-d264-4497-bba0-0999e6dcd2c4	22	16934932	26947570	2970	-0.0804
8f1e78c7-d264-4497-bba0-0999e6dcd2c4	22	26947692	27042765	115	0.2939
8f1e78c7-d264-4497-bba0-0999e6dcd2c4	22	27043481	48940621	13906	-0.5838
8f1e78c7-d264-4497-bba0-0999e6dcd2c4	X	3236359	17538851	5804	-0.2274
8f1e78c7-d264-4497-bba0-0999e6dcd2c4	X	17539414	38435559	9804	-0.095
8f1e78c7-d264-4497-bba0-0999e6dcd2c4	X	38435769	38622180	123	0.2198
8f1e78c7-d264-4497-bba0-0999e6dcd2c4	X	38624298	57854581	8011	-0.1012
8f1e78c7-d264-4497-bba0-0999e6dcd2c4	X	57857691	63322360	151	-0.1888
8f1e78c7-d264-4497-bba0-0999e6dcd2c4	X	63340943	66412304	1194	0.3299
8f1e78c7-d264-4497-bba0-0999e6dcd2c4	X	66412388	66412488	2	2.0325
8f1e78c7-d264-4497-bba0-0999e6dcd2c4	X	66412778	66546445	41	0.4907
8f1e78c7-d264-4497-bba0-0999e6dcd2c4	X	66716590	67231227	239	-0.094
8f1e78c7-d264-4497-bba0-0999e6dcd2c4	X	67239634	76257976	3222	-1.0107
8f1e78c7-d264-4497-bba0-0999e6dcd2c4	X	76260155	76585988	119	0.0278
8f1e78c7-d264-4497-bba0-0999e6dcd2c4	X	76592938	84418027	3339	0.3129
8f1e78c7-d264-4497-bba0-0999e6dcd2c4	X	84418611	88809419	2209	0.4213
8f1e78c7-d264-4497-bba0-0999e6dcd2c4	X	88810160	90275730	538	0.2899
8f1e78c7-d264-4497-bba0-0999e6dcd2c4	X	90281671	90321513	15	-1.8748
8f1e78c7-d264-4497-bba0-0999e6dcd2c4	X	91524751	104701669	5493	0.448
8f1e78c7-d264-4497-bba0-0999e6dcd2c4	X	104702269	104774713	41	-0.1181
8f1e78c7-d264-4497-bba0-0999e6dcd2c4	X	104779359	104920980	74	-0.7326
8f1e78c7-d264-4497-bba0-0999e6dcd2c4	X	104928524	111107471	2889	0.0519
8f1e78c7-d264-4497-bba0-0999e6dcd2c4	X	111107487	111109913	2	1.8008
8f1e78c7-d264-4497-bba0-0999e6dcd2c4	X	111111723	112949076	952	0.0246
8f1e78c7-d264-4497-bba0-0999e6dcd2c4	X	112960683	113230742	172	-0.7269
8f1e78c7-d264-4497-bba0-0999e6dcd2c4	X	113234116	124263398	5261	0.0068
8f1e78c7-d264-4497-bba0-0999e6dcd2c4	X	124264332	124427161	89	0.4955
8f1e78c7-d264-4497-bba0-0999e6dcd2c4	X	124433469	130900115	3043	0.0031
8f1e78c7-d264-4497-bba0-0999e6dcd2c4	X	130900419	148553275	8299	0.0981
8f1e78c7-d264-4497-bba0-0999e6dcd2c4	X	148576762	151859633	1690	0.1704
8f1e78c7-d264-4497-bba0-0999e6dcd2c4	X	151860512	155677414	776	0.0977
