GDC_Aliquot	Chromosome	Start	End	Num_Probes	Segment_Mean
578641c8-214e-4ef7-88ae-ffe7d62609b6	1	3301765	7874094	2973	0.1017
578641c8-214e-4ef7-88ae-ffe7d62609b6	1	7874111	10606408	1284	0.0484
578641c8-214e-4ef7-88ae-ffe7d62609b6	1	10608839	23247558	6977	0.0979
578641c8-214e-4ef7-88ae-ffe7d62609b6	1	23250580	26774710	1619	0.5791
578641c8-214e-4ef7-88ae-ffe7d62609b6	1	26780364	29307196	957	0.035
578641c8-214e-4ef7-88ae-ffe7d62609b6	1	29310520	39120667	5489	0.0868
578641c8-214e-4ef7-88ae-ffe7d62609b6	1	39123746	47051919	4131	0.0604
578641c8-214e-4ef7-88ae-ffe7d62609b6	1	47052288	49062731	1344	0.1211
578641c8-214e-4ef7-88ae-ffe7d62609b6	1	49062750	51997959	1163	0.0788
578641c8-214e-4ef7-88ae-ffe7d62609b6	1	52002874	55232610	1901	0.5949
578641c8-214e-4ef7-88ae-ffe7d62609b6	1	55233350	58341545	2553	0.0951
578641c8-214e-4ef7-88ae-ffe7d62609b6	1	58346091	61515383	2198	0.0628
578641c8-214e-4ef7-88ae-ffe7d62609b6	1	61518991	64669658	2178	0.109
578641c8-214e-4ef7-88ae-ffe7d62609b6	1	64670174	67103141	1809	0.0416
578641c8-214e-4ef7-88ae-ffe7d62609b6	1	67103901	68465658	995	0.091
578641c8-214e-4ef7-88ae-ffe7d62609b6	1	68465683	81968542	7624	0.0401
578641c8-214e-4ef7-88ae-ffe7d62609b6	1	81968632	88952235	4510	0.0741
578641c8-214e-4ef7-88ae-ffe7d62609b6	1	88952348	90039096	660	0.0148
578641c8-214e-4ef7-88ae-ffe7d62609b6	1	90039827	95706240	3463	0.0904
578641c8-214e-4ef7-88ae-ffe7d62609b6	1	95714889	111842925	9175	0.0436
578641c8-214e-4ef7-88ae-ffe7d62609b6	1	111846204	113517878	1079	0.0971
578641c8-214e-4ef7-88ae-ffe7d62609b6	1	113518650	115262432	1099	0.0387
578641c8-214e-4ef7-88ae-ffe7d62609b6	1	115264510	119984772	2958	0.0938
578641c8-214e-4ef7-88ae-ffe7d62609b6	1	146716041	149976135	32	0.4411
578641c8-214e-4ef7-88ae-ffe7d62609b6	1	149984051	153682575	1791	0.8887
578641c8-214e-4ef7-88ae-ffe7d62609b6	1	153684174	156305490	1155	0.524
578641c8-214e-4ef7-88ae-ffe7d62609b6	1	156305517	158181428	1171	0.5946
578641c8-214e-4ef7-88ae-ffe7d62609b6	1	158183736	158544724	242	0.5457
578641c8-214e-4ef7-88ae-ffe7d62609b6	1	158544739	158580290	11	0.0431
578641c8-214e-4ef7-88ae-ffe7d62609b6	1	158580643	160489349	1223	0.5646
578641c8-214e-4ef7-88ae-ffe7d62609b6	1	160489700	161968102	762	0.4943
578641c8-214e-4ef7-88ae-ffe7d62609b6	1	161970464	163974784	1550	0.5708
578641c8-214e-4ef7-88ae-ffe7d62609b6	1	163975475	165563768	1375	0.606
578641c8-214e-4ef7-88ae-ffe7d62609b6	1	165564743	176856777	7164	0.5579
578641c8-214e-4ef7-88ae-ffe7d62609b6	1	176857643	179017489	1372	0.6163
578641c8-214e-4ef7-88ae-ffe7d62609b6	1	179018282	185916123	4610	0.571
578641c8-214e-4ef7-88ae-ffe7d62609b6	1	185916499	199211153	7732	0.5246
578641c8-214e-4ef7-88ae-ffe7d62609b6	1	199212704	228816526	18965	0.5754
578641c8-214e-4ef7-88ae-ffe7d62609b6	1	228820500	228823292	5	-0.6897
578641c8-214e-4ef7-88ae-ffe7d62609b6	1	228826680	233353308	3237	0.5815
578641c8-214e-4ef7-88ae-ffe7d62609b6	1	233353359	233567996	197	0.0598
578641c8-214e-4ef7-88ae-ffe7d62609b6	1	233572564	236414050	1835	0.5672
578641c8-214e-4ef7-88ae-ffe7d62609b6	1	236414086	237291398	772	0.6309
578641c8-214e-4ef7-88ae-ffe7d62609b6	1	237291454	238691981	1142	0.5749
578641c8-214e-4ef7-88ae-ffe7d62609b6	1	238692338	238692794	3	-0.5023
578641c8-214e-4ef7-88ae-ffe7d62609b6	1	238699149	238804816	102	0.5087
578641c8-214e-4ef7-88ae-ffe7d62609b6	1	238805136	238911381	69	0.0009
578641c8-214e-4ef7-88ae-ffe7d62609b6	1	238911671	245966350	4646	0.5815
578641c8-214e-4ef7-88ae-ffe7d62609b6	1	245970721	246026700	37	0.0571
578641c8-214e-4ef7-88ae-ffe7d62609b6	1	246435044	247650984	436	0.5582
578641c8-214e-4ef7-88ae-ffe7d62609b6	2	480597	4192716	1729	0.0754
578641c8-214e-4ef7-88ae-ffe7d62609b6	2	4194793	9019534	3536	0.0478
578641c8-214e-4ef7-88ae-ffe7d62609b6	2	9025159	12912025	2790	0.0871
578641c8-214e-4ef7-88ae-ffe7d62609b6	2	12912941	15646727	1645	0.0292
578641c8-214e-4ef7-88ae-ffe7d62609b6	2	15647862	19645398	2883	0.0702
578641c8-214e-4ef7-88ae-ffe7d62609b6	2	19649830	21097137	955	0.1223
578641c8-214e-4ef7-88ae-ffe7d62609b6	2	21097609	44786399	13061	0.0609
578641c8-214e-4ef7-88ae-ffe7d62609b6	2	44786586	45372072	412	0.1317
578641c8-214e-4ef7-88ae-ffe7d62609b6	2	45373193	65496822	11252	0.0541
578641c8-214e-4ef7-88ae-ffe7d62609b6	2	65498670	67840457	1785	0.0982
578641c8-214e-4ef7-88ae-ffe7d62609b6	2	67842457	76770637	5073	0.057
578641c8-214e-4ef7-88ae-ffe7d62609b6	2	76770855	77600960	486	0.0083
578641c8-214e-4ef7-88ae-ffe7d62609b6	2	77606619	101611629	8156	0.0496
578641c8-214e-4ef7-88ae-ffe7d62609b6	2	101615125	104402620	1696	0.0111
578641c8-214e-4ef7-88ae-ffe7d62609b6	2	104402960	120327625	8186	0.0622
578641c8-214e-4ef7-88ae-ffe7d62609b6	2	120329103	121251989	629	0.1481
578641c8-214e-4ef7-88ae-ffe7d62609b6	2	121253349	133444835	5467	0.0698
578641c8-214e-4ef7-88ae-ffe7d62609b6	2	133445669	134187279	571	0.1429
578641c8-214e-4ef7-88ae-ffe7d62609b6	2	134187420	135246227	642	0.081
578641c8-214e-4ef7-88ae-ffe7d62609b6	2	135246410	144497027	5185	0.0198
578641c8-214e-4ef7-88ae-ffe7d62609b6	2	144497395	152691183	4820	0.0524
578641c8-214e-4ef7-88ae-ffe7d62609b6	2	152696637	158215377	2995	0.0157
578641c8-214e-4ef7-88ae-ffe7d62609b6	2	158215883	183616441	15441	0.0512
578641c8-214e-4ef7-88ae-ffe7d62609b6	2	183625470	192177619	4114	0.0183
578641c8-214e-4ef7-88ae-ffe7d62609b6	2	192177984	196330375	1583	-0.0296
578641c8-214e-4ef7-88ae-ffe7d62609b6	2	196331107	198335398	1073	0.0135
578641c8-214e-4ef7-88ae-ffe7d62609b6	2	198335455	216215503	10563	0.0532
578641c8-214e-4ef7-88ae-ffe7d62609b6	2	216218413	216321529	69	0.115
578641c8-214e-4ef7-88ae-ffe7d62609b6	2	216327469	216327861	2	1.0109
578641c8-214e-4ef7-88ae-ffe7d62609b6	2	216341133	218004665	1210	0.1023
578641c8-214e-4ef7-88ae-ffe7d62609b6	2	218004819	235000053	10312	0.0532
578641c8-214e-4ef7-88ae-ffe7d62609b6	2	235001157	238438000	2199	0.6047
578641c8-214e-4ef7-88ae-ffe7d62609b6	2	238440354	241537572	1679	0.0587
578641c8-214e-4ef7-88ae-ffe7d62609b6	3	2170634	16574490	8927	0.086
578641c8-214e-4ef7-88ae-ffe7d62609b6	3	16578783	22426018	2945	0.0249
578641c8-214e-4ef7-88ae-ffe7d62609b6	3	22426810	53326714	17476	0.072
578641c8-214e-4ef7-88ae-ffe7d62609b6	3	53327014	65390198	7736	0.1145
578641c8-214e-4ef7-88ae-ffe7d62609b6	3	65391035	73076005	5335	0.0738
578641c8-214e-4ef7-88ae-ffe7d62609b6	3	73080423	73753218	531	0.1463
578641c8-214e-4ef7-88ae-ffe7d62609b6	3	73754292	76098356	1085	0.0831
578641c8-214e-4ef7-88ae-ffe7d62609b6	3	76102186	116233952	19481	0.0353
578641c8-214e-4ef7-88ae-ffe7d62609b6	3	116233988	122024899	3435	0.0607
578641c8-214e-4ef7-88ae-ffe7d62609b6	3	122028869	127212964	3202	0.1041
578641c8-214e-4ef7-88ae-ffe7d62609b6	3	127214399	132728020	3040	0.0619
578641c8-214e-4ef7-88ae-ffe7d62609b6	3	132729506	135840015	2008	0.1066
578641c8-214e-4ef7-88ae-ffe7d62609b6	3	135841811	145761148	5158	0.0517
578641c8-214e-4ef7-88ae-ffe7d62609b6	3	145761336	145767368	2	1.131
578641c8-214e-4ef7-88ae-ffe7d62609b6	3	145767435	153746892	4278	0.0506
578641c8-214e-4ef7-88ae-ffe7d62609b6	3	153747636	153751442	4	-0.8307
578641c8-214e-4ef7-88ae-ffe7d62609b6	3	153755897	160456087	3587	0.0647
578641c8-214e-4ef7-88ae-ffe7d62609b6	3	160470171	167355285	2980	0.0307
578641c8-214e-4ef7-88ae-ffe7d62609b6	3	167360052	170041143	1606	0.0673
578641c8-214e-4ef7-88ae-ffe7d62609b6	3	170046288	170338763	129	0.6064
578641c8-214e-4ef7-88ae-ffe7d62609b6	3	170342386	173434969	1760	0.0623
578641c8-214e-4ef7-88ae-ffe7d62609b6	3	173434993	176488367	1274	0.0117
578641c8-214e-4ef7-88ae-ffe7d62609b6	3	176488438	179245109	1514	0.0566
578641c8-214e-4ef7-88ae-ffe7d62609b6	3	179246058	187708393	4454	0.0805
578641c8-214e-4ef7-88ae-ffe7d62609b6	3	187709082	192753516	3298	0.0286
578641c8-214e-4ef7-88ae-ffe7d62609b6	3	192756533	194614879	1071	0.0978
578641c8-214e-4ef7-88ae-ffe7d62609b6	3	194615976	197812401	878	0.0494
578641c8-214e-4ef7-88ae-ffe7d62609b6	4	1059384	3453009	983	0.0509
578641c8-214e-4ef7-88ae-ffe7d62609b6	4	3461725	10702177	4173	0.1132
578641c8-214e-4ef7-88ae-ffe7d62609b6	4	10702513	27612265	11576	0.0784
578641c8-214e-4ef7-88ae-ffe7d62609b6	4	27612953	36295322	5055	0.0344
578641c8-214e-4ef7-88ae-ffe7d62609b6	4	36299641	43727493	4403	0.0781
578641c8-214e-4ef7-88ae-ffe7d62609b6	4	43727516	47930644	2097	0.0395
578641c8-214e-4ef7-88ae-ffe7d62609b6	4	47930652	57970570	4059	0.0897
578641c8-214e-4ef7-88ae-ffe7d62609b6	4	57972095	70469726	6273	0.0251
578641c8-214e-4ef7-88ae-ffe7d62609b6	4	70470554	76940784	3755	0.0608
578641c8-214e-4ef7-88ae-ffe7d62609b6	4	76942058	77455083	390	0.0425
578641c8-214e-4ef7-88ae-ffe7d62609b6	4	77455897	77466112	5	-0.4174
578641c8-214e-4ef7-88ae-ffe7d62609b6	4	77468139	77817831	183	0.0306
578641c8-214e-4ef7-88ae-ffe7d62609b6	4	77821363	77859829	27	-0.7709
578641c8-214e-4ef7-88ae-ffe7d62609b6	4	77864652	79263719	897	0.0591
578641c8-214e-4ef7-88ae-ffe7d62609b6	4	79266901	81047179	922	-0.0003
578641c8-214e-4ef7-88ae-ffe7d62609b6	4	81047208	95829815	8658	0.0539
578641c8-214e-4ef7-88ae-ffe7d62609b6	4	95830471	107428017	6337	0.0275
578641c8-214e-4ef7-88ae-ffe7d62609b6	4	107432216	131767659	13382	0.0515
578641c8-214e-4ef7-88ae-ffe7d62609b6	4	131769132	137888721	2964	0.0157
578641c8-214e-4ef7-88ae-ffe7d62609b6	4	137890858	160107128	12816	0.0589
578641c8-214e-4ef7-88ae-ffe7d62609b6	4	160107148	164177421	2413	0.0089
578641c8-214e-4ef7-88ae-ffe7d62609b6	4	164177450	175778211	6119	0.0422
578641c8-214e-4ef7-88ae-ffe7d62609b6	4	175779215	175779314	2	-1.5133
578641c8-214e-4ef7-88ae-ffe7d62609b6	4	175779418	180555651	2732	0.0309
578641c8-214e-4ef7-88ae-ffe7d62609b6	4	180556514	187842528	3277	0.0814
578641c8-214e-4ef7-88ae-ffe7d62609b6	5	913983	12053722	8026	0.094
578641c8-214e-4ef7-88ae-ffe7d62609b6	5	12054644	13273053	415	0.0037
578641c8-214e-4ef7-88ae-ffe7d62609b6	5	13273136	17441518	2444	0.1053
578641c8-214e-4ef7-88ae-ffe7d62609b6	5	17443157	31016110	7035	0.0324
578641c8-214e-4ef7-88ae-ffe7d62609b6	5	31016331	38978350	4770	0.0956
578641c8-214e-4ef7-88ae-ffe7d62609b6	5	38980527	50872407	3473	0.0377
578641c8-214e-4ef7-88ae-ffe7d62609b6	5	50872680	50976607	66	0.1234
578641c8-214e-4ef7-88ae-ffe7d62609b6	5	50982904	51885149	452	0.6004
578641c8-214e-4ef7-88ae-ffe7d62609b6	5	51889768	52122963	135	0.0045
578641c8-214e-4ef7-88ae-ffe7d62609b6	5	52126832	52287233	95	0.5429
578641c8-214e-4ef7-88ae-ffe7d62609b6	5	52298976	55632884	2160	0.0772
578641c8-214e-4ef7-88ae-ffe7d62609b6	5	55635689	55641511	4	-1.0577
578641c8-214e-4ef7-88ae-ffe7d62609b6	5	55642464	66919312	6597	0.066
578641c8-214e-4ef7-88ae-ffe7d62609b6	5	66922226	69121928	1515	-0.8762
578641c8-214e-4ef7-88ae-ffe7d62609b6	5	69130405	71623076	248	0.0477
578641c8-214e-4ef7-88ae-ffe7d62609b6	5	71625211	74400987	1899	0.116
578641c8-214e-4ef7-88ae-ffe7d62609b6	5	74402454	83917254	5584	0.0722
578641c8-214e-4ef7-88ae-ffe7d62609b6	5	83917945	107095646	11052	0.0231
578641c8-214e-4ef7-88ae-ffe7d62609b6	5	107096339	112601227	3530	0.0555
578641c8-214e-4ef7-88ae-ffe7d62609b6	5	112606141	112607855	3	-0.888
578641c8-214e-4ef7-88ae-ffe7d62609b6	5	112609049	129543464	10188	0.0612
578641c8-214e-4ef7-88ae-ffe7d62609b6	5	129545317	129545332	2	-1.4006
578641c8-214e-4ef7-88ae-ffe7d62609b6	5	129545482	133696442	2321	0.0584
578641c8-214e-4ef7-88ae-ffe7d62609b6	5	133698504	133712084	7	-0.6028
578641c8-214e-4ef7-88ae-ffe7d62609b6	5	133712887	138028571	2803	0.0907
578641c8-214e-4ef7-88ae-ffe7d62609b6	5	138039938	139857377	752	-0.796
578641c8-214e-4ef7-88ae-ffe7d62609b6	5	139861955	139870659	6	-6.8166
578641c8-214e-4ef7-88ae-ffe7d62609b6	5	139875321	166389815	16795	-0.8665
578641c8-214e-4ef7-88ae-ffe7d62609b6	5	166392817	166393024	2	-3.5856
578641c8-214e-4ef7-88ae-ffe7d62609b6	5	166394330	168834781	1721	-0.8767
578641c8-214e-4ef7-88ae-ffe7d62609b6	5	168836014	168840902	3	-3.1332
578641c8-214e-4ef7-88ae-ffe7d62609b6	5	168841366	180934240	6951	-0.8592
578641c8-214e-4ef7-88ae-ffe7d62609b6	6	1011760	2717365	1307	0.6384
578641c8-214e-4ef7-88ae-ffe7d62609b6	6	2717547	3062194	291	0.5107
578641c8-214e-4ef7-88ae-ffe7d62609b6	6	3066840	24667095	15200	0.6022
578641c8-214e-4ef7-88ae-ffe7d62609b6	6	24667434	25950414	708	0.5466
578641c8-214e-4ef7-88ae-ffe7d62609b6	6	25950693	26416426	237	0.4375
578641c8-214e-4ef7-88ae-ffe7d62609b6	6	26416898	26466954	2	1.4607
578641c8-214e-4ef7-88ae-ffe7d62609b6	6	26471347	27926318	403	0.525
578641c8-214e-4ef7-88ae-ffe7d62609b6	6	27926418	27928088	2	-0.3883
578641c8-214e-4ef7-88ae-ffe7d62609b6	6	27935794	30124930	824	0.5567
578641c8-214e-4ef7-88ae-ffe7d62609b6	6	30135554	33463792	676	0.4734
578641c8-214e-4ef7-88ae-ffe7d62609b6	6	33464031	39062134	3318	0.5546
578641c8-214e-4ef7-88ae-ffe7d62609b6	6	39062625	41006280	1502	0.6344
578641c8-214e-4ef7-88ae-ffe7d62609b6	6	41011955	43499601	1385	0.5681
578641c8-214e-4ef7-88ae-ffe7d62609b6	6	43501660	47836908	2650	0.0927
578641c8-214e-4ef7-88ae-ffe7d62609b6	6	47836976	50616001	1431	0.0431
578641c8-214e-4ef7-88ae-ffe7d62609b6	6	50618026	53579988	1898	0.0858
578641c8-214e-4ef7-88ae-ffe7d62609b6	6	53582821	53584063	7	-0.4039
578641c8-214e-4ef7-88ae-ffe7d62609b6	6	53584466	54135104	433	0.0801
578641c8-214e-4ef7-88ae-ffe7d62609b6	6	54135356	73280545	8406	0.0342
578641c8-214e-4ef7-88ae-ffe7d62609b6	6	73282928	73293139	12	0.7671
578641c8-214e-4ef7-88ae-ffe7d62609b6	6	73294866	73526398	84	0.0989
578641c8-214e-4ef7-88ae-ffe7d62609b6	6	73528885	86888974	7390	0.0403
578641c8-214e-4ef7-88ae-ffe7d62609b6	6	86889312	91454850	2818	0.0699
578641c8-214e-4ef7-88ae-ffe7d62609b6	6	91460256	96607611	2244	0.0099
578641c8-214e-4ef7-88ae-ffe7d62609b6	6	96608263	101431261	2864	0.0562
578641c8-214e-4ef7-88ae-ffe7d62609b6	6	101431689	104228332	1471	0.0181
578641c8-214e-4ef7-88ae-ffe7d62609b6	6	104229305	114136220	6177	0.0648
578641c8-214e-4ef7-88ae-ffe7d62609b6	6	114139684	124775996	5580	0.0324
578641c8-214e-4ef7-88ae-ffe7d62609b6	6	124776158	125802124	713	0.0906
578641c8-214e-4ef7-88ae-ffe7d62609b6	6	125802890	131002715	3193	0.0305
578641c8-214e-4ef7-88ae-ffe7d62609b6	6	131002852	135192822	2785	0.0763
578641c8-214e-4ef7-88ae-ffe7d62609b6	6	135193071	138048917	1912	0.0313
578641c8-214e-4ef7-88ae-ffe7d62609b6	6	138049306	138897977	562	0.0659
578641c8-214e-4ef7-88ae-ffe7d62609b6	6	138900713	138900747	2	-1.4105
578641c8-214e-4ef7-88ae-ffe7d62609b6	6	138900801	147005718	4547	0.0462
578641c8-214e-4ef7-88ae-ffe7d62609b6	6	147006283	149819396	1924	0.0718
578641c8-214e-4ef7-88ae-ffe7d62609b6	6	149819674	151668165	1282	0.1271
578641c8-214e-4ef7-88ae-ffe7d62609b6	6	151674783	154434675	2096	0.0428
578641c8-214e-4ef7-88ae-ffe7d62609b6	6	154434690	164391556	6056	0.0752
578641c8-214e-4ef7-88ae-ffe7d62609b6	6	164392152	170596889	2771	0.0484
578641c8-214e-4ef7-88ae-ffe7d62609b6	7	664936	4139169	1274	0.6001
578641c8-214e-4ef7-88ae-ffe7d62609b6	7	4141570	4579324	240	0.7052
578641c8-214e-4ef7-88ae-ffe7d62609b6	7	4580015	7820581	1381	0.5831
578641c8-214e-4ef7-88ae-ffe7d62609b6	7	7820611	14687502	4025	0.0527
578641c8-214e-4ef7-88ae-ffe7d62609b6	7	14691076	14691198	3	-0.9616
578641c8-214e-4ef7-88ae-ffe7d62609b6	7	14693870	32317123	11020	0.0719
578641c8-214e-4ef7-88ae-ffe7d62609b6	7	32319565	45701293	8111	-0.8689
578641c8-214e-4ef7-88ae-ffe7d62609b6	7	45702164	47516051	1374	0.1
578641c8-214e-4ef7-88ae-ffe7d62609b6	7	47516501	48501875	628	0.6388
578641c8-214e-4ef7-88ae-ffe7d62609b6	7	48506193	48642048	85	0.1166
578641c8-214e-4ef7-88ae-ffe7d62609b6	7	48642497	66937331	6251	0.0519
578641c8-214e-4ef7-88ae-ffe7d62609b6	7	66937586	69648020	1556	0.133
578641c8-214e-4ef7-88ae-ffe7d62609b6	7	69651258	70481656	457	0.0305
578641c8-214e-4ef7-88ae-ffe7d62609b6	7	70481978	72853922	1232	0.1274
578641c8-214e-4ef7-88ae-ffe7d62609b6	7	72854426	75574004	583	-0.748
578641c8-214e-4ef7-88ae-ffe7d62609b6	7	75580443	95320351	10206	0.0461
578641c8-214e-4ef7-88ae-ffe7d62609b6	7	95320432	101992308	3112	0.0853
578641c8-214e-4ef7-88ae-ffe7d62609b6	7	101994005	102451288	212	0.0422
578641c8-214e-4ef7-88ae-ffe7d62609b6	7	102766233	103412143	257	-0.8231
578641c8-214e-4ef7-88ae-ffe7d62609b6	7	103412988	104765342	978	0.0956
578641c8-214e-4ef7-88ae-ffe7d62609b6	7	104768944	140540641	19641	-0.8765
578641c8-214e-4ef7-88ae-ffe7d62609b6	7	140541231	141040601	353	-0.7304
578641c8-214e-4ef7-88ae-ffe7d62609b6	7	141041726	143938501	1084	-0.8693
578641c8-214e-4ef7-88ae-ffe7d62609b6	7	143938535	143938922	2	-3.2311
578641c8-214e-4ef7-88ae-ffe7d62609b6	7	143940557	158592540	7762	-0.8871
578641c8-214e-4ef7-88ae-ffe7d62609b6	8	667625	13987725	6197	0.087
578641c8-214e-4ef7-88ae-ffe7d62609b6	8	13988748	16578065	1948	0.0313
578641c8-214e-4ef7-88ae-ffe7d62609b6	8	16579639	23610863	5158	0.1077
578641c8-214e-4ef7-88ae-ffe7d62609b6	8	23611411	43080575	11795	0.0701
578641c8-214e-4ef7-88ae-ffe7d62609b6	8	46547532	48225387	636	0.5557
578641c8-214e-4ef7-88ae-ffe7d62609b6	8	48226019	49491466	729	0.6449
578641c8-214e-4ef7-88ae-ffe7d62609b6	8	49491830	54287157	2645	0.5709
578641c8-214e-4ef7-88ae-ffe7d62609b6	8	54287962	54287975	2	-0.8709
578641c8-214e-4ef7-88ae-ffe7d62609b6	8	54288654	77768114	14095	0.5798
578641c8-214e-4ef7-88ae-ffe7d62609b6	8	77771702	77772100	2	-0.6681
578641c8-214e-4ef7-88ae-ffe7d62609b6	8	77773806	81781687	2199	0.5849
578641c8-214e-4ef7-88ae-ffe7d62609b6	8	81782161	93203564	6084	0.5518
578641c8-214e-4ef7-88ae-ffe7d62609b6	8	93204054	109712607	9506	0.5871
578641c8-214e-4ef7-88ae-ffe7d62609b6	8	109713065	111656633	965	0.5274
578641c8-214e-4ef7-88ae-ffe7d62609b6	8	111662934	111665276	2	-0.5212
578641c8-214e-4ef7-88ae-ffe7d62609b6	8	111670860	115983973	2228	0.5356
578641c8-214e-4ef7-88ae-ffe7d62609b6	8	115985390	138696538	16023	0.5833
578641c8-214e-4ef7-88ae-ffe7d62609b6	8	138697926	139950807	1041	0.6372
578641c8-214e-4ef7-88ae-ffe7d62609b6	8	139950981	144182542	989	0.5849
578641c8-214e-4ef7-88ae-ffe7d62609b6	9	789794	14743920	8061	0.0777
578641c8-214e-4ef7-88ae-ffe7d62609b6	9	14744555	17893981	2443	0.1204
578641c8-214e-4ef7-88ae-ffe7d62609b6	9	17894274	20356541	2064	0.0894
578641c8-214e-4ef7-88ae-ffe7d62609b6	9	20356743	29173605	5328	0.0506
578641c8-214e-4ef7-88ae-ffe7d62609b6	9	29173833	29174713	2	-1.1517
578641c8-214e-4ef7-88ae-ffe7d62609b6	9	29176097	31759945	1360	0.0395
578641c8-214e-4ef7-88ae-ffe7d62609b6	9	31761421	72853515	7540	0.0892
578641c8-214e-4ef7-88ae-ffe7d62609b6	9	72854693	76126111	2143	0.0398
578641c8-214e-4ef7-88ae-ffe7d62609b6	9	76126270	81223032	3749	0.0826
578641c8-214e-4ef7-88ae-ffe7d62609b6	9	81223689	88803708	5120	0.1122
578641c8-214e-4ef7-88ae-ffe7d62609b6	9	88807434	98280059	5917	0.0818
578641c8-214e-4ef7-88ae-ffe7d62609b6	9	98281209	99059374	650	0.137
578641c8-214e-4ef7-88ae-ffe7d62609b6	9	99060020	106577669	4442	0.0687
578641c8-214e-4ef7-88ae-ffe7d62609b6	9	106578160	109857346	2680	0.1167
578641c8-214e-4ef7-88ae-ffe7d62609b6	9	109858091	113472538	2286	0.0656
578641c8-214e-4ef7-88ae-ffe7d62609b6	9	113474675	117512868	3010	0.109
578641c8-214e-4ef7-88ae-ffe7d62609b6	9	117514818	138044505	11704	0.0719
578641c8-214e-4ef7-88ae-ffe7d62609b6	10	366509	27673235	19114	-0.8554
578641c8-214e-4ef7-88ae-ffe7d62609b6	10	27673785	27679568	4	-2.7541
578641c8-214e-4ef7-88ae-ffe7d62609b6	10	27679725	37028416	6259	-0.8362
578641c8-214e-4ef7-88ae-ffe7d62609b6	10	37029186	38262100	683	-0.7668
578641c8-214e-4ef7-88ae-ffe7d62609b6	10	38262733	42452522	104	-0.5282
578641c8-214e-4ef7-88ae-ffe7d62609b6	10	42457632	43153606	457	-0.7389
578641c8-214e-4ef7-88ae-ffe7d62609b6	10	43154790	43804162	375	-0.8068
578641c8-214e-4ef7-88ae-ffe7d62609b6	10	43804693	67420477	12753	-0.863
578641c8-214e-4ef7-88ae-ffe7d62609b6	10	67422126	87852267	12561	-0.8218
578641c8-214e-4ef7-88ae-ffe7d62609b6	10	87855380	87897393	61	-0.5674
578641c8-214e-4ef7-88ae-ffe7d62609b6	10	87898118	87902349	10	-0.0054
578641c8-214e-4ef7-88ae-ffe7d62609b6	10	87902461	87946867	62	-0.6721
578641c8-214e-4ef7-88ae-ffe7d62609b6	10	87947064	103469991	8950	-0.8166
578641c8-214e-4ef7-88ae-ffe7d62609b6	10	103470575	103473034	2	-3.2416
578641c8-214e-4ef7-88ae-ffe7d62609b6	10	103473337	112835180	6261	-0.8405
578641c8-214e-4ef7-88ae-ffe7d62609b6	10	112836915	112838097	4	-3.2495
578641c8-214e-4ef7-88ae-ffe7d62609b6	10	112838116	132747307	13266	-0.8368
578641c8-214e-4ef7-88ae-ffe7d62609b6	10	132747703	133103793	12	0.0005
578641c8-214e-4ef7-88ae-ffe7d62609b6	10	133107631	133411599	92	-0.8374
578641c8-214e-4ef7-88ae-ffe7d62609b6	11	456012	11115168	5959	0.0589
578641c8-214e-4ef7-88ae-ffe7d62609b6	11	11117844	16040419	3712	0.0975
578641c8-214e-4ef7-88ae-ffe7d62609b6	11	16042841	16471480	221	-0.0095
578641c8-214e-4ef7-88ae-ffe7d62609b6	11	16471496	20966094	3359	0.1049
578641c8-214e-4ef7-88ae-ffe7d62609b6	11	20966515	34267694	8360	0.0602
578641c8-214e-4ef7-88ae-ffe7d62609b6	11	34268836	34269606	2	-0.9912
578641c8-214e-4ef7-88ae-ffe7d62609b6	11	34270328	38569411	2624	0.0564
578641c8-214e-4ef7-88ae-ffe7d62609b6	11	38569976	38571341	3	-1.9427
578641c8-214e-4ef7-88ae-ffe7d62609b6	11	38578087	84193943	20829	0.0516
578641c8-214e-4ef7-88ae-ffe7d62609b6	11	84195892	84358092	122	-0.8312
578641c8-214e-4ef7-88ae-ffe7d62609b6	11	84472844	86167863	926	0.0287
578641c8-214e-4ef7-88ae-ffe7d62609b6	11	86167911	88736515	1766	0.0865
578641c8-214e-4ef7-88ae-ffe7d62609b6	11	88736995	92192918	1782	0.0307
578641c8-214e-4ef7-88ae-ffe7d62609b6	11	92196440	95518059	2049	0.0876
578641c8-214e-4ef7-88ae-ffe7d62609b6	11	95518067	107183916	7521	0.0318
578641c8-214e-4ef7-88ae-ffe7d62609b6	11	107184598	118172259	7270	0.0834
578641c8-214e-4ef7-88ae-ffe7d62609b6	11	118172585	119435739	748	0.0216
578641c8-214e-4ef7-88ae-ffe7d62609b6	11	119437453	128407340	6482	0.0843
578641c8-214e-4ef7-88ae-ffe7d62609b6	11	128413550	128604196	293	-0.0124
578641c8-214e-4ef7-88ae-ffe7d62609b6	11	128604231	134272740	3564	0.0907
578641c8-214e-4ef7-88ae-ffe7d62609b6	12	780472	1769226	222	0.0141
578641c8-214e-4ef7-88ae-ffe7d62609b6	12	1770219	3623374	1161	0.1073
578641c8-214e-4ef7-88ae-ffe7d62609b6	12	3624583	4788114	854	0.029
578641c8-214e-4ef7-88ae-ffe7d62609b6	12	4788224	6358419	1324	0.1135
578641c8-214e-4ef7-88ae-ffe7d62609b6	12	6361094	9253486	1193	0.0352
578641c8-214e-4ef7-88ae-ffe7d62609b6	12	9590931	11212237	854	-0.0209
578641c8-214e-4ef7-88ae-ffe7d62609b6	12	11215275	16446001	3376	0.0726
578641c8-214e-4ef7-88ae-ffe7d62609b6	12	16449328	21114646	2761	0.0273
578641c8-214e-4ef7-88ae-ffe7d62609b6	12	21114943	23712277	1721	0.0739
578641c8-214e-4ef7-88ae-ffe7d62609b6	12	23712822	23713090	2	-0.4265
578641c8-214e-4ef7-88ae-ffe7d62609b6	12	23716149	24240820	360	-0.0081
578641c8-214e-4ef7-88ae-ffe7d62609b6	12	24242268	24242338	3	-0.7279
578641c8-214e-4ef7-88ae-ffe7d62609b6	12	24244010	52946609	13621	0.0659
578641c8-214e-4ef7-88ae-ffe7d62609b6	12	52951046	53737534	330	-0.812
578641c8-214e-4ef7-88ae-ffe7d62609b6	12	53740507	55960356	1203	0.0457
578641c8-214e-4ef7-88ae-ffe7d62609b6	12	55967587	59314863	1941	0.5385
578641c8-214e-4ef7-88ae-ffe7d62609b6	12	59322596	59456376	63	0.0831
578641c8-214e-4ef7-88ae-ffe7d62609b6	12	59456635	61834861	1388	0.0121
578641c8-214e-4ef7-88ae-ffe7d62609b6	12	61837129	67874559	3731	0.0759
578641c8-214e-4ef7-88ae-ffe7d62609b6	12	67878305	75689842	4756	0.0389
578641c8-214e-4ef7-88ae-ffe7d62609b6	12	75690327	77334945	1052	0.0815
578641c8-214e-4ef7-88ae-ffe7d62609b6	12	77335605	94500615	10355	0.0334
578641c8-214e-4ef7-88ae-ffe7d62609b6	12	94500821	105288529	7072	0.0634
578641c8-214e-4ef7-88ae-ffe7d62609b6	12	105288554	113490404	4772	0.0831
578641c8-214e-4ef7-88ae-ffe7d62609b6	12	113497676	115845575	1671	0.1451
578641c8-214e-4ef7-88ae-ffe7d62609b6	12	115845805	116066459	146	0.087
578641c8-214e-4ef7-88ae-ffe7d62609b6	12	116069673	116328435	149	-0.0752
578641c8-214e-4ef7-88ae-ffe7d62609b6	12	116328832	120427832	2557	0.0977
578641c8-214e-4ef7-88ae-ffe7d62609b6	12	120430380	124002768	1572	0.5485
578641c8-214e-4ef7-88ae-ffe7d62609b6	12	124006982	132605822	4152	0.0968
578641c8-214e-4ef7-88ae-ffe7d62609b6	13	18874255	33247360	8836	0.0771
578641c8-214e-4ef7-88ae-ffe7d62609b6	13	33247444	33269180	22	0.5342
578641c8-214e-4ef7-88ae-ffe7d62609b6	13	33269505	34107158	574	0.9374
578641c8-214e-4ef7-88ae-ffe7d62609b6	13	34107232	34122599	14	0.6258
578641c8-214e-4ef7-88ae-ffe7d62609b6	13	34127785	36859644	1848	0.0929
578641c8-214e-4ef7-88ae-ffe7d62609b6	13	36861013	43932535	4616	0.0574
578641c8-214e-4ef7-88ae-ffe7d62609b6	13	43933296	44253745	217	0.1347
578641c8-214e-4ef7-88ae-ffe7d62609b6	13	44255034	44260246	7	-0.9206
578641c8-214e-4ef7-88ae-ffe7d62609b6	13	44261306	47607997	2163	0.0745
578641c8-214e-4ef7-88ae-ffe7d62609b6	13	47609301	52201827	2064	0.0308
578641c8-214e-4ef7-88ae-ffe7d62609b6	13	52204119	53556493	632	0.0977
578641c8-214e-4ef7-88ae-ffe7d62609b6	13	53556841	94123524	22867	0.0383
578641c8-214e-4ef7-88ae-ffe7d62609b6	13	94124146	99002714	3137	0.0969
578641c8-214e-4ef7-88ae-ffe7d62609b6	13	99003185	108687955	6727	0.0492
578641c8-214e-4ef7-88ae-ffe7d62609b6	13	108688706	114226675	3277	0.0931
578641c8-214e-4ef7-88ae-ffe7d62609b6	14	20033191	33403483	7109	0.0761
578641c8-214e-4ef7-88ae-ffe7d62609b6	14	33405402	33406697	5	-0.6346
578641c8-214e-4ef7-88ae-ffe7d62609b6	14	33407571	36945798	2246	0.0881
578641c8-214e-4ef7-88ae-ffe7d62609b6	14	36946266	41133689	2162	0.024
578641c8-214e-4ef7-88ae-ffe7d62609b6	14	41137648	41137683	3	-1.0254
578641c8-214e-4ef7-88ae-ffe7d62609b6	14	41137696	44517428	1363	0.0157
578641c8-214e-4ef7-88ae-ffe7d62609b6	14	44524267	44524477	2	-1.0873
578641c8-214e-4ef7-88ae-ffe7d62609b6	14	44524559	48212097	1666	0.0333
578641c8-214e-4ef7-88ae-ffe7d62609b6	14	48213308	67784467	12013	0.0721
578641c8-214e-4ef7-88ae-ffe7d62609b6	14	67784836	68682382	525	0.0037
578641c8-214e-4ef7-88ae-ffe7d62609b6	14	68687652	70409219	1083	0.0824
578641c8-214e-4ef7-88ae-ffe7d62609b6	14	70410958	71704491	686	0.0085
578641c8-214e-4ef7-88ae-ffe7d62609b6	14	71705504	72646356	802	0.089
578641c8-214e-4ef7-88ae-ffe7d62609b6	14	72646530	72765547	82	-0.8985
578641c8-214e-4ef7-88ae-ffe7d62609b6	14	72768742	75324697	1343	0.0639
578641c8-214e-4ef7-88ae-ffe7d62609b6	14	75324936	81972701	4479	0.0958
578641c8-214e-4ef7-88ae-ffe7d62609b6	14	81974089	87310078	3420	0.0379
578641c8-214e-4ef7-88ae-ffe7d62609b6	14	87310329	90647193	1903	0.0833
578641c8-214e-4ef7-88ae-ffe7d62609b6	14	90647298	93354360	1630	0.0493
578641c8-214e-4ef7-88ae-ffe7d62609b6	14	93357089	96639759	2448	0.1137
578641c8-214e-4ef7-88ae-ffe7d62609b6	14	96640730	105533894	4825	0.0527
578641c8-214e-4ef7-88ae-ffe7d62609b6	15	23437561	25120008	794	0.1189
578641c8-214e-4ef7-88ae-ffe7d62609b6	15	25129884	59390711	18762	-0.8318
578641c8-214e-4ef7-88ae-ffe7d62609b6	15	59390800	59390825	2	-4.796
578641c8-214e-4ef7-88ae-ffe7d62609b6	15	59393313	62126084	2153	-0.8834
578641c8-214e-4ef7-88ae-ffe7d62609b6	15	62129375	84793575	12775	0.0961
578641c8-214e-4ef7-88ae-ffe7d62609b6	15	84793583	84793714	2	-1.5183
578641c8-214e-4ef7-88ae-ffe7d62609b6	15	84794022	87893768	1942	0.0936
578641c8-214e-4ef7-88ae-ffe7d62609b6	15	87893838	89071292	788	0.1462
578641c8-214e-4ef7-88ae-ffe7d62609b6	15	89072044	89917897	465	0.1009
578641c8-214e-4ef7-88ae-ffe7d62609b6	15	89921822	92182688	1517	0.0483
578641c8-214e-4ef7-88ae-ffe7d62609b6	15	92182708	101344124	5531	0.1058
578641c8-214e-4ef7-88ae-ffe7d62609b6	16	603333	4626646	1438	0.0595
578641c8-214e-4ef7-88ae-ffe7d62609b6	16	4627035	20748693	7889	0.1179
578641c8-214e-4ef7-88ae-ffe7d62609b6	16	20760378	20918478	92	-0.0358
578641c8-214e-4ef7-88ae-ffe7d62609b6	16	20919825	27175663	3263	0.1088
578641c8-214e-4ef7-88ae-ffe7d62609b6	16	27175985	31841585	1359	0.0535
578641c8-214e-4ef7-88ae-ffe7d62609b6	16	46470502	48139148	670	-0.76
578641c8-214e-4ef7-88ae-ffe7d62609b6	16	48139493	48142877	11	-1.4539
578641c8-214e-4ef7-88ae-ffe7d62609b6	16	48145622	49079376	584	-0.7634
578641c8-214e-4ef7-88ae-ffe7d62609b6	16	49079390	49081096	3	-4.2482
578641c8-214e-4ef7-88ae-ffe7d62609b6	16	49081364	70772771	13671	-0.8072
578641c8-214e-4ef7-88ae-ffe7d62609b6	16	70780455	70780884	2	-6.1296
578641c8-214e-4ef7-88ae-ffe7d62609b6	16	70784726	89317317	12137	-0.8407
578641c8-214e-4ef7-88ae-ffe7d62609b6	17	1074619	8651085	3664	0.0466
578641c8-214e-4ef7-88ae-ffe7d62609b6	17	8654290	10695040	1338	0.1002
578641c8-214e-4ef7-88ae-ffe7d62609b6	17	10698623	10698673	2	-1.2089
578641c8-214e-4ef7-88ae-ffe7d62609b6	17	10700920	27982392	5256	0.0915
578641c8-214e-4ef7-88ae-ffe7d62609b6	17	27983466	32852614	2111	0.0465
578641c8-214e-4ef7-88ae-ffe7d62609b6	17	32853505	33631275	736	0.1352
578641c8-214e-4ef7-88ae-ffe7d62609b6	17	34611015	39130316	2012	0.0719
578641c8-214e-4ef7-88ae-ffe7d62609b6	17	39131111	39240596	36	0.1701
578641c8-214e-4ef7-88ae-ffe7d62609b6	17	39242778	45461373	2890	0.0447
578641c8-214e-4ef7-88ae-ffe7d62609b6	17	46733528	49879360	1561	0.5593
578641c8-214e-4ef7-88ae-ffe7d62609b6	17	49892023	63560120	7672	0.0737
578641c8-214e-4ef7-88ae-ffe7d62609b6	17	63560299	64936097	581	-0.0014
578641c8-214e-4ef7-88ae-ffe7d62609b6	17	64936226	71191604	3994	0.0855
578641c8-214e-4ef7-88ae-ffe7d62609b6	17	71192587	73741253	1947	0.1317
578641c8-214e-4ef7-88ae-ffe7d62609b6	17	73742096	78136611	1632	0.0331
578641c8-214e-4ef7-88ae-ffe7d62609b6	17	78151739	78901892	273	-0.853
578641c8-214e-4ef7-88ae-ffe7d62609b6	17	78902983	78919376	10	-1.2023
578641c8-214e-4ef7-88ae-ffe7d62609b6	17	78921031	82959812	1572	0.0572
578641c8-214e-4ef7-88ae-ffe7d62609b6	18	326691	1102485	201	0.1242
578641c8-214e-4ef7-88ae-ffe7d62609b6	18	1103353	4661208	1997	0.0597
578641c8-214e-4ef7-88ae-ffe7d62609b6	18	4664609	9048770	2733	0.1138
578641c8-214e-4ef7-88ae-ffe7d62609b6	18	9054615	9363217	146	-0.8721
578641c8-214e-4ef7-88ae-ffe7d62609b6	18	9365410	27991502	7379	0.0911
578641c8-214e-4ef7-88ae-ffe7d62609b6	18	27998279	44514508	9849	0.0621
578641c8-214e-4ef7-88ae-ffe7d62609b6	18	44514698	51934227	5118	0.0987
578641c8-214e-4ef7-88ae-ffe7d62609b6	18	51934394	56978451	3104	0.0635
578641c8-214e-4ef7-88ae-ffe7d62609b6	18	56980422	59743933	1982	0.1045
578641c8-214e-4ef7-88ae-ffe7d62609b6	18	59744183	70333854	6084	0.0548
578641c8-214e-4ef7-88ae-ffe7d62609b6	18	70334677	79349796	4373	0.0839
578641c8-214e-4ef7-88ae-ffe7d62609b6	19	283868	21528153	7976	0.0356
578641c8-214e-4ef7-88ae-ffe7d62609b6	19	21534501	21538872	2	-1.7885
578641c8-214e-4ef7-88ae-ffe7d62609b6	19	21539503	23200188	675	0.0563
578641c8-214e-4ef7-88ae-ffe7d62609b6	19	23200921	28839170	1217	0.1123
578641c8-214e-4ef7-88ae-ffe7d62609b6	19	28840036	29108792	262	0.1986
578641c8-214e-4ef7-88ae-ffe7d62609b6	19	29109329	33968502	3356	0.113
578641c8-214e-4ef7-88ae-ffe7d62609b6	19	33968729	41501959	3757	0.042
578641c8-214e-4ef7-88ae-ffe7d62609b6	19	41525232	42141822	256	-0.8451
578641c8-214e-4ef7-88ae-ffe7d62609b6	19	42143063	42351015	63	-3.1044
578641c8-214e-4ef7-88ae-ffe7d62609b6	19	42354544	42520687	69	-0.7609
578641c8-214e-4ef7-88ae-ffe7d62609b6	19	42524120	58370362	6520	0.0374
578641c8-214e-4ef7-88ae-ffe7d62609b6	20	472817	5272413	2998	0.0596
578641c8-214e-4ef7-88ae-ffe7d62609b6	20	5272462	10131271	2992	0.1077
578641c8-214e-4ef7-88ae-ffe7d62609b6	20	10131410	10131410	2	-0.9867
578641c8-214e-4ef7-88ae-ffe7d62609b6	20	10131532	14156377	2803	0.1052
578641c8-214e-4ef7-88ae-ffe7d62609b6	20	14159829	15827842	838	0.0492
578641c8-214e-4ef7-88ae-ffe7d62609b6	20	15827904	25523191	7088	0.1034
578641c8-214e-4ef7-88ae-ffe7d62609b6	20	25525946	33499195	1415	0.0815
578641c8-214e-4ef7-88ae-ffe7d62609b6	20	33500295	37898500	2143	0.041
578641c8-214e-4ef7-88ae-ffe7d62609b6	20	37898813	44524579	4480	0.1033
578641c8-214e-4ef7-88ae-ffe7d62609b6	20	44534968	50624830	3886	0.0527
578641c8-214e-4ef7-88ae-ffe7d62609b6	20	50626608	56589768	4248	0.0881
578641c8-214e-4ef7-88ae-ffe7d62609b6	20	56592016	56719483	89	0.2442
578641c8-214e-4ef7-88ae-ffe7d62609b6	20	56781498	57248136	438	0.1303
578641c8-214e-4ef7-88ae-ffe7d62609b6	20	57248573	60293356	2298	0.0643
578641c8-214e-4ef7-88ae-ffe7d62609b6	20	60293576	63588502	1852	0.1064
578641c8-214e-4ef7-88ae-ffe7d62609b6	21	13974127	25419891	7101	0.0374
578641c8-214e-4ef7-88ae-ffe7d62609b6	21	25420261	39354553	9502	0.0779
578641c8-214e-4ef7-88ae-ffe7d62609b6	21	39354970	41771434	1991	0.1173
578641c8-214e-4ef7-88ae-ffe7d62609b6	21	41771801	42130143	273	0.0669
578641c8-214e-4ef7-88ae-ffe7d62609b6	21	42134291	46262057	1733	0.0415
578641c8-214e-4ef7-88ae-ffe7d62609b6	22	16934932	17597388	392	0.1119
578641c8-214e-4ef7-88ae-ffe7d62609b6	22	17598370	18131162	380	0.6197
578641c8-214e-4ef7-88ae-ffe7d62609b6	22	21741482	27779753	3085	0.1163
578641c8-214e-4ef7-88ae-ffe7d62609b6	22	27782960	32238890	2405	0.0725
578641c8-214e-4ef7-88ae-ffe7d62609b6	22	32239049	33026521	668	0.1403
578641c8-214e-4ef7-88ae-ffe7d62609b6	22	33033723	33305541	211	-0.778
578641c8-214e-4ef7-88ae-ffe7d62609b6	22	33306193	35187176	1781	0.123
578641c8-214e-4ef7-88ae-ffe7d62609b6	22	35187221	35187914	3	0.8711
578641c8-214e-4ef7-88ae-ffe7d62609b6	22	35188030	35761948	254	0.1274
578641c8-214e-4ef7-88ae-ffe7d62609b6	22	35765707	39658707	1906	0.0365
578641c8-214e-4ef7-88ae-ffe7d62609b6	22	39659649	42380962	1398	0.552
578641c8-214e-4ef7-88ae-ffe7d62609b6	22	42385617	48940621	4607	0.0957
578641c8-214e-4ef7-88ae-ffe7d62609b6	X	3236359	25298317	9544	0.0287
578641c8-214e-4ef7-88ae-ffe7d62609b6	X	25298470	36104983	5178	-0.0214
578641c8-214e-4ef7-88ae-ffe7d62609b6	X	36105098	71813724	12689	0.0216
578641c8-214e-4ef7-88ae-ffe7d62609b6	X	71814515	71816299	2	-4.0761
578641c8-214e-4ef7-88ae-ffe7d62609b6	X	71823110	99685597	10812	-0.0387
578641c8-214e-4ef7-88ae-ffe7d62609b6	X	99686929	116471818	7793	0.006
578641c8-214e-4ef7-88ae-ffe7d62609b6	X	116486091	116526313	30	0.7993
578641c8-214e-4ef7-88ae-ffe7d62609b6	X	116528726	132081733	7370	0.0019
578641c8-214e-4ef7-88ae-ffe7d62609b6	X	132082426	132082656	2	1.7613
578641c8-214e-4ef7-88ae-ffe7d62609b6	X	132083360	138490846	2901	0.023
578641c8-214e-4ef7-88ae-ffe7d62609b6	X	138490940	138491705	4	1.0206
578641c8-214e-4ef7-88ae-ffe7d62609b6	X	138491915	139641269	738	0.0015
578641c8-214e-4ef7-88ae-ffe7d62609b6	X	139642566	139642770	3	-2.0593
578641c8-214e-4ef7-88ae-ffe7d62609b6	X	139642962	155677414	6850	0.0083
