GDC_Aliquot	Chromosome	Start	End	Num_Probes	Segment_Mean
fb43b6dc-1336-4365-b852-969887186019	1	3301765	55060394	27722	0.0895
fb43b6dc-1336-4365-b852-969887186019	1	55061170	108048560	33104	0.124
fb43b6dc-1336-4365-b852-969887186019	1	108048943	112003977	2283	0.0779
fb43b6dc-1336-4365-b852-969887186019	1	112004602	112273258	247	0.1566
fb43b6dc-1336-4365-b852-969887186019	1	112273589	119981279	4712	-0.6612
fb43b6dc-1336-4365-b852-969887186019	1	119981332	151571622	620	0.0246
fb43b6dc-1336-4365-b852-969887186019	1	151578125	153593211	1167	0.1092
fb43b6dc-1336-4365-b852-969887186019	1	153594303	156381275	1233	0.0274
fb43b6dc-1336-4365-b852-969887186019	1	156382605	162965475	4257	0.0759
fb43b6dc-1336-4365-b852-969887186019	1	162965769	242708510	52013	0.113
fb43b6dc-1336-4365-b852-969887186019	1	242709407	247650984	2314	0.0882
fb43b6dc-1336-4365-b852-969887186019	2	480597	6956326	3904	0.1336
fb43b6dc-1336-4365-b852-969887186019	2	6956858	11302969	2902	0.0962
fb43b6dc-1336-4365-b852-969887186019	2	11303322	23857404	8475	0.1498
fb43b6dc-1336-4365-b852-969887186019	2	23857430	29111565	2377	0.086
fb43b6dc-1336-4365-b852-969887186019	2	29112977	53334437	14013	0.1365
fb43b6dc-1336-4365-b852-969887186019	2	53336115	53347048	7	-0.6953
fb43b6dc-1336-4365-b852-969887186019	2	53350292	85988537	18335	0.1308
fb43b6dc-1336-4365-b852-969887186019	2	85991001	88538749	600	0.0585
fb43b6dc-1336-4365-b852-969887186019	2	88541547	88831554	146	0.1575
fb43b6dc-1336-4365-b852-969887186019	2	94675825	99890715	1862	0.5356
fb43b6dc-1336-4365-b852-969887186019	2	99890769	129688850	15969	0.585
fb43b6dc-1336-4365-b852-969887186019	2	129689214	130454138	205	0.5413
fb43b6dc-1336-4365-b852-969887186019	2	130455273	140411610	4778	-0.6299
fb43b6dc-1336-4365-b852-969887186019	2	140414411	140529715	71	0.1911
fb43b6dc-1336-4365-b852-969887186019	2	140529748	140577168	34	0.5591
fb43b6dc-1336-4365-b852-969887186019	2	140583057	140639019	42	0.1672
fb43b6dc-1336-4365-b852-969887186019	2	140641259	141438986	494	-0.5931
fb43b6dc-1336-4365-b852-969887186019	2	141441852	141441892	2	-2.6126
fb43b6dc-1336-4365-b852-969887186019	2	141442187	142014138	467	-0.6
fb43b6dc-1336-4365-b852-969887186019	2	142023119	142099215	54	-2.8557
fb43b6dc-1336-4365-b852-969887186019	2	142102109	169392308	15756	-0.6076
fb43b6dc-1336-4365-b852-969887186019	2	169393292	169752776	200	0.1288
fb43b6dc-1336-4365-b852-969887186019	2	169755455	179373147	5976	0.5994
fb43b6dc-1336-4365-b852-969887186019	2	179377210	179714418	243	-0.7027
fb43b6dc-1336-4365-b852-969887186019	2	179715274	183870992	2457	-0.6023
fb43b6dc-1336-4365-b852-969887186019	2	183871519	186820418	1109	-0.5257
fb43b6dc-1336-4365-b852-969887186019	2	186820517	217612230	17015	-0.614
fb43b6dc-1336-4365-b852-969887186019	2	217616829	217617264	3	-2.898
fb43b6dc-1336-4365-b852-969887186019	2	217617313	230111946	7688	-0.6236
fb43b6dc-1336-4365-b852-969887186019	2	230112557	237667726	4570	-0.6755
fb43b6dc-1336-4365-b852-969887186019	2	237667801	237668016	2	-5.9836
fb43b6dc-1336-4365-b852-969887186019	2	237668575	241537572	2087	-0.6995
fb43b6dc-1336-4365-b852-969887186019	3	2170634	17357514	9335	-0.6483
fb43b6dc-1336-4365-b852-969887186019	3	17357789	31899872	8456	-0.5907
fb43b6dc-1336-4365-b852-969887186019	3	31903685	31920901	13	0.1002
fb43b6dc-1336-4365-b852-969887186019	3	31924266	42302810	6133	-0.6096
fb43b6dc-1336-4365-b852-969887186019	3	42302838	55769073	7103	-0.6506
fb43b6dc-1336-4365-b852-969887186019	3	55769407	55771419	3	-3.6967
fb43b6dc-1336-4365-b852-969887186019	3	55773043	67983012	7504	-0.6507
fb43b6dc-1336-4365-b852-969887186019	3	67986194	68188748	111	0.55
fb43b6dc-1336-4365-b852-969887186019	3	68189264	68593581	313	0.9165
fb43b6dc-1336-4365-b852-969887186019	3	68598771	68794045	121	0.5855
fb43b6dc-1336-4365-b852-969887186019	3	68802057	70720916	1423	-0.6237
fb43b6dc-1336-4365-b852-969887186019	3	70721566	73768375	2184	-0.6814
fb43b6dc-1336-4365-b852-969887186019	3	73768432	91462299	8289	-0.6031
fb43b6dc-1336-4365-b852-969887186019	3	94015345	125353756	17847	0.5791
fb43b6dc-1336-4365-b852-969887186019	3	125364084	130174126	2471	0.5251
fb43b6dc-1336-4365-b852-969887186019	3	130176612	197812401	35597	0.5719
fb43b6dc-1336-4365-b852-969887186019	4	1059384	8704195	4285	-0.7303
fb43b6dc-1336-4365-b852-969887186019	4	8704538	27597866	12295	-0.6501
fb43b6dc-1336-4365-b852-969887186019	4	27598719	27607818	10	-1.5718
fb43b6dc-1336-4365-b852-969887186019	4	27608352	52162088	11782	-0.6281
fb43b6dc-1336-4365-b852-969887186019	4	52162705	52163493	2	-3.4187
fb43b6dc-1336-4365-b852-969887186019	4	52163606	53801317	982	-0.6475
fb43b6dc-1336-4365-b852-969887186019	4	53802973	53917782	96	-0.7524
fb43b6dc-1336-4365-b852-969887186019	4	53923138	57640131	2523	0.1075
fb43b6dc-1336-4365-b852-969887186019	4	57641851	70424919	6413	0.1492
fb43b6dc-1336-4365-b852-969887186019	4	70425761	71260725	428	0.0554
fb43b6dc-1336-4365-b852-969887186019	4	71261604	75371236	2378	0.1489
fb43b6dc-1336-4365-b852-969887186019	4	75372303	80719501	3245	0.1122
fb43b6dc-1336-4365-b852-969887186019	4	80722139	80724069	2	-1.6896
fb43b6dc-1336-4365-b852-969887186019	4	80725801	114091887	19110	0.134
fb43b6dc-1336-4365-b852-969887186019	4	114091976	114092247	2	-1.3223
fb43b6dc-1336-4365-b852-969887186019	4	114093536	138850287	13071	0.1368
fb43b6dc-1336-4365-b852-969887186019	4	138850848	141194537	1544	0.0885
fb43b6dc-1336-4365-b852-969887186019	4	141195342	187842528	25131	0.1356
fb43b6dc-1336-4365-b852-969887186019	5	914118	22050791	13025	0.5851
fb43b6dc-1336-4365-b852-969887186019	5	22051548	160891155	76017	0.1211
fb43b6dc-1336-4365-b852-969887186019	5	160891981	160899367	2	-2.2009
fb43b6dc-1336-4365-b852-969887186019	5	160899617	161170770	203	0.1274
fb43b6dc-1336-4365-b852-969887186019	5	161171884	161172535	3	-1.6759
fb43b6dc-1336-4365-b852-969887186019	5	161177883	168414841	4610	0.1244
fb43b6dc-1336-4365-b852-969887186019	5	168417168	180934240	7228	0.0774
fb43b6dc-1336-4365-b852-969887186019	6	1011760	9035818	5932	0.099
fb43b6dc-1336-4365-b852-969887186019	6	9042199	9042981	2	-1.2401
fb43b6dc-1336-4365-b852-969887186019	6	9045696	9612044	355	0.1305
fb43b6dc-1336-4365-b852-969887186019	6	9613076	9613364	2	-1.3967
fb43b6dc-1336-4365-b852-969887186019	6	9614502	24980654	10713	0.0998
fb43b6dc-1336-4365-b852-969887186019	6	24982527	37969198	5155	0.0479
fb43b6dc-1336-4365-b852-969887186019	6	37969955	46638394	5454	0.0873
fb43b6dc-1336-4365-b852-969887186019	6	46638591	51965092	3156	0.1557
fb43b6dc-1336-4365-b852-969887186019	6	51967589	53591910	1071	0.1048
fb43b6dc-1336-4365-b852-969887186019	6	53592132	61631661	2316	0.1621
fb43b6dc-1336-4365-b852-969887186019	6	61631812	62221931	251	0.3097
fb43b6dc-1336-4365-b852-969887186019	6	62222181	67587345	2936	0.1622
fb43b6dc-1336-4365-b852-969887186019	6	67588881	68225941	324	0.1147
fb43b6dc-1336-4365-b852-969887186019	6	68226028	77990079	5670	-0.6231
fb43b6dc-1336-4365-b852-969887186019	6	77997667	77998064	2	-3.115
fb43b6dc-1336-4365-b852-969887186019	6	77998634	131853789	30242	-0.6309
fb43b6dc-1336-4365-b852-969887186019	6	131857986	132063358	144	0.1345
fb43b6dc-1336-4365-b852-969887186019	6	132063888	133053487	698	1.1333
fb43b6dc-1336-4365-b852-969887186019	6	133055560	133159211	56	1.5461
fb43b6dc-1336-4365-b852-969887186019	6	133160165	133797351	470	1.6911
fb43b6dc-1336-4365-b852-969887186019	6	133798716	134179787	234	1.5046
fb43b6dc-1336-4365-b852-969887186019	6	134179827	134181128	3	0.5931
fb43b6dc-1336-4365-b852-969887186019	6	134183066	134397995	138	1.3128
fb43b6dc-1336-4365-b852-969887186019	6	134401493	134897178	356	1.1371
fb43b6dc-1336-4365-b852-969887186019	6	134898128	135635396	514	0.8693
fb43b6dc-1336-4365-b852-969887186019	6	135638536	136983650	850	1.3154
fb43b6dc-1336-4365-b852-969887186019	6	136987732	137329448	237	1.7617
fb43b6dc-1336-4365-b852-969887186019	6	137329641	137808319	368	1.6312
fb43b6dc-1336-4365-b852-969887186019	6	137809810	138137475	198	1.8276
fb43b6dc-1336-4365-b852-969887186019	6	138138441	140006963	1181	2.0002
fb43b6dc-1336-4365-b852-969887186019	6	140014872	140107319	49	2.3765
fb43b6dc-1336-4365-b852-969887186019	6	140113897	140147034	8	1.9536
fb43b6dc-1336-4365-b852-969887186019	6	140153111	140305495	70	1.7677
fb43b6dc-1336-4365-b852-969887186019	6	140315494	141293152	286	-0.5561
fb43b6dc-1336-4365-b852-969887186019	6	141343311	141449056	59	1.1729
fb43b6dc-1336-4365-b852-969887186019	6	141451096	141736331	149	0.9186
fb43b6dc-1336-4365-b852-969887186019	6	141738826	142552513	394	1.0984
fb43b6dc-1336-4365-b852-969887186019	6	142553025	142606343	38	1.4101
fb43b6dc-1336-4365-b852-969887186019	6	142607194	143270285	430	1.9335
fb43b6dc-1336-4365-b852-969887186019	6	143270961	143404520	108	1.5545
fb43b6dc-1336-4365-b852-969887186019	6	143404533	143996200	465	1.8262
fb43b6dc-1336-4365-b852-969887186019	6	143999454	146368126	1395	1.3207
fb43b6dc-1336-4365-b852-969887186019	6	146382837	146481645	75	0.133
fb43b6dc-1336-4365-b852-969887186019	6	146488580	147050199	373	1.3281
fb43b6dc-1336-4365-b852-969887186019	6	147057113	147199829	102	-0.6911
fb43b6dc-1336-4365-b852-969887186019	6	147205673	147560035	192	0.1614
fb43b6dc-1336-4365-b852-969887186019	6	147565456	147856908	214	-0.6306
fb43b6dc-1336-4365-b852-969887186019	6	147858227	147859530	2	-2.5454
fb43b6dc-1336-4365-b852-969887186019	6	147860298	148263415	358	-0.6324
fb43b6dc-1336-4365-b852-969887186019	6	148265960	170596889	13213	0.113
fb43b6dc-1336-4365-b852-969887186019	7	664936	7127209	2318	0.7958
fb43b6dc-1336-4365-b852-969887186019	7	7127996	51326955	27770	0.8497
fb43b6dc-1336-4365-b852-969887186019	7	51327163	51569045	141	0.7793
fb43b6dc-1336-4365-b852-969887186019	7	51569575	52044618	397	0.529
fb43b6dc-1336-4365-b852-969887186019	7	52045836	52052586	7	-0.0513
fb43b6dc-1336-4365-b852-969887186019	7	52052673	53171852	826	0.5272
fb43b6dc-1336-4365-b852-969887186019	7	53171892	53379708	162	1.0933
fb43b6dc-1336-4365-b852-969887186019	7	53381530	56197038	1741	1.739
fb43b6dc-1336-4365-b852-969887186019	7	56197289	56205683	10	-4.8423
fb43b6dc-1336-4365-b852-969887186019	7	56209845	56641562	185	1.7681
fb43b6dc-1336-4365-b852-969887186019	7	57130116	63675854	35	0.8108
fb43b6dc-1336-4365-b852-969887186019	7	63677725	70925190	3116	-0.659
fb43b6dc-1336-4365-b852-969887186019	7	70936745	70944333	7	-2.7329
fb43b6dc-1336-4365-b852-969887186019	7	70946317	71921629	612	-0.7227
fb43b6dc-1336-4365-b852-969887186019	7	71929241	74333828	711	0.0652
fb43b6dc-1336-4365-b852-969887186019	7	74339683	88517017	7303	-0.6237
fb43b6dc-1336-4365-b852-969887186019	7	90266400	98596100	4963	0.1328
fb43b6dc-1336-4365-b852-969887186019	7	98601345	100601246	721	0.5198
fb43b6dc-1336-4365-b852-969887186019	7	100616864	101012747	123	1.0554
fb43b6dc-1336-4365-b852-969887186019	7	101012817	102297670	524	-0.7211
fb43b6dc-1336-4365-b852-969887186019	7	102297740	108885340	3632	-0.6458
fb43b6dc-1336-4365-b852-969887186019	7	108885677	126788711	9478	-0.6007
fb43b6dc-1336-4365-b852-969887186019	7	126789463	148039631	11555	-0.6491
fb43b6dc-1336-4365-b852-969887186019	7	148040304	158592540	5384	-0.7109
fb43b6dc-1336-4365-b852-969887186019	8	667625	4432011	2003	0.1144
fb43b6dc-1336-4365-b852-969887186019	8	4559124	6568135	862	-0.6889
fb43b6dc-1336-4365-b852-969887186019	8	6568189	6568906	3	-2.233
fb43b6dc-1336-4365-b852-969887186019	8	6569307	11781369	2347	-0.6702
fb43b6dc-1336-4365-b852-969887186019	8	11786294	11787312	5	-2.0199
fb43b6dc-1336-4365-b852-969887186019	8	11788048	14415878	1306	-0.6377
fb43b6dc-1336-4365-b852-969887186019	8	14419217	14419755	4	-1.987
fb43b6dc-1336-4365-b852-969887186019	8	14419768	14435994	12	-4.4422
fb43b6dc-1336-4365-b852-969887186019	8	14441078	27895113	9725	-0.6578
fb43b6dc-1336-4365-b852-969887186019	8	27895141	27896382	2	-5.145
fb43b6dc-1336-4365-b852-969887186019	8	27897886	97529374	37664	-0.6429
fb43b6dc-1336-4365-b852-969887186019	8	97530915	104872361	4170	0.1238
fb43b6dc-1336-4365-b852-969887186019	8	104872377	142731581	23400	0.5855
fb43b6dc-1336-4365-b852-969887186019	8	142733751	144067190	368	0.8418
fb43b6dc-1336-4365-b852-969887186019	8	144071799	144182542	38	0.6738
fb43b6dc-1336-4365-b852-969887186019	9	789794	21926592	13564	-0.6507
fb43b6dc-1336-4365-b852-969887186019	9	21927328	22125504	150	-2.7538
fb43b6dc-1336-4365-b852-969887186019	9	22128710	27073652	2929	-0.6184
fb43b6dc-1336-4365-b852-969887186019	9	27073944	27074235	2	-3.1621
fb43b6dc-1336-4365-b852-969887186019	9	27075885	28508845	1015	-0.6583
fb43b6dc-1336-4365-b852-969887186019	9	28508875	32158484	1784	-0.5909
fb43b6dc-1336-4365-b852-969887186019	9	32158605	38752071	4014	-0.6773
fb43b6dc-1336-4365-b852-969887186019	9	68423153	69044176	555	0.0677
fb43b6dc-1336-4365-b852-969887186019	9	69044331	85112728	11169	0.103
fb43b6dc-1336-4365-b852-969887186019	9	85113635	85114114	2	-1.4975
fb43b6dc-1336-4365-b852-969887186019	9	85115650	87640154	1768	0.1042
fb43b6dc-1336-4365-b852-969887186019	9	87640472	100560357	8071	0.0681
fb43b6dc-1336-4365-b852-969887186019	9	100560896	120346935	13789	0.1101
fb43b6dc-1336-4365-b852-969887186019	9	120351368	138044505	9506	0.0504
fb43b6dc-1336-4365-b852-969887186019	10	366509	8576223	5724	-0.7045
fb43b6dc-1336-4365-b852-969887186019	10	8581565	13346640	3492	0.0943
fb43b6dc-1336-4365-b852-969887186019	10	13350252	17735537	3465	-0.6897
fb43b6dc-1336-4365-b852-969887186019	10	17953706	18123203	120	0.1667
fb43b6dc-1336-4365-b852-969887186019	10	18125241	43879451	14285	0.1023
fb43b6dc-1336-4365-b852-969887186019	10	43880187	43880477	4	-0.8773
fb43b6dc-1336-4365-b852-969887186019	10	43880757	49207545	2133	0.0957
fb43b6dc-1336-4365-b852-969887186019	10	49210904	57428000	4346	0.1452
fb43b6dc-1336-4365-b852-969887186019	10	57430726	63870831	4313	0.1126
fb43b6dc-1336-4365-b852-969887186019	10	63873052	67400254	1912	0.1436
fb43b6dc-1336-4365-b852-969887186019	10	67409054	75545799	4524	0.078
fb43b6dc-1336-4365-b852-969887186019	10	75547395	126732394	33342	0.1164
fb43b6dc-1336-4365-b852-969887186019	10	126733582	126733973	2	-1.8399
fb43b6dc-1336-4365-b852-969887186019	10	126735304	127214414	352	0.1172
fb43b6dc-1336-4365-b852-969887186019	10	127216414	127217544	3	-1.1404
fb43b6dc-1336-4365-b852-969887186019	10	127218597	133411599	3175	0.0876
fb43b6dc-1336-4365-b852-969887186019	11	456012	3991600	1229	0.0568
fb43b6dc-1336-4365-b852-969887186019	11	3997798	11041211	4644	0.108
fb43b6dc-1336-4365-b852-969887186019	11	11043858	43138083	21357	0.1324
fb43b6dc-1336-4365-b852-969887186019	11	43138168	45772585	1841	0.1127
fb43b6dc-1336-4365-b852-969887186019	11	45772757	50096159	1573	0.0692
fb43b6dc-1336-4365-b852-969887186019	11	50101778	60457362	2415	0.1211
fb43b6dc-1336-4365-b852-969887186019	11	60463593	68876441	3079	0.0602
fb43b6dc-1336-4365-b852-969887186019	11	68877765	70708627	1067	2.43
fb43b6dc-1336-4365-b852-969887186019	11	70713071	79535147	4802	-0.684
fb43b6dc-1336-4365-b852-969887186019	11	79535285	111699992	19753	-0.6151
fb43b6dc-1336-4365-b852-969887186019	11	111702510	120713274	6187	-0.6712
fb43b6dc-1336-4365-b852-969887186019	11	120716610	120718470	2	-3.1716
fb43b6dc-1336-4365-b852-969887186019	11	120718640	133121868	8880	-0.6643
fb43b6dc-1336-4365-b852-969887186019	11	133122224	134272740	474	0.0971
fb43b6dc-1336-4365-b852-969887186019	12	780472	12709873	6664	0.0852
fb43b6dc-1336-4365-b852-969887186019	12	12709918	48273228	18337	0.1213
fb43b6dc-1336-4365-b852-969887186019	12	48273572	55730264	3906	0.0761
fb43b6dc-1336-4365-b852-969887186019	12	55731720	55732587	2	1.3058
fb43b6dc-1336-4365-b852-969887186019	12	55735650	57835065	937	0.0687
fb43b6dc-1336-4365-b852-969887186019	12	57837157	71337024	8662	0.1338
fb43b6dc-1336-4365-b852-969887186019	12	71341747	71472182	2	-1.2318
fb43b6dc-1336-4365-b852-969887186019	12	71472405	91716939	11875	0.1435
fb43b6dc-1336-4365-b852-969887186019	12	91718442	102274611	6883	0.1003
fb43b6dc-1336-4365-b852-969887186019	12	102274991	102275055	2	1.5326
fb43b6dc-1336-4365-b852-969887186019	12	102276677	109719874	4937	0.1126
fb43b6dc-1336-4365-b852-969887186019	12	109721591	112636753	1357	0.0428
fb43b6dc-1336-4365-b852-969887186019	12	112637206	115716849	2071	0.1079
fb43b6dc-1336-4365-b852-969887186019	12	115717937	115718048	2	1.4952
fb43b6dc-1336-4365-b852-969887186019	12	115722735	119794842	2720	0.0986
fb43b6dc-1336-4365-b852-969887186019	12	119795049	123854364	1733	0.0314
fb43b6dc-1336-4365-b852-969887186019	12	123854562	132605822	4248	0.094
fb43b6dc-1336-4365-b852-969887186019	13	18874255	19430792	352	0.1141
fb43b6dc-1336-4365-b852-969887186019	13	19531183	19553745	13	-0.6563
fb43b6dc-1336-4365-b852-969887186019	13	19561562	29065618	5525	0.0968
fb43b6dc-1336-4365-b852-969887186019	13	29066480	44803248	10555	0.1277
fb43b6dc-1336-4365-b852-969887186019	13	44805366	52712888	3993	0.0962
fb43b6dc-1336-4365-b852-969887186019	13	52715303	97083696	25184	0.1303
fb43b6dc-1336-4365-b852-969887186019	13	97084089	98419598	951	0.0857
fb43b6dc-1336-4365-b852-969887186019	13	98419874	98424432	6	-0.5829
fb43b6dc-1336-4365-b852-969887186019	13	98428259	100793335	1438	0.0829
fb43b6dc-1336-4365-b852-969887186019	13	100793944	110256824	6920	0.1267
fb43b6dc-1336-4365-b852-969887186019	13	110257239	110321711	59	0.0576
fb43b6dc-1336-4365-b852-969887186019	13	110323103	110326378	2	-1.1654
fb43b6dc-1336-4365-b852-969887186019	13	110328231	114226675	1986	0.0967
fb43b6dc-1336-4365-b852-969887186019	14	20033191	28293741	3986	0.5816
fb43b6dc-1336-4365-b852-969887186019	14	28294801	29990245	941	0.9422
fb43b6dc-1336-4365-b852-969887186019	14	29990326	30137993	98	0.7692
fb43b6dc-1336-4365-b852-969887186019	14	30138756	30388984	165	0.9521
fb43b6dc-1336-4365-b852-969887186019	14	30389183	31920268	757	0.734
fb43b6dc-1336-4365-b852-969887186019	14	31920650	32098003	128	0.8499
fb43b6dc-1336-4365-b852-969887186019	14	32098232	32125094	7	0.5579
fb43b6dc-1336-4365-b852-969887186019	14	32130123	34497730	1897	1.2649
fb43b6dc-1336-4365-b852-969887186019	14	34500200	34598336	41	0.8567
fb43b6dc-1336-4365-b852-969887186019	14	34600290	36735218	1135	1.2261
fb43b6dc-1336-4365-b852-969887186019	14	36738719	45045145	3906	0.5735
fb43b6dc-1336-4365-b852-969887186019	14	45048037	45052024	3	-0.5728
fb43b6dc-1336-4365-b852-969887186019	14	45052255	48934003	1806	0.5454
fb43b6dc-1336-4365-b852-969887186019	14	48935161	48944670	4	-0.2665
fb43b6dc-1336-4365-b852-969887186019	14	48952418	49657958	420	0.5181
fb43b6dc-1336-4365-b852-969887186019	14	49661043	53712172	2598	-0.6191
fb43b6dc-1336-4365-b852-969887186019	14	53712693	54823654	785	-0.4559
fb43b6dc-1336-4365-b852-969887186019	14	54824977	58082531	2203	-0.6102
fb43b6dc-1336-4365-b852-969887186019	14	58088611	58429724	143	0.1807
fb43b6dc-1336-4365-b852-969887186019	14	58434133	58932849	320	0.8158
fb43b6dc-1336-4365-b852-969887186019	14	58936955	58958296	22	1.0743
fb43b6dc-1336-4365-b852-969887186019	14	58958444	59426717	351	1.7415
fb43b6dc-1336-4365-b852-969887186019	14	59426929	59858232	242	1.3532
fb43b6dc-1336-4365-b852-969887186019	14	59860742	59975336	51	0.8548
fb43b6dc-1336-4365-b852-969887186019	14	59978695	60448794	261	1.3899
fb43b6dc-1336-4365-b852-969887186019	14	60450758	60472006	13	1.7629
fb43b6dc-1336-4365-b852-969887186019	14	60472383	60953997	209	1.5125
fb43b6dc-1336-4365-b852-969887186019	14	60954547	61841074	579	1.757
fb43b6dc-1336-4365-b852-969887186019	14	61842556	64728480	1828	1.5266
fb43b6dc-1336-4365-b852-969887186019	14	64728495	65522217	505	1.7549
fb43b6dc-1336-4365-b852-969887186019	14	65523028	67319594	838	1.6291
fb43b6dc-1336-4365-b852-969887186019	14	67322510	67867432	355	1.3177
fb43b6dc-1336-4365-b852-969887186019	14	67867865	68408880	256	1.4684
fb43b6dc-1336-4365-b852-969887186019	14	68411321	68627880	174	1.0129
fb43b6dc-1336-4365-b852-969887186019	14	68632099	68728044	82	-0.6898
fb43b6dc-1336-4365-b852-969887186019	14	68728393	71210823	1521	0.0978
fb43b6dc-1336-4365-b852-969887186019	14	71214423	72722835	1064	1.0501
fb43b6dc-1336-4365-b852-969887186019	14	72727922	72977810	183	1.3097
fb43b6dc-1336-4365-b852-969887186019	14	72977859	73095282	60	1.1409
fb43b6dc-1336-4365-b852-969887186019	14	73096572	75031474	962	0.8495
fb43b6dc-1336-4365-b852-969887186019	14	75036671	77661906	1720	0.0753
fb43b6dc-1336-4365-b852-969887186019	14	77663559	88183529	6877	0.1292
fb43b6dc-1336-4365-b852-969887186019	14	88185820	92519174	2507	0.0692
fb43b6dc-1336-4365-b852-969887186019	14	92519695	92526141	2	-1.1887
fb43b6dc-1336-4365-b852-969887186019	14	92528453	93269578	453	0.0646
fb43b6dc-1336-4365-b852-969887186019	14	93271264	101082533	5497	0.1299
fb43b6dc-1336-4365-b852-969887186019	14	101084013	105533894	1811	0.0601
fb43b6dc-1336-4365-b852-969887186019	15	23437561	23455445	9	0.338
fb43b6dc-1336-4365-b852-969887186019	15	23455960	23581140	97	0.5642
fb43b6dc-1336-4365-b852-969887186019	15	23581614	24083818	366	0.8875
fb43b6dc-1336-4365-b852-969887186019	15	24551555	63236130	22157	0.0852
fb43b6dc-1336-4365-b852-969887186019	15	63236233	79135676	8730	0.0616
fb43b6dc-1336-4365-b852-969887186019	15	79138638	82594492	2204	0.0869
fb43b6dc-1336-4365-b852-969887186019	15	82594651	82595006	2	1.3213
fb43b6dc-1336-4365-b852-969887186019	15	82597001	87181915	2535	0.1018
fb43b6dc-1336-4365-b852-969887186019	15	87182365	87645595	194	-0.1841
fb43b6dc-1336-4365-b852-969887186019	15	87655174	93735920	3735	0.0683
fb43b6dc-1336-4365-b852-969887186019	15	93741940	99039792	3649	0.1097
fb43b6dc-1336-4365-b852-969887186019	15	99042375	101344124	1089	0.0787
fb43b6dc-1336-4365-b852-969887186019	16	603333	5433426	1913	0.0524
fb43b6dc-1336-4365-b852-969887186019	16	5433811	14472598	6251	0.118
fb43b6dc-1336-4365-b852-969887186019	16	14477002	46473753	5873	0.0764
fb43b6dc-1336-4365-b852-969887186019	16	46474548	56402447	6647	-0.3139
fb43b6dc-1336-4365-b852-969887186019	16	56412700	58806980	1410	0.2745
fb43b6dc-1336-4365-b852-969887186019	16	58808347	58809200	3	-1.4164
fb43b6dc-1336-4365-b852-969887186019	16	58812947	61586756	1722	0.3064
fb43b6dc-1336-4365-b852-969887186019	16	61587429	65682444	2708	0.9824
fb43b6dc-1336-4365-b852-969887186019	16	65683719	66261357	531	0.302
fb43b6dc-1336-4365-b852-969887186019	16	66262656	68595037	1028	0.9345
fb43b6dc-1336-4365-b852-969887186019	16	68601433	73672949	2392	1.157
fb43b6dc-1336-4365-b852-969887186019	16	73674493	74057221	324	0.7176
fb43b6dc-1336-4365-b852-969887186019	16	74062186	76327222	1196	0.2914
fb43b6dc-1336-4365-b852-969887186019	16	76329888	76545294	195	-0.3107
fb43b6dc-1336-4365-b852-969887186019	16	76561128	76580391	19	0.6908
fb43b6dc-1336-4365-b852-969887186019	16	76581729	76584724	6	-0.2003
fb43b6dc-1336-4365-b852-969887186019	16	76585067	76621346	16	0.3846
fb43b6dc-1336-4365-b852-969887186019	16	76622457	76977348	208	-0.2597
fb43b6dc-1336-4365-b852-969887186019	16	76978320	77056831	86	0.3344
fb43b6dc-1336-4365-b852-969887186019	16	77059647	79118290	1835	-0.3315
fb43b6dc-1336-4365-b852-969887186019	16	79121854	81260132	1849	0.3139
fb43b6dc-1336-4365-b852-969887186019	16	81265916	86271829	3378	-0.3352
fb43b6dc-1336-4365-b852-969887186019	16	86272491	86273116	3	-2.947
fb43b6dc-1336-4365-b852-969887186019	16	86273586	88459876	1531	-0.3453
fb43b6dc-1336-4365-b852-969887186019	16	89234014	89317317	36	0.2642
fb43b6dc-1336-4365-b852-969887186019	17	1074619	9362948	4149	0.0456
fb43b6dc-1336-4365-b852-969887186019	17	9363001	16708823	3813	0.0888
fb43b6dc-1336-4365-b852-969887186019	17	16712299	35442187	5583	0.0552
fb43b6dc-1336-4365-b852-969887186019	17	35442818	35475384	23	0.5518
fb43b6dc-1336-4365-b852-969887186019	17	35479313	50691968	6463	0.0474
fb43b6dc-1336-4365-b852-969887186019	17	50696131	54527019	2024	0.1235
fb43b6dc-1336-4365-b852-969887186019	17	54529698	68626761	7944	0.0757
fb43b6dc-1336-4365-b852-969887186019	17	68628613	73794897	3817	0.1198
fb43b6dc-1336-4365-b852-969887186019	17	73796730	79040136	1949	0.0371
fb43b6dc-1336-4365-b852-969887186019	17	79046186	79062798	14	-0.6487
fb43b6dc-1336-4365-b852-969887186019	17	79066805	82959812	1488	0.0347
fb43b6dc-1336-4365-b852-969887186019	18	326691	2548422	844	-0.6406
fb43b6dc-1336-4365-b852-969887186019	18	2783353	3691291	591	2.2355
fb43b6dc-1336-4365-b852-969887186019	18	3693751	3829144	103	1.7611
fb43b6dc-1336-4365-b852-969887186019	18	3829406	3829873	2	0.1318
fb43b6dc-1336-4365-b852-969887186019	18	3830073	5474536	1139	1.792
fb43b6dc-1336-4365-b852-969887186019	18	5475678	14661644	5586	0.9292
fb43b6dc-1336-4365-b852-969887186019	18	21109102	22473405	647	0.0789
fb43b6dc-1336-4365-b852-969887186019	18	22488786	26921811	2832	1.3119
fb43b6dc-1336-4365-b852-969887186019	18	26922606	29652046	1610	0.9107
fb43b6dc-1336-4365-b852-969887186019	18	29659801	30186720	303	1.3808
fb43b6dc-1336-4365-b852-969887186019	18	30192751	31658459	928	0.9218
fb43b6dc-1336-4365-b852-969887186019	18	31658723	32316754	416	0.8074
fb43b6dc-1336-4365-b852-969887186019	18	32316765	35261904	1813	0.8954
fb43b6dc-1336-4365-b852-969887186019	18	35273085	35338675	30	1.7723
fb43b6dc-1336-4365-b852-969887186019	18	35339222	36419259	576	1.5409
fb43b6dc-1336-4365-b852-969887186019	18	36419324	40281993	2442	1.7373
fb43b6dc-1336-4365-b852-969887186019	18	40282406	42823863	1555	1.1588
fb43b6dc-1336-4365-b852-969887186019	18	42832622	46411121	2164	-0.6499
fb43b6dc-1336-4365-b852-969887186019	18	46411393	46413901	2	-2.9988
fb43b6dc-1336-4365-b852-969887186019	18	46414436	51035715	3128	-0.6708
fb43b6dc-1336-4365-b852-969887186019	18	51036434	71373631	12407	-0.6314
fb43b6dc-1336-4365-b852-969887186019	18	71374796	79349796	3713	-0.7001
fb43b6dc-1336-4365-b852-969887186019	19	283868	21254354	7836	0.0143
fb43b6dc-1336-4365-b852-969887186019	19	21255811	35117964	6329	0.0681
fb43b6dc-1336-4365-b852-969887186019	19	35118051	56551586	8984	0.0361
fb43b6dc-1336-4365-b852-969887186019	19	56552198	57236680	420	0.5071
fb43b6dc-1336-4365-b852-969887186019	19	57240958	58370362	571	-0.6668
fb43b6dc-1336-4365-b852-969887186019	20	472817	800808	227	-0.4688
fb43b6dc-1336-4365-b852-969887186019	20	800927	801097	2	-3.5612
fb43b6dc-1336-4365-b852-969887186019	20	804315	1809458	568	-0.4606
fb43b6dc-1336-4365-b852-969887186019	20	1811274	5924904	2449	-0.5125
fb43b6dc-1336-4365-b852-969887186019	20	5925093	11545822	3852	-0.4491
fb43b6dc-1336-4365-b852-969887186019	20	11549877	16832657	3478	-0.1638
fb43b6dc-1336-4365-b852-969887186019	20	16833042	17391058	480	-0.4608
fb43b6dc-1336-4365-b852-969887186019	20	17392232	23728908	4642	-0.3487
fb43b6dc-1336-4365-b852-969887186019	20	23730068	37144677	4076	0.0649
fb43b6dc-1336-4365-b852-969887186019	20	37144941	43553532	4321	0.1125
fb43b6dc-1336-4365-b852-969887186019	20	43554262	51168473	4863	0.073
fb43b6dc-1336-4365-b852-969887186019	20	51172001	60981510	7285	0.1079
fb43b6dc-1336-4365-b852-969887186019	20	60982427	63588502	1285	0.0537
fb43b6dc-1336-4365-b852-969887186019	21	13974127	15091590	722	0.0782
fb43b6dc-1336-4365-b852-969887186019	21	15092828	30705096	10079	0.1159
fb43b6dc-1336-4365-b852-969887186019	21	30705213	46262057	9789	0.077
fb43b6dc-1336-4365-b852-969887186019	22	16934932	18130970	770	0.0781
fb43b6dc-1336-4365-b852-969887186019	22	18131162	21949041	95	0.518
fb43b6dc-1336-4365-b852-969887186019	22	23474170	25694978	900	0.0402
fb43b6dc-1336-4365-b852-969887186019	22	25695339	28618994	2519	0.0881
fb43b6dc-1336-4365-b852-969887186019	22	28619260	31936177	1813	0.0408
fb43b6dc-1336-4365-b852-969887186019	22	31938035	35358119	2932	0.0975
fb43b6dc-1336-4365-b852-969887186019	22	35367321	48940621	8056	0.0551
fb43b6dc-1336-4365-b852-969887186019	X	3236359	37603312	15229	0.0128
fb43b6dc-1336-4365-b852-969887186019	X	37603833	37604977	2	-4.2224
fb43b6dc-1336-4365-b852-969887186019	X	37605280	120667875	32665	0.0008
fb43b6dc-1336-4365-b852-969887186019	X	120668292	120668766	2	-3.8024
fb43b6dc-1336-4365-b852-969887186019	X	120672543	155677414	15726	0.0139
