GDC_Aliquot	Chromosome	Start	End	Num_Probes	Segment_Mean
6ac8acdc-936a-4308-865e-25b09ddacb4e	1	3301765	27481107	13088	0.0874
6ac8acdc-936a-4308-865e-25b09ddacb4e	1	27518482	27699460	81	0.4042
6ac8acdc-936a-4308-865e-25b09ddacb4e	1	27709470	54237196	14072	0.0749
6ac8acdc-936a-4308-865e-25b09ddacb4e	1	54238029	54238095	2	1.1609
6ac8acdc-936a-4308-865e-25b09ddacb4e	1	54239709	71464602	11910	0.0751
6ac8acdc-936a-4308-865e-25b09ddacb4e	1	71464683	83645785	7026	0.0456
6ac8acdc-936a-4308-865e-25b09ddacb4e	1	83646788	84613727	675	0.0801
6ac8acdc-936a-4308-865e-25b09ddacb4e	1	84614480	100961534	10115	-0.0184
6ac8acdc-936a-4308-865e-25b09ddacb4e	1	100963997	106467179	2813	-0.0452
6ac8acdc-936a-4308-865e-25b09ddacb4e	1	106468024	119979137	8362	-0.0091
6ac8acdc-936a-4308-865e-25b09ddacb4e	1	119979978	186953248	23078	0.0623
6ac8acdc-936a-4308-865e-25b09ddacb4e	1	186955064	199351657	7220	0.0301
6ac8acdc-936a-4308-865e-25b09ddacb4e	1	199355136	247650984	31351	0.0626
6ac8acdc-936a-4308-865e-25b09ddacb4e	2	480597	7922381	4548	0.0445
6ac8acdc-936a-4308-865e-25b09ddacb4e	2	7923328	47432341	24015	0.0606
6ac8acdc-936a-4308-865e-25b09ddacb4e	2	47436329	57223101	5186	0.0381
6ac8acdc-936a-4308-865e-25b09ddacb4e	2	57223479	57228337	2	-1.562
6ac8acdc-936a-4308-865e-25b09ddacb4e	2	57233909	69036179	6973	0.0533
6ac8acdc-936a-4308-865e-25b09ddacb4e	2	69039159	72257910	2030	0.0812
6ac8acdc-936a-4308-865e-25b09ddacb4e	2	72257991	100183352	10071	0.0441
6ac8acdc-936a-4308-865e-25b09ddacb4e	2	100185405	102579450	1585	0.0822
6ac8acdc-936a-4308-865e-25b09ddacb4e	2	102579706	114745106	6396	0.0467
6ac8acdc-936a-4308-865e-25b09ddacb4e	2	114747975	117788317	1316	0.0153
6ac8acdc-936a-4308-865e-25b09ddacb4e	2	117788364	137444015	10251	0.0575
6ac8acdc-936a-4308-865e-25b09ddacb4e	2	137451628	141883881	2281	-0.0878
6ac8acdc-936a-4308-865e-25b09ddacb4e	2	141884046	141954703	65	-0.578
6ac8acdc-936a-4308-865e-25b09ddacb4e	2	141958085	211278205	38976	-0.0707
6ac8acdc-936a-4308-865e-25b09ddacb4e	2	211282055	211624625	273	0.1805
6ac8acdc-936a-4308-865e-25b09ddacb4e	2	211626037	219702258	4875	-0.0765
6ac8acdc-936a-4308-865e-25b09ddacb4e	2	219702670	219702688	2	-1.2271
6ac8acdc-936a-4308-865e-25b09ddacb4e	2	219703372	241537572	13384	-0.0759
6ac8acdc-936a-4308-865e-25b09ddacb4e	3	2170634	16589932	8931	-0.3905
6ac8acdc-936a-4308-865e-25b09ddacb4e	3	16594673	16775949	139	0.0656
6ac8acdc-936a-4308-865e-25b09ddacb4e	3	16781686	27345655	5731	-0.3893
6ac8acdc-936a-4308-865e-25b09ddacb4e	3	27351432	27405374	26	0.0178
6ac8acdc-936a-4308-865e-25b09ddacb4e	3	27412504	28000831	391	-0.388
6ac8acdc-936a-4308-865e-25b09ddacb4e	3	28002224	28065401	37	0.1163
6ac8acdc-936a-4308-865e-25b09ddacb4e	3	28067125	29410747	880	-0.3881
6ac8acdc-936a-4308-865e-25b09ddacb4e	3	29410924	29417093	12	-0.938
6ac8acdc-936a-4308-865e-25b09ddacb4e	3	29422914	34799061	3377	-0.386
6ac8acdc-936a-4308-865e-25b09ddacb4e	3	34799752	34918484	90	0.0773
6ac8acdc-936a-4308-865e-25b09ddacb4e	3	34921311	48674644	7813	-0.3758
6ac8acdc-936a-4308-865e-25b09ddacb4e	3	48674989	48675358	2	-1.6327
6ac8acdc-936a-4308-865e-25b09ddacb4e	3	48676234	50859538	832	-0.3676
6ac8acdc-936a-4308-865e-25b09ddacb4e	3	50859547	50859548	2	0.8331
6ac8acdc-936a-4308-865e-25b09ddacb4e	3	50859955	51325239	214	-0.3475
6ac8acdc-936a-4308-865e-25b09ddacb4e	3	51326140	51589542	98	0.0811
6ac8acdc-936a-4308-865e-25b09ddacb4e	3	51591066	54270164	1417	-0.405
6ac8acdc-936a-4308-865e-25b09ddacb4e	3	54273136	54339429	48	0.1019
6ac8acdc-936a-4308-865e-25b09ddacb4e	3	54342247	54355298	8	-0.3307
6ac8acdc-936a-4308-865e-25b09ddacb4e	3	54359604	54410012	39	0.0422
6ac8acdc-936a-4308-865e-25b09ddacb4e	3	54421779	62636592	4715	-0.3956
6ac8acdc-936a-4308-865e-25b09ddacb4e	3	62639126	62639491	2	-2.9571
6ac8acdc-936a-4308-865e-25b09ddacb4e	3	62640416	65533282	2374	-0.4114
6ac8acdc-936a-4308-865e-25b09ddacb4e	3	65534604	65536149	3	-1.7508
6ac8acdc-936a-4308-865e-25b09ddacb4e	3	65536240	71167904	3876	-0.4091
6ac8acdc-936a-4308-865e-25b09ddacb4e	3	71170643	71364981	147	-1.1636
6ac8acdc-936a-4308-865e-25b09ddacb4e	3	71372663	91462299	10063	-0.4158
6ac8acdc-936a-4308-865e-25b09ddacb4e	3	94015345	106776477	6927	0.3584
6ac8acdc-936a-4308-865e-25b09ddacb4e	3	106776847	120961820	8324	0.3864
6ac8acdc-936a-4308-865e-25b09ddacb4e	3	120968229	121909550	355	0.3588
6ac8acdc-936a-4308-865e-25b09ddacb4e	3	121910169	128710537	4118	0.42
6ac8acdc-936a-4308-865e-25b09ddacb4e	3	128711771	128712082	3	-1.6994
6ac8acdc-936a-4308-865e-25b09ddacb4e	3	128714553	130416162	763	0.3987
6ac8acdc-936a-4308-865e-25b09ddacb4e	3	130416226	130416240	2	-1.4421
6ac8acdc-936a-4308-865e-25b09ddacb4e	3	130416596	134078188	2335	0.3961
6ac8acdc-936a-4308-865e-25b09ddacb4e	3	134081603	134082151	3	-0.7956
6ac8acdc-936a-4308-865e-25b09ddacb4e	3	134083844	136200447	1276	0.4226
6ac8acdc-936a-4308-865e-25b09ddacb4e	3	136201958	161982542	13658	0.3799
6ac8acdc-936a-4308-865e-25b09ddacb4e	3	161982729	165375845	1389	0.329
6ac8acdc-936a-4308-865e-25b09ddacb4e	3	165375987	167418166	822	0.3692
6ac8acdc-936a-4308-865e-25b09ddacb4e	3	167420135	174571114	3896	0.8682
6ac8acdc-936a-4308-865e-25b09ddacb4e	3	174572001	175086598	333	0.7814
6ac8acdc-936a-4308-865e-25b09ddacb4e	3	175087178	175090139	2	1.9986
6ac8acdc-936a-4308-865e-25b09ddacb4e	3	175090542	179159575	1844	0.8451
6ac8acdc-936a-4308-865e-25b09ddacb4e	3	179159695	179246058	166	0.7229
6ac8acdc-936a-4308-865e-25b09ddacb4e	3	179246543	184739851	2451	0.8584
6ac8acdc-936a-4308-865e-25b09ddacb4e	3	184742088	184742153	2	-0.4847
6ac8acdc-936a-4308-865e-25b09ddacb4e	3	184746732	197812401	7250	0.8681
6ac8acdc-936a-4308-865e-25b09ddacb4e	4	1059384	16054940	9182	-0.3808
6ac8acdc-936a-4308-865e-25b09ddacb4e	4	16056071	39327250	14741	-0.4089
6ac8acdc-936a-4308-865e-25b09ddacb4e	4	39391069	40218276	321	0.0625
6ac8acdc-936a-4308-865e-25b09ddacb4e	4	40218336	40220055	4	0.6117
6ac8acdc-936a-4308-865e-25b09ddacb4e	4	40220156	43442995	1768	0.08
6ac8acdc-936a-4308-865e-25b09ddacb4e	4	43457891	47055441	1751	0.0349
6ac8acdc-936a-4308-865e-25b09ddacb4e	4	47055742	57486107	4264	0.0755
6ac8acdc-936a-4308-865e-25b09ddacb4e	4	57486231	66802839	5112	0.0397
6ac8acdc-936a-4308-865e-25b09ddacb4e	4	66807848	72931059	2792	0.0564
6ac8acdc-936a-4308-865e-25b09ddacb4e	4	72933322	72997733	45	0.1655
6ac8acdc-936a-4308-865e-25b09ddacb4e	4	72998092	91003114	10828	0.0679
6ac8acdc-936a-4308-865e-25b09ddacb4e	4	91003221	91280417	170	0.1573
6ac8acdc-936a-4308-865e-25b09ddacb4e	4	91281892	163433233	39970	0.0533
6ac8acdc-936a-4308-865e-25b09ddacb4e	4	163436408	163758554	169	0.1727
6ac8acdc-936a-4308-865e-25b09ddacb4e	4	163758621	187842528	12396	0.0479
6ac8acdc-936a-4308-865e-25b09ddacb4e	5	913983	5640631	3298	0.6729
6ac8acdc-936a-4308-865e-25b09ddacb4e	5	5641233	5641732	3	-0.3499
6ac8acdc-936a-4308-865e-25b09ddacb4e	5	5646714	19583570	8644	0.6525
6ac8acdc-936a-4308-865e-25b09ddacb4e	5	19586443	31061356	6017	0.6267
6ac8acdc-936a-4308-865e-25b09ddacb4e	5	31062658	31833709	677	0.6742
6ac8acdc-936a-4308-865e-25b09ddacb4e	5	31840500	31840611	2	1.6211
6ac8acdc-936a-4308-865e-25b09ddacb4e	5	31841173	45383300	7501	0.6551
6ac8acdc-936a-4308-865e-25b09ddacb4e	5	50828231	85599273	19674	0.0546
6ac8acdc-936a-4308-865e-25b09ddacb4e	5	85602955	85744499	57	0.4267
6ac8acdc-936a-4308-865e-25b09ddacb4e	5	85748450	98998704	6895	0.0437
6ac8acdc-936a-4308-865e-25b09ddacb4e	5	99002990	108546736	4304	0.0269
6ac8acdc-936a-4308-865e-25b09ddacb4e	5	108547058	160925536	32049	0.0515
6ac8acdc-936a-4308-865e-25b09ddacb4e	5	160925626	166837021	3645	0.0237
6ac8acdc-936a-4308-865e-25b09ddacb4e	5	166837968	178486061	7112	0.0615
6ac8acdc-936a-4308-865e-25b09ddacb4e	5	178486225	178550678	41	0.4483
6ac8acdc-936a-4308-865e-25b09ddacb4e	5	178551515	178608533	29	0.708
6ac8acdc-936a-4308-865e-25b09ddacb4e	5	178612061	179669317	619	0.4199
6ac8acdc-936a-4308-865e-25b09ddacb4e	5	179669479	179681642	11	-0.0235
6ac8acdc-936a-4308-865e-25b09ddacb4e	5	179683849	180934240	578	0.4217
6ac8acdc-936a-4308-865e-25b09ddacb4e	6	1011760	14743894	9979	0.0702
6ac8acdc-936a-4308-865e-25b09ddacb4e	6	14744001	30603694	9166	0.0462
6ac8acdc-936a-4308-865e-25b09ddacb4e	6	30610096	57341496	15003	0.066
6ac8acdc-936a-4308-865e-25b09ddacb4e	6	57341687	70070803	4572	0.0224
6ac8acdc-936a-4308-865e-25b09ddacb4e	6	70071143	88564935	10524	0.048
6ac8acdc-936a-4308-865e-25b09ddacb4e	6	88565404	88565820	3	-1.0803
6ac8acdc-936a-4308-865e-25b09ddacb4e	6	88567475	104503631	8523	0.0374
6ac8acdc-936a-4308-865e-25b09ddacb4e	6	104503818	127207493	12986	0.0597
6ac8acdc-936a-4308-865e-25b09ddacb4e	6	127207717	169138593	25735	0.0371
6ac8acdc-936a-4308-865e-25b09ddacb4e	6	169139039	170596889	695	0.0723
6ac8acdc-936a-4308-865e-25b09ddacb4e	7	664936	7292787	2450	0.407
6ac8acdc-936a-4308-865e-25b09ddacb4e	7	7292949	7934586	593	0.3754
6ac8acdc-936a-4308-865e-25b09ddacb4e	7	7937712	7945757	15	0.0046
6ac8acdc-936a-4308-865e-25b09ddacb4e	7	7947025	11681766	1635	0.3622
6ac8acdc-936a-4308-865e-25b09ddacb4e	7	11743022	13106170	987	0.0563
6ac8acdc-936a-4308-865e-25b09ddacb4e	7	13106532	13107471	5	-0.599
6ac8acdc-936a-4308-865e-25b09ddacb4e	7	13107555	16130033	2213	0.0325
6ac8acdc-936a-4308-865e-25b09ddacb4e	7	16131935	16132634	2	-1.1095
6ac8acdc-936a-4308-865e-25b09ddacb4e	7	16137216	40677627	15417	0.0585
6ac8acdc-936a-4308-865e-25b09ddacb4e	7	40685332	40852265	101	-0.4413
6ac8acdc-936a-4308-865e-25b09ddacb4e	7	40857405	51643148	6886	0.0608
6ac8acdc-936a-4308-865e-25b09ddacb4e	7	51643261	54182345	1750	0.0205
6ac8acdc-936a-4308-865e-25b09ddacb4e	7	54182777	54186079	2	1.011
6ac8acdc-936a-4308-865e-25b09ddacb4e	7	54193232	54372920	116	-0.0065
6ac8acdc-936a-4308-865e-25b09ddacb4e	7	54372935	66938024	2259	0.0586
6ac8acdc-936a-4308-865e-25b09ddacb4e	7	66943020	69827169	1658	0.1332
6ac8acdc-936a-4308-865e-25b09ddacb4e	7	69827914	101781777	15395	0.0639
6ac8acdc-936a-4308-865e-25b09ddacb4e	7	101782696	101948758	72	-0.4143
6ac8acdc-936a-4308-865e-25b09ddacb4e	7	101955872	102091195	79	0.0424
6ac8acdc-936a-4308-865e-25b09ddacb4e	7	102091238	158592540	30317	-0.4109
6ac8acdc-936a-4308-865e-25b09ddacb4e	8	667625	4940284	2217	0.079
6ac8acdc-936a-4308-865e-25b09ddacb4e	8	4940309	4956104	35	-0.4367
6ac8acdc-936a-4308-865e-25b09ddacb4e	8	4959666	32716065	17291	0.0772
6ac8acdc-936a-4308-865e-25b09ddacb4e	8	32716102	100425938	36200	0.054
6ac8acdc-936a-4308-865e-25b09ddacb4e	8	100428181	102189244	1196	0.0765
6ac8acdc-936a-4308-865e-25b09ddacb4e	8	102191499	102410834	85	0.4178
6ac8acdc-936a-4308-865e-25b09ddacb4e	8	102413424	108564158	3373	0.0593
6ac8acdc-936a-4308-865e-25b09ddacb4e	8	108564526	114613873	3068	0.0305
6ac8acdc-936a-4308-865e-25b09ddacb4e	8	114615067	134971997	14105	0.072
6ac8acdc-936a-4308-865e-25b09ddacb4e	8	134972035	138389773	2429	0.043
6ac8acdc-936a-4308-865e-25b09ddacb4e	8	138390083	144182542	2249	0.0742
6ac8acdc-936a-4308-865e-25b09ddacb4e	9	789794	1759811	428	0.0911
6ac8acdc-936a-4308-865e-25b09ddacb4e	9	1760175	31732622	18824	0.0599
6ac8acdc-936a-4308-865e-25b09ddacb4e	9	31735437	38721211	4319	0.0841
6ac8acdc-936a-4308-865e-25b09ddacb4e	9	38721645	84056850	10927	0.0658
6ac8acdc-936a-4308-865e-25b09ddacb4e	9	84057641	100784405	10824	0.0837
6ac8acdc-936a-4308-865e-25b09ddacb4e	9	100784705	104685959	2263	0.0521
6ac8acdc-936a-4308-865e-25b09ddacb4e	9	104685979	132282644	18385	0.0815
6ac8acdc-936a-4308-865e-25b09ddacb4e	9	132297025	132298505	7	-0.5713
6ac8acdc-936a-4308-865e-25b09ddacb4e	9	132298863	138044505	2525	0.0883
6ac8acdc-936a-4308-865e-25b09ddacb4e	10	366509	133411599	81271	-0.3998
6ac8acdc-936a-4308-865e-25b09ddacb4e	11	456012	12774978	7411	0.0755
6ac8acdc-936a-4308-865e-25b09ddacb4e	11	12777491	13275750	494	0.4508
6ac8acdc-936a-4308-865e-25b09ddacb4e	11	13280374	21335269	5669	0.0817
6ac8acdc-936a-4308-865e-25b09ddacb4e	11	21335566	32083393	6701	0.0576
6ac8acdc-936a-4308-865e-25b09ddacb4e	11	32087285	36484504	3124	0.0875
6ac8acdc-936a-4308-865e-25b09ddacb4e	11	36485489	42919713	3707	0.046
6ac8acdc-936a-4308-865e-25b09ddacb4e	11	42920057	77835410	13760	0.0743
6ac8acdc-936a-4308-865e-25b09ddacb4e	11	77840720	80941168	2241	0.4099
6ac8acdc-936a-4308-865e-25b09ddacb4e	11	80941571	86254205	3076	-0.409
6ac8acdc-936a-4308-865e-25b09ddacb4e	11	86255135	86289715	20	-1.0702
6ac8acdc-936a-4308-865e-25b09ddacb4e	11	86292003	134272740	31384	-0.3986
6ac8acdc-936a-4308-865e-25b09ddacb4e	12	780472	12860587	6753	0.0731
6ac8acdc-936a-4308-865e-25b09ddacb4e	12	12864177	12864321	2	-1.0172
6ac8acdc-936a-4308-865e-25b09ddacb4e	12	12865847	77736445	35529	0.0625
6ac8acdc-936a-4308-865e-25b09ddacb4e	12	77737800	79705201	1217	0.0178
6ac8acdc-936a-4308-865e-25b09ddacb4e	12	79707679	79759913	20	0.3972
6ac8acdc-936a-4308-865e-25b09ddacb4e	12	79765255	80355285	340	0.0622
6ac8acdc-936a-4308-865e-25b09ddacb4e	12	80356154	88235524	4461	0.0115
6ac8acdc-936a-4308-865e-25b09ddacb4e	12	88236322	89050202	471	0.0465
6ac8acdc-936a-4308-865e-25b09ddacb4e	12	89050929	89099101	43	0.2176
6ac8acdc-936a-4308-865e-25b09ddacb4e	12	89101350	93654063	2792	0.0389
6ac8acdc-936a-4308-865e-25b09ddacb4e	12	93655622	94088338	325	0.0822
6ac8acdc-936a-4308-865e-25b09ddacb4e	12	94089266	103446161	6064	0.0528
6ac8acdc-936a-4308-865e-25b09ddacb4e	12	103448625	132605822	16356	0.0758
6ac8acdc-936a-4308-865e-25b09ddacb4e	13	18874255	42146598	14808	0.0616
6ac8acdc-936a-4308-865e-25b09ddacb4e	13	42147928	42151834	2	-1.2239
6ac8acdc-936a-4308-865e-25b09ddacb4e	13	42151982	53305192	6038	0.0636
6ac8acdc-936a-4308-865e-25b09ddacb4e	13	53305440	72244709	9490	0.0352
6ac8acdc-936a-4308-865e-25b09ddacb4e	13	72244835	81558440	6175	0.0572
6ac8acdc-936a-4308-865e-25b09ddacb4e	13	81561781	93287462	6753	0.0334
6ac8acdc-936a-4308-865e-25b09ddacb4e	13	93290097	100680462	4687	0.3965
6ac8acdc-936a-4308-865e-25b09ddacb4e	13	100681605	107869231	5191	0.363
6ac8acdc-936a-4308-865e-25b09ddacb4e	13	107870452	110524988	2102	0.4009
6ac8acdc-936a-4308-865e-25b09ddacb4e	13	110525410	110525745	2	-0.6996
6ac8acdc-936a-4308-865e-25b09ddacb4e	13	110525971	114226675	1758	0.4174
6ac8acdc-936a-4308-865e-25b09ddacb4e	14	20033191	24634740	1799	0.0721
6ac8acdc-936a-4308-865e-25b09ddacb4e	14	24635154	30068376	3188	0.0468
6ac8acdc-936a-4308-865e-25b09ddacb4e	14	30068562	37275088	4576	0.0786
6ac8acdc-936a-4308-865e-25b09ddacb4e	14	37275377	49121823	5410	0.0308
6ac8acdc-936a-4308-865e-25b09ddacb4e	14	49122707	79261320	18868	0.0743
6ac8acdc-936a-4308-865e-25b09ddacb4e	14	79261755	89516912	6366	0.0117
6ac8acdc-936a-4308-865e-25b09ddacb4e	14	89516967	105533894	9591	0.0808
6ac8acdc-936a-4308-865e-25b09ddacb4e	15	23437561	23589416	112	-0.3442
6ac8acdc-936a-4308-865e-25b09ddacb4e	15	23590147	36528400	5862	-0.4014
6ac8acdc-936a-4308-865e-25b09ddacb4e	15	36528621	48456086	6741	-0.348
6ac8acdc-936a-4308-865e-25b09ddacb4e	15	48459117	48459132	2	-1.954
6ac8acdc-936a-4308-865e-25b09ddacb4e	15	48460948	62903621	9662	-0.3543
6ac8acdc-936a-4308-865e-25b09ddacb4e	15	62908523	63041647	136	0.4641
6ac8acdc-936a-4308-865e-25b09ddacb4e	15	63045539	101344124	22274	0.1073
6ac8acdc-936a-4308-865e-25b09ddacb4e	16	603333	57968083	21633	0.0855
6ac8acdc-936a-4308-865e-25b09ddacb4e	16	57970275	65725234	4946	0.0512
6ac8acdc-936a-4308-865e-25b09ddacb4e	16	65725661	89317317	14643	0.085
6ac8acdc-936a-4308-865e-25b09ddacb4e	17	1074619	21774057	9734	-0.3906
6ac8acdc-936a-4308-865e-25b09ddacb4e	17	26943491	68660607	20305	0.05
6ac8acdc-936a-4308-865e-25b09ddacb4e	17	68661253	68661656	2	-1.1333
6ac8acdc-936a-4308-865e-25b09ddacb4e	17	68662601	71541810	2087	0.0484
6ac8acdc-936a-4308-865e-25b09ddacb4e	17	71542289	74769076	1747	0.0847
6ac8acdc-936a-4308-865e-25b09ddacb4e	17	74769592	82959812	3413	0.0466
6ac8acdc-936a-4308-865e-25b09ddacb4e	18	326691	14642857	8264	-0.2067
6ac8acdc-936a-4308-865e-25b09ddacb4e	18	14648458	45514693	14773	0.0898
6ac8acdc-936a-4308-865e-25b09ddacb4e	18	45514968	49804510	2776	0.0366
6ac8acdc-936a-4308-865e-25b09ddacb4e	18	49809171	49865539	44	0.1132
6ac8acdc-936a-4308-865e-25b09ddacb4e	18	49867621	54683681	3284	-0.3323
6ac8acdc-936a-4308-865e-25b09ddacb4e	18	54685412	79349796	13824	-0.2436
6ac8acdc-936a-4308-865e-25b09ddacb4e	19	283868	2512797	452	-0.3804
6ac8acdc-936a-4308-865e-25b09ddacb4e	19	2514223	2514567	2	-1.7998
6ac8acdc-936a-4308-865e-25b09ddacb4e	19	2515298	10134394	2952	-0.3948
6ac8acdc-936a-4308-865e-25b09ddacb4e	19	10137323	49092711	16921	0.0699
6ac8acdc-936a-4308-865e-25b09ddacb4e	19	49097653	49212041	40	0.2918
6ac8acdc-936a-4308-865e-25b09ddacb4e	19	49220829	51215611	706	0.0763
6ac8acdc-936a-4308-865e-25b09ddacb4e	19	51216216	51217228	2	-1.6547
6ac8acdc-936a-4308-865e-25b09ddacb4e	19	51223357	58370362	3075	0.0564
6ac8acdc-936a-4308-865e-25b09ddacb4e	20	472817	7608818	4412	0.0824
6ac8acdc-936a-4308-865e-25b09ddacb4e	20	7610358	7620176	10	-0.368
6ac8acdc-936a-4308-865e-25b09ddacb4e	20	7620514	43337361	19574	0.0807
6ac8acdc-936a-4308-865e-25b09ddacb4e	20	43340879	43548651	134	-0.4055
6ac8acdc-936a-4308-865e-25b09ddacb4e	20	43549218	63588502	13444	0.0839
6ac8acdc-936a-4308-865e-25b09ddacb4e	21	13974127	19662778	3620	0.0593
6ac8acdc-936a-4308-865e-25b09ddacb4e	21	19663030	19663673	2	-0.9425
6ac8acdc-936a-4308-865e-25b09ddacb4e	21	19664097	21603791	1300	0.0313
6ac8acdc-936a-4308-865e-25b09ddacb4e	21	21607552	21608555	3	-0.6843
6ac8acdc-936a-4308-865e-25b09ddacb4e	21	21610253	21928444	274	0.0353
6ac8acdc-936a-4308-865e-25b09ddacb4e	21	21947803	38638047	10898	-0.2246
6ac8acdc-936a-4308-865e-25b09ddacb4e	21	38669145	38732027	48	0.2276
6ac8acdc-936a-4308-865e-25b09ddacb4e	21	38783137	38803229	13	0.5338
6ac8acdc-936a-4308-865e-25b09ddacb4e	21	38803903	38815837	7	0.1587
6ac8acdc-936a-4308-865e-25b09ddacb4e	21	38818597	38821021	7	-0.0952
6ac8acdc-936a-4308-865e-25b09ddacb4e	21	38821285	38880226	78	0.666
6ac8acdc-936a-4308-865e-25b09ddacb4e	21	38881835	38923304	26	0.2058
6ac8acdc-936a-4308-865e-25b09ddacb4e	21	38928128	46262057	4327	-0.2536
6ac8acdc-936a-4308-865e-25b09ddacb4e	22	16934932	44383360	13791	0.0875
6ac8acdc-936a-4308-865e-25b09ddacb4e	22	44383423	44384109	2	-1.0217
6ac8acdc-936a-4308-865e-25b09ddacb4e	22	44386444	48940621	3304	0.096
6ac8acdc-936a-4308-865e-25b09ddacb4e	X	3236359	29112718	11586	0.0108
6ac8acdc-936a-4308-865e-25b09ddacb4e	X	29115593	29195270	72	-0.6314
6ac8acdc-936a-4308-865e-25b09ddacb4e	X	29197700	30727673	892	0.0018
6ac8acdc-936a-4308-865e-25b09ddacb4e	X	30728544	30748781	18	0.7925
6ac8acdc-936a-4308-865e-25b09ddacb4e	X	30756349	85607587	19922	0.0035
6ac8acdc-936a-4308-865e-25b09ddacb4e	X	85611294	85611387	2	-2.9358
6ac8acdc-936a-4308-865e-25b09ddacb4e	X	85611447	86632449	713	-0.0054
6ac8acdc-936a-4308-865e-25b09ddacb4e	X	86635841	93603142	2422	-0.043
6ac8acdc-936a-4308-865e-25b09ddacb4e	X	93604286	111117403	7900	0.0045
6ac8acdc-936a-4308-865e-25b09ddacb4e	X	111118018	111118281	3	1.3288
6ac8acdc-936a-4308-865e-25b09ddacb4e	X	111118562	126901043	7729	-0.0024
6ac8acdc-936a-4308-865e-25b09ddacb4e	X	126902735	126979489	33	0.8753
6ac8acdc-936a-4308-865e-25b09ddacb4e	X	126979669	143638715	7127	-0.0013
6ac8acdc-936a-4308-865e-25b09ddacb4e	X	143639569	143665251	15	-1.0506
6ac8acdc-936a-4308-865e-25b09ddacb4e	X	143666957	148226540	2799	-0.0271
6ac8acdc-936a-4308-865e-25b09ddacb4e	X	148226682	148229141	2	1.4813
6ac8acdc-936a-4308-865e-25b09ddacb4e	X	148229250	150455827	992	0.0075
6ac8acdc-936a-4308-865e-25b09ddacb4e	X	150456118	150456159	2	1.3346
6ac8acdc-936a-4308-865e-25b09ddacb4e	X	150456256	155677414	1659	0.0221
