GDC_Aliquot	Chromosome	Start	End	Num_Probes	Segment_Mean
4163c7ea-de9c-4bec-a9f3-35f02ad35a1a	1	3301765	64820793	34800	-0.5306
4163c7ea-de9c-4bec-a9f3-35f02ad35a1a	1	64823323	64834245	15	-1.5263
4163c7ea-de9c-4bec-a9f3-35f02ad35a1a	1	64835928	67645112	2093	-0.5409
4163c7ea-de9c-4bec-a9f3-35f02ad35a1a	1	67646045	83970345	9440	-0.4979
4163c7ea-de9c-4bec-a9f3-35f02ad35a1a	1	83971628	95102482	6991	-0.535
4163c7ea-de9c-4bec-a9f3-35f02ad35a1a	1	95102609	104668641	5425	-0.507
4163c7ea-de9c-4bec-a9f3-35f02ad35a1a	1	104668654	104672277	3	-2.1752
4163c7ea-de9c-4bec-a9f3-35f02ad35a1a	1	104676798	107294820	1464	-0.4955
4163c7ea-de9c-4bec-a9f3-35f02ad35a1a	1	107294969	112507301	3236	-0.5691
4163c7ea-de9c-4bec-a9f3-35f02ad35a1a	1	112509564	112512351	3	-1.8092
4163c7ea-de9c-4bec-a9f3-35f02ad35a1a	1	112512401	113219653	380	-0.5261
4163c7ea-de9c-4bec-a9f3-35f02ad35a1a	1	113220131	113257859	25	-0.8673
4163c7ea-de9c-4bec-a9f3-35f02ad35a1a	1	113260087	114443949	696	-0.5227
4163c7ea-de9c-4bec-a9f3-35f02ad35a1a	1	114449632	114464344	7	-1.2175
4163c7ea-de9c-4bec-a9f3-35f02ad35a1a	1	114467106	114727382	132	-0.5344
4163c7ea-de9c-4bec-a9f3-35f02ad35a1a	1	114731332	119984772	3338	0.1803
4163c7ea-de9c-4bec-a9f3-35f02ad35a1a	1	146716041	151070735	423	0.5116
4163c7ea-de9c-4bec-a9f3-35f02ad35a1a	1	151073507	151083587	3	-0.2281
4163c7ea-de9c-4bec-a9f3-35f02ad35a1a	1	151084174	152079779	474	0.523
4163c7ea-de9c-4bec-a9f3-35f02ad35a1a	1	152087104	153296708	737	0.6115
4163c7ea-de9c-4bec-a9f3-35f02ad35a1a	1	153296888	156451862	1415	0.5187
4163c7ea-de9c-4bec-a9f3-35f02ad35a1a	1	156453066	160175898	2374	0.5874
4163c7ea-de9c-4bec-a9f3-35f02ad35a1a	1	160175917	162224708	1224	0.5408
4163c7ea-de9c-4bec-a9f3-35f02ad35a1a	1	162224786	165305654	2361	0.631
4163c7ea-de9c-4bec-a9f3-35f02ad35a1a	1	165306476	165535611	268	0.5754
4163c7ea-de9c-4bec-a9f3-35f02ad35a1a	1	165535675	165546865	21	0.1897
4163c7ea-de9c-4bec-a9f3-35f02ad35a1a	1	165547503	174786459	6180	0.5775
4163c7ea-de9c-4bec-a9f3-35f02ad35a1a	1	174786541	174892350	67	0.0748
4163c7ea-de9c-4bec-a9f3-35f02ad35a1a	1	174892457	176787718	885	0.5928
4163c7ea-de9c-4bec-a9f3-35f02ad35a1a	1	176788145	178634358	1217	0.6355
4163c7ea-de9c-4bec-a9f3-35f02ad35a1a	1	178638730	200500941	13413	0.5884
4163c7ea-de9c-4bec-a9f3-35f02ad35a1a	1	200502222	200534190	17	0.1431
4163c7ea-de9c-4bec-a9f3-35f02ad35a1a	1	200537751	207887119	4619	0.5556
4163c7ea-de9c-4bec-a9f3-35f02ad35a1a	1	207888185	210944431	2417	0.6263
4163c7ea-de9c-4bec-a9f3-35f02ad35a1a	1	210948465	213353899	1397	0.5487
4163c7ea-de9c-4bec-a9f3-35f02ad35a1a	1	213356757	220695102	5106	0.6128
4163c7ea-de9c-4bec-a9f3-35f02ad35a1a	1	220695166	220705910	2	-0.6825
4163c7ea-de9c-4bec-a9f3-35f02ad35a1a	1	220706275	220963176	167	0.6105
4163c7ea-de9c-4bec-a9f3-35f02ad35a1a	1	220963330	233159536	7454	0.5741
4163c7ea-de9c-4bec-a9f3-35f02ad35a1a	1	233163723	233165754	4	-0.5103
4163c7ea-de9c-4bec-a9f3-35f02ad35a1a	1	233171586	236994409	2715	0.5612
4163c7ea-de9c-4bec-a9f3-35f02ad35a1a	1	236995874	241710196	3658	0.6105
4163c7ea-de9c-4bec-a9f3-35f02ad35a1a	1	241710387	241710557	2	-0.6724
4163c7ea-de9c-4bec-a9f3-35f02ad35a1a	1	241715245	247650984	3031	0.5764
4163c7ea-de9c-4bec-a9f3-35f02ad35a1a	2	480597	3346552	1138	0.1624
4163c7ea-de9c-4bec-a9f3-35f02ad35a1a	2	3347018	3381717	14	-0.3972
4163c7ea-de9c-4bec-a9f3-35f02ad35a1a	2	3382875	6034728	2003	0.1698
4163c7ea-de9c-4bec-a9f3-35f02ad35a1a	2	6035038	12749025	4803	0.1313
4163c7ea-de9c-4bec-a9f3-35f02ad35a1a	2	12750734	23554864	7156	0.1798
4163c7ea-de9c-4bec-a9f3-35f02ad35a1a	2	23555959	27997351	2007	0.107
4163c7ea-de9c-4bec-a9f3-35f02ad35a1a	2	27997479	28009220	3	-0.6493
4163c7ea-de9c-4bec-a9f3-35f02ad35a1a	2	28017658	29157845	564	0.1126
4163c7ea-de9c-4bec-a9f3-35f02ad35a1a	2	29160473	36870278	4481	0.162
4163c7ea-de9c-4bec-a9f3-35f02ad35a1a	2	36871475	48618754	7011	0.1325
4163c7ea-de9c-4bec-a9f3-35f02ad35a1a	2	48618879	53687024	2767	0.174
4163c7ea-de9c-4bec-a9f3-35f02ad35a1a	2	53687040	55802309	964	0.1154
4163c7ea-de9c-4bec-a9f3-35f02ad35a1a	2	55802703	60412318	2848	0.1776
4163c7ea-de9c-4bec-a9f3-35f02ad35a1a	2	60412959	65514328	2534	0.1237
4163c7ea-de9c-4bec-a9f3-35f02ad35a1a	2	65514849	68151540	1948	0.1813
4163c7ea-de9c-4bec-a9f3-35f02ad35a1a	2	68151906	70302340	1244	0.0975
4163c7ea-de9c-4bec-a9f3-35f02ad35a1a	2	70303454	84653818	7806	0.1566
4163c7ea-de9c-4bec-a9f3-35f02ad35a1a	2	84659801	99959842	3399	0.1148
4163c7ea-de9c-4bec-a9f3-35f02ad35a1a	2	99964815	110669124	6062	0.1572
4163c7ea-de9c-4bec-a9f3-35f02ad35a1a	2	110672722	113714205	1415	0.1185
4163c7ea-de9c-4bec-a9f3-35f02ad35a1a	2	113714355	115695060	1164	0.1831
4163c7ea-de9c-4bec-a9f3-35f02ad35a1a	2	115701846	115733875	36	-0.5906
4163c7ea-de9c-4bec-a9f3-35f02ad35a1a	2	115736450	134138655	8925	0.1781
4163c7ea-de9c-4bec-a9f3-35f02ad35a1a	2	134139378	135028127	594	0.1235
4163c7ea-de9c-4bec-a9f3-35f02ad35a1a	2	135030856	136402186	685	0.0809
4163c7ea-de9c-4bec-a9f3-35f02ad35a1a	2	136402296	141767600	2976	0.1431
4163c7ea-de9c-4bec-a9f3-35f02ad35a1a	2	141768436	141935691	157	-0.5996
4163c7ea-de9c-4bec-a9f3-35f02ad35a1a	2	141944283	151127362	5259	0.1292
4163c7ea-de9c-4bec-a9f3-35f02ad35a1a	2	151128463	152901689	1135	0.0857
4163c7ea-de9c-4bec-a9f3-35f02ad35a1a	2	152903601	159185572	3492	0.137
4163c7ea-de9c-4bec-a9f3-35f02ad35a1a	2	159186731	159196220	11	-0.7268
4163c7ea-de9c-4bec-a9f3-35f02ad35a1a	2	159196237	164124636	2807	0.1298
4163c7ea-de9c-4bec-a9f3-35f02ad35a1a	2	164126162	189629642	14591	0.5262
4163c7ea-de9c-4bec-a9f3-35f02ad35a1a	2	189631356	204058118	7258	0.501
4163c7ea-de9c-4bec-a9f3-35f02ad35a1a	2	204061464	206918337	1906	0.5262
4163c7ea-de9c-4bec-a9f3-35f02ad35a1a	2	206920220	208511628	970	0.8551
4163c7ea-de9c-4bec-a9f3-35f02ad35a1a	2	208512085	211668083	1869	0.9106
4163c7ea-de9c-4bec-a9f3-35f02ad35a1a	2	211669873	218231610	4147	0.0518
4163c7ea-de9c-4bec-a9f3-35f02ad35a1a	2	218233111	219473784	589	-0.0244
4163c7ea-de9c-4bec-a9f3-35f02ad35a1a	2	219474419	230071038	6767	0.0518
4163c7ea-de9c-4bec-a9f3-35f02ad35a1a	2	230073807	234422787	2436	-0.0058
4163c7ea-de9c-4bec-a9f3-35f02ad35a1a	2	234424087	241537572	4296	0.0366
4163c7ea-de9c-4bec-a9f3-35f02ad35a1a	3	2170634	18035565	9690	-0.5712
4163c7ea-de9c-4bec-a9f3-35f02ad35a1a	3	18035611	31220086	7734	-0.5374
4163c7ea-de9c-4bec-a9f3-35f02ad35a1a	3	31220281	32663333	949	-0.6028
4163c7ea-de9c-4bec-a9f3-35f02ad35a1a	3	32664948	42385544	5784	-0.5404
4163c7ea-de9c-4bec-a9f3-35f02ad35a1a	3	42386777	50851478	4061	-0.583
4163c7ea-de9c-4bec-a9f3-35f02ad35a1a	3	50853240	50937470	80	-0.3551
4163c7ea-de9c-4bec-a9f3-35f02ad35a1a	3	50938368	54613825	1925	-0.5765
4163c7ea-de9c-4bec-a9f3-35f02ad35a1a	3	54615352	54656176	28	0.191
4163c7ea-de9c-4bec-a9f3-35f02ad35a1a	3	54660853	70791869	10506	-0.5435
4163c7ea-de9c-4bec-a9f3-35f02ad35a1a	3	70799335	72946391	1517	-0.608
4163c7ea-de9c-4bec-a9f3-35f02ad35a1a	3	72950753	90204409	8899	-0.5286
4163c7ea-de9c-4bec-a9f3-35f02ad35a1a	3	90208684	96024467	1055	-0.3847
4163c7ea-de9c-4bec-a9f3-35f02ad35a1a	3	96026165	96049367	13	0.7493
4163c7ea-de9c-4bec-a9f3-35f02ad35a1a	3	96051594	97148194	544	0.2715
4163c7ea-de9c-4bec-a9f3-35f02ad35a1a	3	97149991	97157779	2	1.174
4163c7ea-de9c-4bec-a9f3-35f02ad35a1a	3	97160854	97849508	339	0.2654
4163c7ea-de9c-4bec-a9f3-35f02ad35a1a	3	97852020	114375474	9217	0.6707
4163c7ea-de9c-4bec-a9f3-35f02ad35a1a	3	114378658	114521297	93	0.2119
4163c7ea-de9c-4bec-a9f3-35f02ad35a1a	3	114525949	127405669	7769	0.6826
4163c7ea-de9c-4bec-a9f3-35f02ad35a1a	3	127405779	130174126	1334	0.6338
4163c7ea-de9c-4bec-a9f3-35f02ad35a1a	3	130176612	160924368	16923	0.6824
4163c7ea-de9c-4bec-a9f3-35f02ad35a1a	3	160925999	160963452	22	0.2558
4163c7ea-de9c-4bec-a9f3-35f02ad35a1a	3	160968000	179103279	8749	0.6901
4163c7ea-de9c-4bec-a9f3-35f02ad35a1a	3	179109461	179264932	212	0.5578
4163c7ea-de9c-4bec-a9f3-35f02ad35a1a	3	179264994	179889398	360	0.6542
4163c7ea-de9c-4bec-a9f3-35f02ad35a1a	3	179889957	182770342	1506	0.7062
4163c7ea-de9c-4bec-a9f3-35f02ad35a1a	3	182771056	188147800	2870	0.6602
4163c7ea-de9c-4bec-a9f3-35f02ad35a1a	3	188148056	188760682	437	0.225
4163c7ea-de9c-4bec-a9f3-35f02ad35a1a	3	188761275	191600381	1923	0.7062
4163c7ea-de9c-4bec-a9f3-35f02ad35a1a	3	191602859	197812401	2599	0.6657
4163c7ea-de9c-4bec-a9f3-35f02ad35a1a	4	1059384	37615767	22678	-0.5427
4163c7ea-de9c-4bec-a9f3-35f02ad35a1a	4	37616486	42670530	3052	-0.5924
4163c7ea-de9c-4bec-a9f3-35f02ad35a1a	4	42676222	47578096	2308	-0.5309
4163c7ea-de9c-4bec-a9f3-35f02ad35a1a	4	47578121	47578420	2	-2.2
4163c7ea-de9c-4bec-a9f3-35f02ad35a1a	4	47578985	79416153	15832	-0.5295
4163c7ea-de9c-4bec-a9f3-35f02ad35a1a	4	79418313	90056312	6318	0.178
4163c7ea-de9c-4bec-a9f3-35f02ad35a1a	4	90062572	105342088	8334	-0.5259
4163c7ea-de9c-4bec-a9f3-35f02ad35a1a	4	105343400	105345112	6	-2.6746
4163c7ea-de9c-4bec-a9f3-35f02ad35a1a	4	105347180	121578510	9339	-0.5343
4163c7ea-de9c-4bec-a9f3-35f02ad35a1a	4	121584153	121588694	7	-2.3591
4163c7ea-de9c-4bec-a9f3-35f02ad35a1a	4	121591698	187842528	35491	-0.5407
4163c7ea-de9c-4bec-a9f3-35f02ad35a1a	5	913983	31963194	18716	0.1868
4163c7ea-de9c-4bec-a9f3-35f02ad35a1a	5	31963788	52085524	8087	0.1654
4163c7ea-de9c-4bec-a9f3-35f02ad35a1a	5	52092643	53262111	804	0.2157
4163c7ea-de9c-4bec-a9f3-35f02ad35a1a	5	53262931	115099669	33628	0.1606
4163c7ea-de9c-4bec-a9f3-35f02ad35a1a	5	115102146	115114904	14	0.6786
4163c7ea-de9c-4bec-a9f3-35f02ad35a1a	5	115118656	131192792	9301	0.1707
4163c7ea-de9c-4bec-a9f3-35f02ad35a1a	5	131192902	133029587	941	0.1139
4163c7ea-de9c-4bec-a9f3-35f02ad35a1a	5	133029699	134172678	888	0.1792
4163c7ea-de9c-4bec-a9f3-35f02ad35a1a	5	134174693	135109805	440	0.1156
4163c7ea-de9c-4bec-a9f3-35f02ad35a1a	5	135110298	137881380	1955	0.1899
4163c7ea-de9c-4bec-a9f3-35f02ad35a1a	5	137882024	143476874	2851	0.1289
4163c7ea-de9c-4bec-a9f3-35f02ad35a1a	5	143479206	149446106	3896	0.1736
4163c7ea-de9c-4bec-a9f3-35f02ad35a1a	5	149456226	151814076	1569	0.1273
4163c7ea-de9c-4bec-a9f3-35f02ad35a1a	5	151814989	176291892	16021	0.1729
4163c7ea-de9c-4bec-a9f3-35f02ad35a1a	5	176295907	180934240	2036	0.1344
4163c7ea-de9c-4bec-a9f3-35f02ad35a1a	6	1011760	2717004	1304	0.1925
4163c7ea-de9c-4bec-a9f3-35f02ad35a1a	6	2717031	3119216	325	0.098
4163c7ea-de9c-4bec-a9f3-35f02ad35a1a	6	3119325	4772852	1047	0.1672
4163c7ea-de9c-4bec-a9f3-35f02ad35a1a	6	4782018	5026481	187	-0.6253
4163c7ea-de9c-4bec-a9f3-35f02ad35a1a	6	5029651	5744759	492	0.1525
4163c7ea-de9c-4bec-a9f3-35f02ad35a1a	6	5746213	12706881	5076	-0.5944
4163c7ea-de9c-4bec-a9f3-35f02ad35a1a	6	12710055	16859991	2909	0.1343
4163c7ea-de9c-4bec-a9f3-35f02ad35a1a	6	16862754	24581497	5402	0.1762
4163c7ea-de9c-4bec-a9f3-35f02ad35a1a	6	24581804	33115107	2768	0.1188
4163c7ea-de9c-4bec-a9f3-35f02ad35a1a	6	33115121	33115708	2	-1.0809
4163c7ea-de9c-4bec-a9f3-35f02ad35a1a	6	33116894	38741757	3175	0.1158
4163c7ea-de9c-4bec-a9f3-35f02ad35a1a	6	38741876	40901887	1716	0.1843
4163c7ea-de9c-4bec-a9f3-35f02ad35a1a	6	40903985	44395307	1936	0.1155
4163c7ea-de9c-4bec-a9f3-35f02ad35a1a	6	44395429	86778363	21784	0.1853
4163c7ea-de9c-4bec-a9f3-35f02ad35a1a	6	86780362	92392400	3452	0.1536
4163c7ea-de9c-4bec-a9f3-35f02ad35a1a	6	92392590	92516329	68	-0.6493
4163c7ea-de9c-4bec-a9f3-35f02ad35a1a	6	92519947	105308282	6579	0.1827
4163c7ea-de9c-4bec-a9f3-35f02ad35a1a	6	105308650	112285240	4297	0.135
4163c7ea-de9c-4bec-a9f3-35f02ad35a1a	6	112286073	116538630	2452	0.1907
4163c7ea-de9c-4bec-a9f3-35f02ad35a1a	6	116540720	116540829	2	-0.983
4163c7ea-de9c-4bec-a9f3-35f02ad35a1a	6	116545786	128755375	6665	0.1921
4163c7ea-de9c-4bec-a9f3-35f02ad35a1a	6	128758120	135648919	4718	0.1537
4163c7ea-de9c-4bec-a9f3-35f02ad35a1a	6	135658832	135661977	6	-0.7002
4163c7ea-de9c-4bec-a9f3-35f02ad35a1a	6	135661985	141061995	3107	0.1471
4163c7ea-de9c-4bec-a9f3-35f02ad35a1a	6	141065726	141066428	5	-0.5953
4163c7ea-de9c-4bec-a9f3-35f02ad35a1a	6	141069374	160001813	12312	0.152
4163c7ea-de9c-4bec-a9f3-35f02ad35a1a	6	160007460	166356536	3976	0.1836
4163c7ea-de9c-4bec-a9f3-35f02ad35a1a	6	166356961	170313678	1231	0.1566
4163c7ea-de9c-4bec-a9f3-35f02ad35a1a	6	170318921	170596889	184	0.6018
4163c7ea-de9c-4bec-a9f3-35f02ad35a1a	7	664936	4548396	1479	0.6141
4163c7ea-de9c-4bec-a9f3-35f02ad35a1a	7	4550489	8508942	1743	0.574
4163c7ea-de9c-4bec-a9f3-35f02ad35a1a	7	8508991	12573627	2125	0.6275
4163c7ea-de9c-4bec-a9f3-35f02ad35a1a	7	12574451	12580115	7	-0.5431
4163c7ea-de9c-4bec-a9f3-35f02ad35a1a	7	12586229	18393842	3573	0.6331
4163c7ea-de9c-4bec-a9f3-35f02ad35a1a	7	18394465	18499974	52	-0.4797
4163c7ea-de9c-4bec-a9f3-35f02ad35a1a	7	18504273	24394790	3773	0.6182
4163c7ea-de9c-4bec-a9f3-35f02ad35a1a	7	24395124	34938086	6772	0.2494
4163c7ea-de9c-4bec-a9f3-35f02ad35a1a	7	34938473	35024700	44	-0.4258
4163c7ea-de9c-4bec-a9f3-35f02ad35a1a	7	35029184	35648723	435	0.2454
4163c7ea-de9c-4bec-a9f3-35f02ad35a1a	7	35648760	38666321	2142	0.2097
4163c7ea-de9c-4bec-a9f3-35f02ad35a1a	7	38666784	43332253	2674	0.2647
4163c7ea-de9c-4bec-a9f3-35f02ad35a1a	7	43336954	44919196	786	0.2164
4163c7ea-de9c-4bec-a9f3-35f02ad35a1a	7	44921598	53786923	6215	0.2751
4163c7ea-de9c-4bec-a9f3-35f02ad35a1a	7	53788598	53794599	7	-0.5009
4163c7ea-de9c-4bec-a9f3-35f02ad35a1a	7	53796671	68916408	3732	0.2612
4163c7ea-de9c-4bec-a9f3-35f02ad35a1a	7	68920023	68922804	3	-0.9055
4163c7ea-de9c-4bec-a9f3-35f02ad35a1a	7	68923525	72931874	2135	0.2798
4163c7ea-de9c-4bec-a9f3-35f02ad35a1a	7	73312738	77759871	1279	0.2073
4163c7ea-de9c-4bec-a9f3-35f02ad35a1a	7	77760929	85395327	4858	0.2747
4163c7ea-de9c-4bec-a9f3-35f02ad35a1a	7	85397003	93397500	3494	0.2374
4163c7ea-de9c-4bec-a9f3-35f02ad35a1a	7	93400932	96042708	1636	0.2729
4163c7ea-de9c-4bec-a9f3-35f02ad35a1a	7	96050465	96178719	75	-0.5771
4163c7ea-de9c-4bec-a9f3-35f02ad35a1a	7	96184519	97882049	1016	0.2811
4163c7ea-de9c-4bec-a9f3-35f02ad35a1a	7	97891374	107978229	4850	0.2351
4163c7ea-de9c-4bec-a9f3-35f02ad35a1a	7	107979582	110911708	1685	0.2858
4163c7ea-de9c-4bec-a9f3-35f02ad35a1a	7	110912741	113037713	722	0.2133
4163c7ea-de9c-4bec-a9f3-35f02ad35a1a	7	113037991	114424268	695	0.2722
4163c7ea-de9c-4bec-a9f3-35f02ad35a1a	7	114430786	114462797	16	-0.3958
4163c7ea-de9c-4bec-a9f3-35f02ad35a1a	7	114463781	119370345	2795	0.2502
4163c7ea-de9c-4bec-a9f3-35f02ad35a1a	7	119380393	119401926	14	-0.5085
4163c7ea-de9c-4bec-a9f3-35f02ad35a1a	7	119409758	120452628	479	0.2378
4163c7ea-de9c-4bec-a9f3-35f02ad35a1a	7	120452673	127591282	4075	0.272
4163c7ea-de9c-4bec-a9f3-35f02ad35a1a	7	127593923	129108848	668	0.2077
4163c7ea-de9c-4bec-a9f3-35f02ad35a1a	7	129111901	148339099	10722	-0.4375
4163c7ea-de9c-4bec-a9f3-35f02ad35a1a	7	148339285	152270604	1860	-0.4846
4163c7ea-de9c-4bec-a9f3-35f02ad35a1a	7	152271203	157336075	2745	-0.4355
4163c7ea-de9c-4bec-a9f3-35f02ad35a1a	7	157353437	157374224	20	-3.0363
4163c7ea-de9c-4bec-a9f3-35f02ad35a1a	7	157376414	158592540	550	-0.4412
4163c7ea-de9c-4bec-a9f3-35f02ad35a1a	8	667625	2024472	691	-0.5829
4163c7ea-de9c-4bec-a9f3-35f02ad35a1a	8	2026336	3854571	938	-0.385
4163c7ea-de9c-4bec-a9f3-35f02ad35a1a	8	3858167	3997645	94	-0.6161
4163c7ea-de9c-4bec-a9f3-35f02ad35a1a	8	3997815	21613154	10537	-0.3904
4163c7ea-de9c-4bec-a9f3-35f02ad35a1a	8	21615698	30063772	5459	-0.4198
4163c7ea-de9c-4bec-a9f3-35f02ad35a1a	8	30064330	30064493	2	-1.8731
4163c7ea-de9c-4bec-a9f3-35f02ad35a1a	8	30064915	40643583	5909	-0.3953
4163c7ea-de9c-4bec-a9f3-35f02ad35a1a	8	40643649	40671700	14	-0.623
4163c7ea-de9c-4bec-a9f3-35f02ad35a1a	8	40672583	82453132	22060	0.171
4163c7ea-de9c-4bec-a9f3-35f02ad35a1a	8	82453763	82470836	7	-0.5284
4163c7ea-de9c-4bec-a9f3-35f02ad35a1a	8	82473545	119483309	20895	0.1704
4163c7ea-de9c-4bec-a9f3-35f02ad35a1a	8	119484185	121006310	986	0.1238
4163c7ea-de9c-4bec-a9f3-35f02ad35a1a	8	121018981	123354907	1484	0.183
4163c7ea-de9c-4bec-a9f3-35f02ad35a1a	8	123367515	127226867	2696	0.9118
4163c7ea-de9c-4bec-a9f3-35f02ad35a1a	8	127227054	127271373	35	0.584
4163c7ea-de9c-4bec-a9f3-35f02ad35a1a	8	127272037	128467310	915	0.9286
4163c7ea-de9c-4bec-a9f3-35f02ad35a1a	8	128467791	142737568	9092	0.9588
4163c7ea-de9c-4bec-a9f3-35f02ad35a1a	8	142746441	144182542	403	0.9063
4163c7ea-de9c-4bec-a9f3-35f02ad35a1a	9	789794	2050437	650	-2.8793
4163c7ea-de9c-4bec-a9f3-35f02ad35a1a	9	2053379	2053490	2	-0.7862
4163c7ea-de9c-4bec-a9f3-35f02ad35a1a	9	2056025	3060291	1003	0.1767
4163c7ea-de9c-4bec-a9f3-35f02ad35a1a	9	3074359	29658657	16512	-0.546
4163c7ea-de9c-4bec-a9f3-35f02ad35a1a	9	29663091	29668895	9	1.2989
4163c7ea-de9c-4bec-a9f3-35f02ad35a1a	9	29671984	31329528	799	0.6243
4163c7ea-de9c-4bec-a9f3-35f02ad35a1a	9	31335890	31580938	140	1.2079
4163c7ea-de9c-4bec-a9f3-35f02ad35a1a	9	31583711	31991941	282	0.9596
4163c7ea-de9c-4bec-a9f3-35f02ad35a1a	9	31996544	37928774	3528	0.1368
4163c7ea-de9c-4bec-a9f3-35f02ad35a1a	9	37929812	37948435	17	-0.5393
4163c7ea-de9c-4bec-a9f3-35f02ad35a1a	9	37949562	80314386	9003	0.1559
4163c7ea-de9c-4bec-a9f3-35f02ad35a1a	9	80314482	85643834	3767	0.1844
4163c7ea-de9c-4bec-a9f3-35f02ad35a1a	9	85647365	91822170	4251	0.1553
4163c7ea-de9c-4bec-a9f3-35f02ad35a1a	9	91823779	95035390	1711	0.1309
4163c7ea-de9c-4bec-a9f3-35f02ad35a1a	9	95035913	95052918	14	0.6251
4163c7ea-de9c-4bec-a9f3-35f02ad35a1a	9	95054232	100794522	3620	0.1297
4163c7ea-de9c-4bec-a9f3-35f02ad35a1a	9	100794951	101182114	288	0.1813
4163c7ea-de9c-4bec-a9f3-35f02ad35a1a	9	101189330	101206794	17	0.6256
4163c7ea-de9c-4bec-a9f3-35f02ad35a1a	9	101216548	110865225	6564	0.1711
4163c7ea-de9c-4bec-a9f3-35f02ad35a1a	9	110865353	113282718	1470	0.1336
4163c7ea-de9c-4bec-a9f3-35f02ad35a1a	9	113282794	120548529	5464	0.1766
4163c7ea-de9c-4bec-a9f3-35f02ad35a1a	9	120551879	121541353	591	0.1042
4163c7ea-de9c-4bec-a9f3-35f02ad35a1a	9	121546895	122955270	885	0.1519
4163c7ea-de9c-4bec-a9f3-35f02ad35a1a	9	122959326	123095417	66	-0.5368
4163c7ea-de9c-4bec-a9f3-35f02ad35a1a	9	123099416	123520101	244	0.1319
4163c7ea-de9c-4bec-a9f3-35f02ad35a1a	9	123523367	123542416	14	0.7083
4163c7ea-de9c-4bec-a9f3-35f02ad35a1a	9	123543801	133773755	5973	0.1159
4163c7ea-de9c-4bec-a9f3-35f02ad35a1a	9	133774951	136388336	1132	0.1669
4163c7ea-de9c-4bec-a9f3-35f02ad35a1a	9	136388352	138044505	463	0.1051
4163c7ea-de9c-4bec-a9f3-35f02ad35a1a	10	366509	386163	16	-0.0375
4163c7ea-de9c-4bec-a9f3-35f02ad35a1a	10	389940	3170251	1380	0.1482
4163c7ea-de9c-4bec-a9f3-35f02ad35a1a	10	3171016	5042536	1682	0.0924
4163c7ea-de9c-4bec-a9f3-35f02ad35a1a	10	5042660	5084056	28	0.429
4163c7ea-de9c-4bec-a9f3-35f02ad35a1a	10	5087975	18546396	10171	0.0993
4163c7ea-de9c-4bec-a9f3-35f02ad35a1a	10	18546425	30103498	7770	0.1207
4163c7ea-de9c-4bec-a9f3-35f02ad35a1a	10	30103655	31679205	1085	0.0752
4163c7ea-de9c-4bec-a9f3-35f02ad35a1a	10	31679541	49216117	7178	0.1259
4163c7ea-de9c-4bec-a9f3-35f02ad35a1a	10	49219072	59635226	5898	0.1552
4163c7ea-de9c-4bec-a9f3-35f02ad35a1a	10	59638447	61626895	1406	0.114
4163c7ea-de9c-4bec-a9f3-35f02ad35a1a	10	61629388	63406034	1119	0.0695
4163c7ea-de9c-4bec-a9f3-35f02ad35a1a	10	63406910	64687629	763	0.1162
4163c7ea-de9c-4bec-a9f3-35f02ad35a1a	10	64687662	66238578	1054	0.1574
4163c7ea-de9c-4bec-a9f3-35f02ad35a1a	10	66238612	67819874	532	0.0625
4163c7ea-de9c-4bec-a9f3-35f02ad35a1a	10	67821118	71685314	2556	-0.0156
4163c7ea-de9c-4bec-a9f3-35f02ad35a1a	10	71685950	74441962	1210	-0.0674
4163c7ea-de9c-4bec-a9f3-35f02ad35a1a	10	74444092	74685304	105	-0.8545
4163c7ea-de9c-4bec-a9f3-35f02ad35a1a	10	74692022	75610301	485	-0.0237
4163c7ea-de9c-4bec-a9f3-35f02ad35a1a	10	75610561	83225317	5140	0.0215
4163c7ea-de9c-4bec-a9f3-35f02ad35a1a	10	83226007	86528449	2376	-0.0157
4163c7ea-de9c-4bec-a9f3-35f02ad35a1a	10	86529429	89637389	1868	-0.0757
4163c7ea-de9c-4bec-a9f3-35f02ad35a1a	10	89638692	99529353	5861	-0.0407
4163c7ea-de9c-4bec-a9f3-35f02ad35a1a	10	99529366	104456593	2537	-0.0758
4163c7ea-de9c-4bec-a9f3-35f02ad35a1a	10	104463063	109938434	3635	-0.0178
4163c7ea-de9c-4bec-a9f3-35f02ad35a1a	10	109939221	110940221	638	-0.096
4163c7ea-de9c-4bec-a9f3-35f02ad35a1a	10	110940784	126266128	10907	-0.0286
4163c7ea-de9c-4bec-a9f3-35f02ad35a1a	10	126270239	126341693	76	-0.6245
4163c7ea-de9c-4bec-a9f3-35f02ad35a1a	10	126348678	133411599	3827	-0.0228
4163c7ea-de9c-4bec-a9f3-35f02ad35a1a	11	456012	12834107	7460	0.1547
4163c7ea-de9c-4bec-a9f3-35f02ad35a1a	11	12838679	13079755	235	-0.5593
4163c7ea-de9c-4bec-a9f3-35f02ad35a1a	11	13081143	20582027	5195	0.1725
4163c7ea-de9c-4bec-a9f3-35f02ad35a1a	11	20583294	20584911	5	-0.5238
4163c7ea-de9c-4bec-a9f3-35f02ad35a1a	11	20584965	45925913	16284	0.1828
4163c7ea-de9c-4bec-a9f3-35f02ad35a1a	11	45926765	48074882	885	0.1085
4163c7ea-de9c-4bec-a9f3-35f02ad35a1a	11	48080214	49664418	463	0.1493
4163c7ea-de9c-4bec-a9f3-35f02ad35a1a	11	49664513	57192309	731	0.2112
4163c7ea-de9c-4bec-a9f3-35f02ad35a1a	11	57193673	60792379	2004	0.1548
4163c7ea-de9c-4bec-a9f3-35f02ad35a1a	11	60797331	68855964	2892	0.1137
4163c7ea-de9c-4bec-a9f3-35f02ad35a1a	11	68859610	68873110	14	1.4481
4163c7ea-de9c-4bec-a9f3-35f02ad35a1a	11	68876441	69832982	599	1.7452
4163c7ea-de9c-4bec-a9f3-35f02ad35a1a	11	69833229	70242901	203	1.9953
4163c7ea-de9c-4bec-a9f3-35f02ad35a1a	11	70243747	70860010	364	1.8368
4163c7ea-de9c-4bec-a9f3-35f02ad35a1a	11	70869257	70948969	54	1.221
4163c7ea-de9c-4bec-a9f3-35f02ad35a1a	11	70949160	71125421	14	0.6593
4163c7ea-de9c-4bec-a9f3-35f02ad35a1a	11	71130844	79311218	4464	-0.5829
4163c7ea-de9c-4bec-a9f3-35f02ad35a1a	11	79312576	91890542	7699	-0.525
4163c7ea-de9c-4bec-a9f3-35f02ad35a1a	11	91892483	91895446	4	-2.6947
4163c7ea-de9c-4bec-a9f3-35f02ad35a1a	11	91895483	96400449	2817	-0.5626
4163c7ea-de9c-4bec-a9f3-35f02ad35a1a	11	96400664	110610255	8726	-0.5268
4163c7ea-de9c-4bec-a9f3-35f02ad35a1a	11	110610836	111011626	310	-0.5659
4163c7ea-de9c-4bec-a9f3-35f02ad35a1a	11	111013560	111014169	2	-2.5308
4163c7ea-de9c-4bec-a9f3-35f02ad35a1a	11	111016822	134272740	16108	-0.5676
4163c7ea-de9c-4bec-a9f3-35f02ad35a1a	12	780472	976896	99	0.1827
4163c7ea-de9c-4bec-a9f3-35f02ad35a1a	12	977419	3634162	1293	0.2725
4163c7ea-de9c-4bec-a9f3-35f02ad35a1a	12	3634309	4881030	947	0.2054
4163c7ea-de9c-4bec-a9f3-35f02ad35a1a	12	4881428	6084371	1078	0.2963
4163c7ea-de9c-4bec-a9f3-35f02ad35a1a	12	6084547	12882744	3348	0.2199
4163c7ea-de9c-4bec-a9f3-35f02ad35a1a	12	12882786	27647513	9288	0.261
4163c7ea-de9c-4bec-a9f3-35f02ad35a1a	12	27647886	45055190	7097	0.1717
4163c7ea-de9c-4bec-a9f3-35f02ad35a1a	12	45057074	57948969	6766	0.1153
4163c7ea-de9c-4bec-a9f3-35f02ad35a1a	12	57951074	67738739	6103	0.1636
4163c7ea-de9c-4bec-a9f3-35f02ad35a1a	12	67740766	68963451	925	0.8883
4163c7ea-de9c-4bec-a9f3-35f02ad35a1a	12	68964209	70298039	886	1.6442
4163c7ea-de9c-4bec-a9f3-35f02ad35a1a	12	70299358	71194081	608	1.3854
4163c7ea-de9c-4bec-a9f3-35f02ad35a1a	12	71195441	77490491	3582	-0.5538
4163c7ea-de9c-4bec-a9f3-35f02ad35a1a	12	77491585	88110784	6231	-0.509
4163c7ea-de9c-4bec-a9f3-35f02ad35a1a	12	88111301	109350214	13708	-0.5629
4163c7ea-de9c-4bec-a9f3-35f02ad35a1a	12	109350227	109352537	3	-2.1175
4163c7ea-de9c-4bec-a9f3-35f02ad35a1a	12	109354914	110675513	630	-0.5715
4163c7ea-de9c-4bec-a9f3-35f02ad35a1a	12	110679296	110682600	4	-2.0669
4163c7ea-de9c-4bec-a9f3-35f02ad35a1a	12	110684896	119001574	5213	-0.5492
4163c7ea-de9c-4bec-a9f3-35f02ad35a1a	12	119002498	125080201	3050	-0.6026
4163c7ea-de9c-4bec-a9f3-35f02ad35a1a	12	125081750	132605822	3447	-0.5515
4163c7ea-de9c-4bec-a9f3-35f02ad35a1a	13	18874255	20575580	524	-0.5636
4163c7ea-de9c-4bec-a9f3-35f02ad35a1a	13	20575824	20591186	5	-2.0434
4163c7ea-de9c-4bec-a9f3-35f02ad35a1a	13	20594354	24516410	2293	-0.5727
4163c7ea-de9c-4bec-a9f3-35f02ad35a1a	13	24518643	33691972	6285	0.1547
4163c7ea-de9c-4bec-a9f3-35f02ad35a1a	13	33693447	39933175	4301	0.1872
4163c7ea-de9c-4bec-a9f3-35f02ad35a1a	13	39933470	52863288	7136	0.1537
4163c7ea-de9c-4bec-a9f3-35f02ad35a1a	13	52864999	76522260	12818	0.1907
4163c7ea-de9c-4bec-a9f3-35f02ad35a1a	13	76522562	80263980	2385	0.1486
4163c7ea-de9c-4bec-a9f3-35f02ad35a1a	13	80265341	99138891	11328	0.187
4163c7ea-de9c-4bec-a9f3-35f02ad35a1a	13	99142527	99145675	6	-0.537
4163c7ea-de9c-4bec-a9f3-35f02ad35a1a	13	99146387	104012916	3554	0.1697
4163c7ea-de9c-4bec-a9f3-35f02ad35a1a	13	104013071	112217170	5605	0.1998
4163c7ea-de9c-4bec-a9f3-35f02ad35a1a	13	112217984	112227034	8	0.7053
4163c7ea-de9c-4bec-a9f3-35f02ad35a1a	13	112227454	112572161	213	0.2195
4163c7ea-de9c-4bec-a9f3-35f02ad35a1a	13	112572705	114226675	537	0.1348
4163c7ea-de9c-4bec-a9f3-35f02ad35a1a	14	20033191	25552075	2474	-0.4851
4163c7ea-de9c-4bec-a9f3-35f02ad35a1a	14	25552368	49554099	12766	-0.4234
4163c7ea-de9c-4bec-a9f3-35f02ad35a1a	14	49554324	49988369	187	-0.4855
4163c7ea-de9c-4bec-a9f3-35f02ad35a1a	14	49992214	49999801	10	-1.1296
4163c7ea-de9c-4bec-a9f3-35f02ad35a1a	14	50004234	65821256	10134	-0.468
4163c7ea-de9c-4bec-a9f3-35f02ad35a1a	14	65822095	65825848	3	-1.9437
4163c7ea-de9c-4bec-a9f3-35f02ad35a1a	14	65825866	67525773	798	-0.4492
4163c7ea-de9c-4bec-a9f3-35f02ad35a1a	14	67526250	67526325	3	-2.3544
4163c7ea-de9c-4bec-a9f3-35f02ad35a1a	14	67527666	77797308	6312	-0.4884
4163c7ea-de9c-4bec-a9f3-35f02ad35a1a	14	77797805	88202190	6810	-0.4261
4163c7ea-de9c-4bec-a9f3-35f02ad35a1a	14	88203768	100714165	8206	-0.491
4163c7ea-de9c-4bec-a9f3-35f02ad35a1a	14	100721062	100721151	3	-1.7329
4163c7ea-de9c-4bec-a9f3-35f02ad35a1a	14	100724983	105533894	2036	-0.4891
4163c7ea-de9c-4bec-a9f3-35f02ad35a1a	15	23437561	36080692	5645	-0.5496
4163c7ea-de9c-4bec-a9f3-35f02ad35a1a	15	36087235	37241857	830	0.1827
4163c7ea-de9c-4bec-a9f3-35f02ad35a1a	15	37243360	37262876	14	-0.2711
4163c7ea-de9c-4bec-a9f3-35f02ad35a1a	15	37263059	39517609	1550	0.1741
4163c7ea-de9c-4bec-a9f3-35f02ad35a1a	15	39517669	45329788	2639	0.1285
4163c7ea-de9c-4bec-a9f3-35f02ad35a1a	15	45335201	47471529	1364	0.1925
4163c7ea-de9c-4bec-a9f3-35f02ad35a1a	15	47472189	47472204	2	-3.0451
4163c7ea-de9c-4bec-a9f3-35f02ad35a1a	15	47473773	48884258	973	0.1885
4163c7ea-de9c-4bec-a9f3-35f02ad35a1a	15	48890408	48931551	34	0.573
4163c7ea-de9c-4bec-a9f3-35f02ad35a1a	15	48936534	59449830	6585	0.1573
4163c7ea-de9c-4bec-a9f3-35f02ad35a1a	15	59451823	59453543	3	-2.0968
4163c7ea-de9c-4bec-a9f3-35f02ad35a1a	15	59456264	80139988	12498	0.1453
4163c7ea-de9c-4bec-a9f3-35f02ad35a1a	15	80143901	88955944	5061	0.1724
4163c7ea-de9c-4bec-a9f3-35f02ad35a1a	15	88958803	93735122	2834	0.1335
4163c7ea-de9c-4bec-a9f3-35f02ad35a1a	15	93735920	98611488	3378	0.1869
4163c7ea-de9c-4bec-a9f3-35f02ad35a1a	15	98612612	101344124	1365	0.1406
4163c7ea-de9c-4bec-a9f3-35f02ad35a1a	16	603333	1516381	148	0.1569
4163c7ea-de9c-4bec-a9f3-35f02ad35a1a	16	1517534	4587341	1277	0.0973
4163c7ea-de9c-4bec-a9f3-35f02ad35a1a	16	4588558	7619142	1673	0.2149
4163c7ea-de9c-4bec-a9f3-35f02ad35a1a	16	7620997	7622489	3	-0.724
4163c7ea-de9c-4bec-a9f3-35f02ad35a1a	16	7626542	10172087	1957	0.215
4163c7ea-de9c-4bec-a9f3-35f02ad35a1a	16	10173114	11421365	904	0.1689
4163c7ea-de9c-4bec-a9f3-35f02ad35a1a	16	11423442	11838477	225	0.0802
4163c7ea-de9c-4bec-a9f3-35f02ad35a1a	16	11848465	28258331	7108	0.179
4163c7ea-de9c-4bec-a9f3-35f02ad35a1a	16	28259888	31609722	640	0.095
4163c7ea-de9c-4bec-a9f3-35f02ad35a1a	16	31610518	48506016	985	0.165
4163c7ea-de9c-4bec-a9f3-35f02ad35a1a	16	48508271	55888345	5462	0.2022
4163c7ea-de9c-4bec-a9f3-35f02ad35a1a	16	55888429	59025636	1891	0.1532
4163c7ea-de9c-4bec-a9f3-35f02ad35a1a	16	59027965	66477420	4936	0.2195
4163c7ea-de9c-4bec-a9f3-35f02ad35a1a	16	66479415	70667246	1755	0.1258
4163c7ea-de9c-4bec-a9f3-35f02ad35a1a	16	70670199	74440089	1998	0.1782
4163c7ea-de9c-4bec-a9f3-35f02ad35a1a	16	74441593	75859446	715	0.1191
4163c7ea-de9c-4bec-a9f3-35f02ad35a1a	16	75863641	78927310	2508	0.1972
4163c7ea-de9c-4bec-a9f3-35f02ad35a1a	16	78929660	79111485	197	-0.0274
4163c7ea-de9c-4bec-a9f3-35f02ad35a1a	16	79113570	81360174	1937	0.1804
4163c7ea-de9c-4bec-a9f3-35f02ad35a1a	16	81362433	81367237	7	-0.7943
4163c7ea-de9c-4bec-a9f3-35f02ad35a1a	16	81370318	81791900	282	0.1685
4163c7ea-de9c-4bec-a9f3-35f02ad35a1a	16	81793248	81793639	2	-1.0303
4163c7ea-de9c-4bec-a9f3-35f02ad35a1a	16	81795414	83587488	1678	0.2028
4163c7ea-de9c-4bec-a9f3-35f02ad35a1a	16	83593469	83800725	296	-0.5427
4163c7ea-de9c-4bec-a9f3-35f02ad35a1a	16	83803127	89317317	2635	0.1819
4163c7ea-de9c-4bec-a9f3-35f02ad35a1a	17	1074619	8970133	3904	0.1181
4163c7ea-de9c-4bec-a9f3-35f02ad35a1a	17	8970812	14179641	3619	0.1824
4163c7ea-de9c-4bec-a9f3-35f02ad35a1a	17	14182320	32794605	4817	0.1279
4163c7ea-de9c-4bec-a9f3-35f02ad35a1a	17	32794938	35065066	1044	0.19
4163c7ea-de9c-4bec-a9f3-35f02ad35a1a	17	35065100	35503612	206	0.1255
4163c7ea-de9c-4bec-a9f3-35f02ad35a1a	17	35507667	35510232	2	-0.8262
4163c7ea-de9c-4bec-a9f3-35f02ad35a1a	17	35516898	37512249	941	0.1408
4163c7ea-de9c-4bec-a9f3-35f02ad35a1a	17	37514228	37514283	2	1.1954
4163c7ea-de9c-4bec-a9f3-35f02ad35a1a	17	37518735	51149554	5717	0.1165
4163c7ea-de9c-4bec-a9f3-35f02ad35a1a	17	51150245	56534259	3363	0.1867
4163c7ea-de9c-4bec-a9f3-35f02ad35a1a	17	56535032	57905581	1060	0.1505
4163c7ea-de9c-4bec-a9f3-35f02ad35a1a	17	57905826	65109920	3275	0.1208
4163c7ea-de9c-4bec-a9f3-35f02ad35a1a	17	65110006	68218491	1820	0.1545
4163c7ea-de9c-4bec-a9f3-35f02ad35a1a	17	68220575	68228476	11	-0.2833
4163c7ea-de9c-4bec-a9f3-35f02ad35a1a	17	68229044	70645227	1616	0.1587
4163c7ea-de9c-4bec-a9f3-35f02ad35a1a	17	70645335	72775423	1709	0.2186
4163c7ea-de9c-4bec-a9f3-35f02ad35a1a	17	72775588	73803224	741	0.1681
4163c7ea-de9c-4bec-a9f3-35f02ad35a1a	17	73806109	76572425	803	0.0911
4163c7ea-de9c-4bec-a9f3-35f02ad35a1a	17	76578021	76802559	119	-0.5866
4163c7ea-de9c-4bec-a9f3-35f02ad35a1a	17	76804917	77205030	201	0.114
4163c7ea-de9c-4bec-a9f3-35f02ad35a1a	17	77205447	77221984	17	0.5144
4163c7ea-de9c-4bec-a9f3-35f02ad35a1a	17	77224205	82959812	2306	0.1106
4163c7ea-de9c-4bec-a9f3-35f02ad35a1a	18	326691	894890	50	0.8845
4163c7ea-de9c-4bec-a9f3-35f02ad35a1a	18	894964	1616304	452	0.6143
4163c7ea-de9c-4bec-a9f3-35f02ad35a1a	18	1621256	1713410	15	0.783
4163c7ea-de9c-4bec-a9f3-35f02ad35a1a	18	2079539	2240220	129	0.2162
4163c7ea-de9c-4bec-a9f3-35f02ad35a1a	18	2255124	3807349	865	0.5592
4163c7ea-de9c-4bec-a9f3-35f02ad35a1a	18	3807898	3838450	53	0.8784
4163c7ea-de9c-4bec-a9f3-35f02ad35a1a	18	3838816	4618060	611	0.6012
4163c7ea-de9c-4bec-a9f3-35f02ad35a1a	18	4620374	4628275	2	1.6446
4163c7ea-de9c-4bec-a9f3-35f02ad35a1a	18	4629150	14661644	6095	0.6045
4163c7ea-de9c-4bec-a9f3-35f02ad35a1a	18	21109102	27066553	3595	-0.3768
4163c7ea-de9c-4bec-a9f3-35f02ad35a1a	18	27068168	27279016	120	-0.0948
4163c7ea-de9c-4bec-a9f3-35f02ad35a1a	18	27286119	27496251	118	-0.2126
4163c7ea-de9c-4bec-a9f3-35f02ad35a1a	18	27509337	27574476	38	-0.4122
4163c7ea-de9c-4bec-a9f3-35f02ad35a1a	18	27574551	79349796	30773	-0.5329
4163c7ea-de9c-4bec-a9f3-35f02ad35a1a	19	283868	21246445	7835	0.0917
4163c7ea-de9c-4bec-a9f3-35f02ad35a1a	19	21249195	35175194	6378	0.1597
4163c7ea-de9c-4bec-a9f3-35f02ad35a1a	19	35175250	49254572	6181	0.0976
4163c7ea-de9c-4bec-a9f3-35f02ad35a1a	19	49255975	49279844	13	0.5952
4163c7ea-de9c-4bec-a9f3-35f02ad35a1a	19	49283560	58370362	3749	0.099
4163c7ea-de9c-4bec-a9f3-35f02ad35a1a	20	472817	5932575	3258	0.0965
4163c7ea-de9c-4bec-a9f3-35f02ad35a1a	20	5933117	31411182	13791	0.1677
4163c7ea-de9c-4bec-a9f3-35f02ad35a1a	20	31413085	38596754	3657	0.1091
4163c7ea-de9c-4bec-a9f3-35f02ad35a1a	20	38600016	44440356	4021	0.1782
4163c7ea-de9c-4bec-a9f3-35f02ad35a1a	20	44440459	44489201	16	0.0226
4163c7ea-de9c-4bec-a9f3-35f02ad35a1a	20	44491297	44575010	39	-0.6423
4163c7ea-de9c-4bec-a9f3-35f02ad35a1a	20	44579709	48537021	2711	0.1464
4163c7ea-de9c-4bec-a9f3-35f02ad35a1a	20	48542050	50291392	838	0.0937
4163c7ea-de9c-4bec-a9f3-35f02ad35a1a	20	50302907	50308334	6	-0.3886
4163c7ea-de9c-4bec-a9f3-35f02ad35a1a	20	50312434	50529631	183	0.0874
4163c7ea-de9c-4bec-a9f3-35f02ad35a1a	20	50529644	54085397	2466	0.1418
4163c7ea-de9c-4bec-a9f3-35f02ad35a1a	20	54085647	56391777	1789	0.1882
4163c7ea-de9c-4bec-a9f3-35f02ad35a1a	20	56392509	58697758	1737	0.1539
4163c7ea-de9c-4bec-a9f3-35f02ad35a1a	20	58704798	58704865	2	-0.7916
4163c7ea-de9c-4bec-a9f3-35f02ad35a1a	20	58709977	59616574	631	0.1432
4163c7ea-de9c-4bec-a9f3-35f02ad35a1a	20	59621049	61995408	1824	0.1865
4163c7ea-de9c-4bec-a9f3-35f02ad35a1a	20	61995492	63588502	600	0.1194
4163c7ea-de9c-4bec-a9f3-35f02ad35a1a	21	13974127	32180843	11692	0.1666
4163c7ea-de9c-4bec-a9f3-35f02ad35a1a	21	32182271	37548536	3410	0.1332
4163c7ea-de9c-4bec-a9f3-35f02ad35a1a	21	37548941	42678515	4183	0.1752
4163c7ea-de9c-4bec-a9f3-35f02ad35a1a	21	42678848	45823118	1102	0.1062
4163c7ea-de9c-4bec-a9f3-35f02ad35a1a	21	45823173	45823188	2	-0.7061
4163c7ea-de9c-4bec-a9f3-35f02ad35a1a	21	45823197	45860087	36	0.0833
4163c7ea-de9c-4bec-a9f3-35f02ad35a1a	21	45860102	46262057	182	0.1491
4163c7ea-de9c-4bec-a9f3-35f02ad35a1a	22	16934932	29018013	4516	0.1477
4163c7ea-de9c-4bec-a9f3-35f02ad35a1a	22	29024806	32088201	1663	0.0971
4163c7ea-de9c-4bec-a9f3-35f02ad35a1a	22	32088214	35273448	2807	0.1685
4163c7ea-de9c-4bec-a9f3-35f02ad35a1a	22	35273564	43131675	3829	0.0838
4163c7ea-de9c-4bec-a9f3-35f02ad35a1a	22	43132212	45337966	1652	0.1393
4163c7ea-de9c-4bec-a9f3-35f02ad35a1a	22	45339725	45339888	2	-0.9471
4163c7ea-de9c-4bec-a9f3-35f02ad35a1a	22	45340166	46084950	425	0.1373
4163c7ea-de9c-4bec-a9f3-35f02ad35a1a	22	46086843	46117075	17	0.6667
4163c7ea-de9c-4bec-a9f3-35f02ad35a1a	22	46129914	48940621	2185	0.1593
4163c7ea-de9c-4bec-a9f3-35f02ad35a1a	X	3236359	40882608	17004	0.0008
4163c7ea-de9c-4bec-a9f3-35f02ad35a1a	X	40882627	40882641	2	-2.3834
4163c7ea-de9c-4bec-a9f3-35f02ad35a1a	X	40882929	85607587	15398	0.0147
4163c7ea-de9c-4bec-a9f3-35f02ad35a1a	X	85611294	85611387	2	-3.6844
4163c7ea-de9c-4bec-a9f3-35f02ad35a1a	X	85611447	143597552	25844	0.0079
4163c7ea-de9c-4bec-a9f3-35f02ad35a1a	X	143607637	143608860	2	-3.5575
4163c7ea-de9c-4bec-a9f3-35f02ad35a1a	X	143609135	152674889	5103	-0.0003
4163c7ea-de9c-4bec-a9f3-35f02ad35a1a	X	153434224	155677414	394	0.819
