GDC_Aliquot	Chromosome	Start	End	Num_Probes	Segment_Mean
d17cc543-60a9-46f4-b735-7b9f3960f0cc	1	3301765	13804396	5523	-0.5412
d17cc543-60a9-46f4-b735-7b9f3960f0cc	1	13806533	14518963	584	-0.4288
d17cc543-60a9-46f4-b735-7b9f3960f0cc	1	14519762	34796909	10623	-0.5388
d17cc543-60a9-46f4-b735-7b9f3960f0cc	1	34802767	46435375	5986	-0.2506
d17cc543-60a9-46f4-b735-7b9f3960f0cc	1	46435874	77832401	19329	-0.2106
d17cc543-60a9-46f4-b735-7b9f3960f0cc	1	77837473	77837557	2	-2.369
d17cc543-60a9-46f4-b735-7b9f3960f0cc	1	77837990	86912944	5420	-0.2006
d17cc543-60a9-46f4-b735-7b9f3960f0cc	1	86918436	86952788	16	-1.0659
d17cc543-60a9-46f4-b735-7b9f3960f0cc	1	86956377	109956533	13153	-0.2085
d17cc543-60a9-46f4-b735-7b9f3960f0cc	1	109957553	113098892	2121	-0.2519
d17cc543-60a9-46f4-b735-7b9f3960f0cc	1	113103246	119984772	4158	-0.8694
d17cc543-60a9-46f4-b735-7b9f3960f0cc	1	146716041	149967212	25	0.1623
d17cc543-60a9-46f4-b735-7b9f3960f0cc	1	149970206	150057713	47	0.5604
d17cc543-60a9-46f4-b735-7b9f3960f0cc	1	150058787	151826291	650	0.1788
d17cc543-60a9-46f4-b735-7b9f3960f0cc	1	151831288	153484450	966	0.2728
d17cc543-60a9-46f4-b735-7b9f3960f0cc	1	153487826	156143270	1159	0.1995
d17cc543-60a9-46f4-b735-7b9f3960f0cc	1	156144069	156917379	371	0.0996
d17cc543-60a9-46f4-b735-7b9f3960f0cc	1	156926372	162349734	3404	0.2155
d17cc543-60a9-46f4-b735-7b9f3960f0cc	1	162349961	162407526	53	0.6489
d17cc543-60a9-46f4-b735-7b9f3960f0cc	1	162408139	208348489	28741	0.2236
d17cc543-60a9-46f4-b735-7b9f3960f0cc	1	208348799	210874504	1933	0.2985
d17cc543-60a9-46f4-b735-7b9f3960f0cc	1	210876416	213388373	1455	0.2077
d17cc543-60a9-46f4-b735-7b9f3960f0cc	1	213388543	216315510	2007	0.282
d17cc543-60a9-46f4-b735-7b9f3960f0cc	1	216316585	220459333	2866	0.2292
d17cc543-60a9-46f4-b735-7b9f3960f0cc	1	220468945	220532350	39	0.6999
d17cc543-60a9-46f4-b735-7b9f3960f0cc	1	220532548	224478670	2315	0.2048
d17cc543-60a9-46f4-b735-7b9f3960f0cc	1	224479066	239921276	10160	0.2316
d17cc543-60a9-46f4-b735-7b9f3960f0cc	1	239928465	247650984	4328	0.1873
d17cc543-60a9-46f4-b735-7b9f3960f0cc	2	480597	2908533	930	0.7292
d17cc543-60a9-46f4-b735-7b9f3960f0cc	2	2909926	4597362	1103	0.777
d17cc543-60a9-46f4-b735-7b9f3960f0cc	2	4602182	16255224	7950	0.7099
d17cc543-60a9-46f4-b735-7b9f3960f0cc	2	16255359	36868752	11859	0.7581
d17cc543-60a9-46f4-b735-7b9f3960f0cc	2	36870278	62917406	14581	0.7265
d17cc543-60a9-46f4-b735-7b9f3960f0cc	2	62917560	65278812	1142	0.4041
d17cc543-60a9-46f4-b735-7b9f3960f0cc	2	65290548	65387442	67	0.0724
d17cc543-60a9-46f4-b735-7b9f3960f0cc	2	65388294	67210465	1284	0.4438
d17cc543-60a9-46f4-b735-7b9f3960f0cc	2	67210478	67210492	2	-1.8068
d17cc543-60a9-46f4-b735-7b9f3960f0cc	2	67210621	72092440	3064	0.426
d17cc543-60a9-46f4-b735-7b9f3960f0cc	2	72093723	72095833	3	-1.0659
d17cc543-60a9-46f4-b735-7b9f3960f0cc	2	72096087	77459260	2816	0.4233
d17cc543-60a9-46f4-b735-7b9f3960f0cc	2	77460143	77460152	2	-1.6293
d17cc543-60a9-46f4-b735-7b9f3960f0cc	2	77460672	85105322	3914	0.3996
d17cc543-60a9-46f4-b735-7b9f3960f0cc	2	85105337	85106283	2	-2.0104
d17cc543-60a9-46f4-b735-7b9f3960f0cc	2	85106853	88831554	1270	0.3772
d17cc543-60a9-46f4-b735-7b9f3960f0cc	2	94675825	105648279	5446	-0.0562
d17cc543-60a9-46f4-b735-7b9f3960f0cc	2	105648956	113947958	3903	0.3622
d17cc543-60a9-46f4-b735-7b9f3960f0cc	2	113950285	115308764	780	0.4461
d17cc543-60a9-46f4-b735-7b9f3960f0cc	2	115312272	120402633	2570	0.3784
d17cc543-60a9-46f4-b735-7b9f3960f0cc	2	120403826	123051838	1677	0.4548
d17cc543-60a9-46f4-b735-7b9f3960f0cc	2	123052132	132787433	3919	0.3612
d17cc543-60a9-46f4-b735-7b9f3960f0cc	2	132787673	133089557	245	-0.0445
d17cc543-60a9-46f4-b735-7b9f3960f0cc	2	133089907	134745027	1087	0.3641
d17cc543-60a9-46f4-b735-7b9f3960f0cc	2	134751196	140384835	2854	0.8604
d17cc543-60a9-46f4-b735-7b9f3960f0cc	2	140385055	140457137	33	0.4383
d17cc543-60a9-46f4-b735-7b9f3960f0cc	2	140457856	140538540	52	0.3217
d17cc543-60a9-46f4-b735-7b9f3960f0cc	2	140542855	140676785	96	-0.0245
d17cc543-60a9-46f4-b735-7b9f3960f0cc	2	140688862	140768050	56	0.5439
d17cc543-60a9-46f4-b735-7b9f3960f0cc	2	140768643	140852954	44	0.2719
d17cc543-60a9-46f4-b735-7b9f3960f0cc	2	140856706	140972761	55	-0.0992
d17cc543-60a9-46f4-b735-7b9f3960f0cc	2	140973692	141045927	70	0.3027
d17cc543-60a9-46f4-b735-7b9f3960f0cc	2	141050027	141116468	42	0.3884
d17cc543-60a9-46f4-b735-7b9f3960f0cc	2	141116841	141263078	78	0.7055
d17cc543-60a9-46f4-b735-7b9f3960f0cc	2	141264281	141280128	11	0.4634
d17cc543-60a9-46f4-b735-7b9f3960f0cc	2	141281806	141297564	14	0.2911
d17cc543-60a9-46f4-b735-7b9f3960f0cc	2	141303228	141320753	14	-0.085
d17cc543-60a9-46f4-b735-7b9f3960f0cc	2	141326250	141360811	20	0.2671
d17cc543-60a9-46f4-b735-7b9f3960f0cc	2	141360960	141629864	203	0.5127
d17cc543-60a9-46f4-b735-7b9f3960f0cc	2	141632802	148114668	3554	0.8213
d17cc543-60a9-46f4-b735-7b9f3960f0cc	2	148114944	148172368	21	0.3887
d17cc543-60a9-46f4-b735-7b9f3960f0cc	2	148174421	148283664	50	0.1078
d17cc543-60a9-46f4-b735-7b9f3960f0cc	2	148293336	148431824	66	0.4321
d17cc543-60a9-46f4-b735-7b9f3960f0cc	2	148435364	155577194	4286	0.8316
d17cc543-60a9-46f4-b735-7b9f3960f0cc	2	155577461	161471229	3446	0.8811
d17cc543-60a9-46f4-b735-7b9f3960f0cc	2	161473949	164042812	1310	0.8192
d17cc543-60a9-46f4-b735-7b9f3960f0cc	2	164048404	165792050	934	0.9323
d17cc543-60a9-46f4-b735-7b9f3960f0cc	2	165792161	176266875	6465	0.8452
d17cc543-60a9-46f4-b735-7b9f3960f0cc	2	176270339	193490855	8954	0.8905
d17cc543-60a9-46f4-b735-7b9f3960f0cc	2	193496094	201054145	3791	0.8575
d17cc543-60a9-46f4-b735-7b9f3960f0cc	2	201056855	201224747	72	0.4585
d17cc543-60a9-46f4-b735-7b9f3960f0cc	2	201228672	201377307	68	0.8208
d17cc543-60a9-46f4-b735-7b9f3960f0cc	2	201380216	201537809	64	1.338
d17cc543-60a9-46f4-b735-7b9f3960f0cc	2	201538381	201561984	13	2.0387
d17cc543-60a9-46f4-b735-7b9f3960f0cc	2	201567012	201674369	56	1.5236
d17cc543-60a9-46f4-b735-7b9f3960f0cc	2	201675697	201863470	109	0.9005
d17cc543-60a9-46f4-b735-7b9f3960f0cc	2	201865097	211147147	5266	-0.5305
d17cc543-60a9-46f4-b735-7b9f3960f0cc	2	211156946	211332183	120	-0.0395
d17cc543-60a9-46f4-b735-7b9f3960f0cc	2	211332521	212573497	759	-0.484
d17cc543-60a9-46f4-b735-7b9f3960f0cc	2	212574757	221926391	5685	-1.381
d17cc543-60a9-46f4-b735-7b9f3960f0cc	2	221932661	237410742	9378	-0.5595
d17cc543-60a9-46f4-b735-7b9f3960f0cc	2	237464566	241537572	2228	-0.6428
d17cc543-60a9-46f4-b735-7b9f3960f0cc	3	2170634	12741147	6217	-0.5177
d17cc543-60a9-46f4-b735-7b9f3960f0cc	3	12741213	16665543	2571	-0.5947
d17cc543-60a9-46f4-b735-7b9f3960f0cc	3	16668161	22200947	2648	-0.5207
d17cc543-60a9-46f4-b735-7b9f3960f0cc	3	22201348	23084319	439	-0.4833
d17cc543-60a9-46f4-b735-7b9f3960f0cc	3	23086002	23087053	2	-2.1983
d17cc543-60a9-46f4-b735-7b9f3960f0cc	3	23087198	24030993	521	-0.5015
d17cc543-60a9-46f4-b735-7b9f3960f0cc	3	24034840	24089404	30	0.17
d17cc543-60a9-46f4-b735-7b9f3960f0cc	3	24097643	30440818	4024	-0.458
d17cc543-60a9-46f4-b735-7b9f3960f0cc	3	30441108	33959907	2156	-0.5238
d17cc543-60a9-46f4-b735-7b9f3960f0cc	3	33964658	36873305	1770	-0.4745
d17cc543-60a9-46f4-b735-7b9f3960f0cc	3	36873467	36908337	24	0.1267
d17cc543-60a9-46f4-b735-7b9f3960f0cc	3	36915833	36935287	14	-0.503
d17cc543-60a9-46f4-b735-7b9f3960f0cc	3	36935435	37867366	564	-0.5438
d17cc543-60a9-46f4-b735-7b9f3960f0cc	3	37870976	37912665	17	-1.2685
d17cc543-60a9-46f4-b735-7b9f3960f0cc	3	37917047	47886677	5528	-0.5426
d17cc543-60a9-46f4-b735-7b9f3960f0cc	3	47888930	47929369	16	-1.4121
d17cc543-60a9-46f4-b735-7b9f3960f0cc	3	47933502	54188166	2737	-0.5649
d17cc543-60a9-46f4-b735-7b9f3960f0cc	3	54190855	55913389	1433	-0.4524
d17cc543-60a9-46f4-b735-7b9f3960f0cc	3	55915457	56423442	312	-1.3472
d17cc543-60a9-46f4-b735-7b9f3960f0cc	3	56423677	66857938	6258	-0.4809
d17cc543-60a9-46f4-b735-7b9f3960f0cc	3	66858332	66858439	2	-2.4733
d17cc543-60a9-46f4-b735-7b9f3960f0cc	3	66858837	70756157	2645	-0.484
d17cc543-60a9-46f4-b735-7b9f3960f0cc	3	70756178	73124765	1624	-0.6277
d17cc543-60a9-46f4-b735-7b9f3960f0cc	3	73125168	78743529	3040	-0.4892
d17cc543-60a9-46f4-b735-7b9f3960f0cc	3	78745916	78787044	28	-1.2674
d17cc543-60a9-46f4-b735-7b9f3960f0cc	3	78789815	90453712	5585	-0.5026
d17cc543-60a9-46f4-b735-7b9f3960f0cc	3	91390926	94017382	5	1.1496
d17cc543-60a9-46f4-b735-7b9f3960f0cc	3	94018736	98801733	2410	0.3852
d17cc543-60a9-46f4-b735-7b9f3960f0cc	3	98810320	98902275	34	-0.0346
d17cc543-60a9-46f4-b735-7b9f3960f0cc	3	98902429	101394129	1317	0.4284
d17cc543-60a9-46f4-b735-7b9f3960f0cc	3	101394333	110094238	4672	0.3601
d17cc543-60a9-46f4-b735-7b9f3960f0cc	3	110097782	111836449	1010	0.4458
d17cc543-60a9-46f4-b735-7b9f3960f0cc	3	111839391	111872263	25	-0.0474
d17cc543-60a9-46f4-b735-7b9f3960f0cc	3	111874183	112411455	353	0.4448
d17cc543-60a9-46f4-b735-7b9f3960f0cc	3	112411742	121282589	5298	0.3654
d17cc543-60a9-46f4-b735-7b9f3960f0cc	3	121288791	121403111	51	1.4111
d17cc543-60a9-46f4-b735-7b9f3960f0cc	3	121404524	121571465	61	2.1099
d17cc543-60a9-46f4-b735-7b9f3960f0cc	3	121572059	121676841	2	1.0267
d17cc543-60a9-46f4-b735-7b9f3960f0cc	3	121681376	129684772	4601	0.386
d17cc543-60a9-46f4-b735-7b9f3960f0cc	3	129685539	129955161	104	0.6606
d17cc543-60a9-46f4-b735-7b9f3960f0cc	3	129955399	134281705	2618	0.7488
d17cc543-60a9-46f4-b735-7b9f3960f0cc	3	134284650	134285376	3	-0.5947
d17cc543-60a9-46f4-b735-7b9f3960f0cc	3	134290008	134792849	280	0.758
d17cc543-60a9-46f4-b735-7b9f3960f0cc	3	134793204	153176660	9642	1.0218
d17cc543-60a9-46f4-b735-7b9f3960f0cc	3	153179918	153183809	2	-0.7793
d17cc543-60a9-46f4-b735-7b9f3960f0cc	3	153185828	166177080	6277	0.999
d17cc543-60a9-46f4-b735-7b9f3960f0cc	3	166177239	168644487	1228	1.0789
d17cc543-60a9-46f4-b735-7b9f3960f0cc	3	168645417	174486538	3143	0.9927
d17cc543-60a9-46f4-b735-7b9f3960f0cc	3	174489630	174619704	74	0.6358
d17cc543-60a9-46f4-b735-7b9f3960f0cc	3	174627754	175141899	325	0.9219
d17cc543-60a9-46f4-b735-7b9f3960f0cc	3	175141964	175227116	75	0.5684
d17cc543-60a9-46f4-b735-7b9f3960f0cc	3	175227186	175228957	11	1.0329
d17cc543-60a9-46f4-b735-7b9f3960f0cc	3	175229096	175316846	73	0.6464
d17cc543-60a9-46f4-b735-7b9f3960f0cc	3	175316912	179165384	1634	0.9718
d17cc543-60a9-46f4-b735-7b9f3960f0cc	3	179165882	179783113	453	0.8668
d17cc543-60a9-46f4-b735-7b9f3960f0cc	3	179783975	182524124	1370	0.9956
d17cc543-60a9-46f4-b735-7b9f3960f0cc	3	182524825	182800716	181	3.8158
d17cc543-60a9-46f4-b735-7b9f3960f0cc	3	182801640	182932906	61	4.756
d17cc543-60a9-46f4-b735-7b9f3960f0cc	3	182934229	183409000	282	3.7857
d17cc543-60a9-46f4-b735-7b9f3960f0cc	3	184179380	187337557	1884	0.9484
d17cc543-60a9-46f4-b735-7b9f3960f0cc	3	187341122	190975548	2487	1.0142
d17cc543-60a9-46f4-b735-7b9f3960f0cc	3	190975906	197812401	2971	0.9372
d17cc543-60a9-46f4-b735-7b9f3960f0cc	4	1059384	8697040	4259	-0.5773
d17cc543-60a9-46f4-b735-7b9f3960f0cc	4	8697339	9962879	189	-1.3082
d17cc543-60a9-46f4-b735-7b9f3960f0cc	4	9963376	9964756	5	-4.9451
d17cc543-60a9-46f4-b735-7b9f3960f0cc	4	9964798	12942129	2223	-1.3641
d17cc543-60a9-46f4-b735-7b9f3960f0cc	4	12943164	12943424	3	-5.9312
d17cc543-60a9-46f4-b735-7b9f3960f0cc	4	12945043	25003734	7952	-1.3059
d17cc543-60a9-46f4-b735-7b9f3960f0cc	4	25006483	25012505	7	-4.4619
d17cc543-60a9-46f4-b735-7b9f3960f0cc	4	25013171	38120908	7779	-1.2927
d17cc543-60a9-46f4-b735-7b9f3960f0cc	4	38122295	38137716	20	-3.2812
d17cc543-60a9-46f4-b735-7b9f3960f0cc	4	38143752	39327250	759	-1.3886
d17cc543-60a9-46f4-b735-7b9f3960f0cc	4	39391069	42900637	2002	0.026
d17cc543-60a9-46f4-b735-7b9f3960f0cc	4	42900717	43503483	87	-0.4692
d17cc543-60a9-46f4-b735-7b9f3960f0cc	4	43506306	43538669	27	-1.2753
d17cc543-60a9-46f4-b735-7b9f3960f0cc	4	43538690	60626202	7661	-0.5129
d17cc543-60a9-46f4-b735-7b9f3960f0cc	4	60644977	63615921	1396	0.0918
d17cc543-60a9-46f4-b735-7b9f3960f0cc	4	63616053	83645744	10854	0.0339
d17cc543-60a9-46f4-b735-7b9f3960f0cc	4	83647012	90355112	3993	0.0807
d17cc543-60a9-46f4-b735-7b9f3960f0cc	4	90361995	90573105	68	-0.4335
d17cc543-60a9-46f4-b735-7b9f3960f0cc	4	90575549	107877715	9343	0.0561
d17cc543-60a9-46f4-b735-7b9f3960f0cc	4	107885188	107983034	40	-0.4348
d17cc543-60a9-46f4-b735-7b9f3960f0cc	4	107986791	108617265	364	0.015
d17cc543-60a9-46f4-b735-7b9f3960f0cc	4	108622256	108627561	6	-1.0408
d17cc543-60a9-46f4-b735-7b9f3960f0cc	4	108629615	110816162	1266	0.0196
d17cc543-60a9-46f4-b735-7b9f3960f0cc	4	110816656	112399722	882	0.4555
d17cc543-60a9-46f4-b735-7b9f3960f0cc	4	112402384	112451927	41	0.931
d17cc543-60a9-46f4-b735-7b9f3960f0cc	4	112452110	112464266	13	1.4931
d17cc543-60a9-46f4-b735-7b9f3960f0cc	4	112464817	112495442	14	0.9405
d17cc543-60a9-46f4-b735-7b9f3960f0cc	4	112497052	112519310	8	0.452
d17cc543-60a9-46f4-b735-7b9f3960f0cc	4	112524543	155680783	23131	-0.4929
d17cc543-60a9-46f4-b735-7b9f3960f0cc	4	155680797	164018480	4815	-0.4179
d17cc543-60a9-46f4-b735-7b9f3960f0cc	4	164020386	164357440	205	-1.1623
d17cc543-60a9-46f4-b735-7b9f3960f0cc	4	164369721	165589281	477	-0.465
d17cc543-60a9-46f4-b735-7b9f3960f0cc	4	165589597	165589965	2	-3.5177
d17cc543-60a9-46f4-b735-7b9f3960f0cc	4	165591719	165665602	50	-0.4901
d17cc543-60a9-46f4-b735-7b9f3960f0cc	4	165667808	171546096	3210	-0.4053
d17cc543-60a9-46f4-b735-7b9f3960f0cc	4	171547916	187842528	8001	-0.5217
d17cc543-60a9-46f4-b735-7b9f3960f0cc	5	913983	1937749	147	0.8332
d17cc543-60a9-46f4-b735-7b9f3960f0cc	5	1937809	2902885	824	0.5371
d17cc543-60a9-46f4-b735-7b9f3960f0cc	5	2902989	3471227	499	0.8745
d17cc543-60a9-46f4-b735-7b9f3960f0cc	5	3474896	3903212	382	1.0178
d17cc543-60a9-46f4-b735-7b9f3960f0cc	5	3905557	18833579	9526	0.7197
d17cc543-60a9-46f4-b735-7b9f3960f0cc	5	18835670	19207968	136	0.8853
d17cc543-60a9-46f4-b735-7b9f3960f0cc	5	19208190	19219176	13	0.2658
d17cc543-60a9-46f4-b735-7b9f3960f0cc	5	19219794	22356778	1399	0.8652
d17cc543-60a9-46f4-b735-7b9f3960f0cc	5	22358647	24837408	1413	0.679
d17cc543-60a9-46f4-b735-7b9f3960f0cc	5	24837515	41376537	9506	0.7822
d17cc543-60a9-46f4-b735-7b9f3960f0cc	5	41376571	41883446	265	0.9433
d17cc543-60a9-46f4-b735-7b9f3960f0cc	5	41886525	50828231	1584	0.7864
d17cc543-60a9-46f4-b735-7b9f3960f0cc	5	50829022	51401844	327	-0.5241
d17cc543-60a9-46f4-b735-7b9f3960f0cc	5	51401923	54396144	1788	-0.4198
d17cc543-60a9-46f4-b735-7b9f3960f0cc	5	54397317	58764137	2814	-0.5404
d17cc543-60a9-46f4-b735-7b9f3960f0cc	5	58765475	58841915	64	-1.4135
d17cc543-60a9-46f4-b735-7b9f3960f0cc	5	58845987	65070479	3199	-0.4941
d17cc543-60a9-46f4-b735-7b9f3960f0cc	5	65071831	65072976	2	-2.9137
d17cc543-60a9-46f4-b735-7b9f3960f0cc	5	65073374	74450873	4822	-0.491
d17cc543-60a9-46f4-b735-7b9f3960f0cc	5	74451456	81353054	3970	-0.5519
d17cc543-60a9-46f4-b735-7b9f3960f0cc	5	81353091	82761288	744	-0.5094
d17cc543-60a9-46f4-b735-7b9f3960f0cc	5	82761315	82771326	5	-1.4332
d17cc543-60a9-46f4-b735-7b9f3960f0cc	5	82771880	85480996	1483	-0.4619
d17cc543-60a9-46f4-b735-7b9f3960f0cc	5	85483536	85537936	40	-1.1949
d17cc543-60a9-46f4-b735-7b9f3960f0cc	5	85538573	131057094	24124	-0.4873
d17cc543-60a9-46f4-b735-7b9f3960f0cc	5	131059524	135624149	2698	-0.5521
d17cc543-60a9-46f4-b735-7b9f3960f0cc	5	135627941	137033085	909	-0.4532
d17cc543-60a9-46f4-b735-7b9f3960f0cc	5	137033529	143916917	3738	-0.5508
d17cc543-60a9-46f4-b735-7b9f3960f0cc	5	143918210	149215722	3315	-0.4685
d17cc543-60a9-46f4-b735-7b9f3960f0cc	5	149216796	165649609	10380	-0.5295
d17cc543-60a9-46f4-b735-7b9f3960f0cc	5	165649937	168674080	2112	-0.4705
d17cc543-60a9-46f4-b735-7b9f3960f0cc	5	168675803	174661120	4053	-0.5877
d17cc543-60a9-46f4-b735-7b9f3960f0cc	5	174661291	174664918	3	-3.8256
d17cc543-60a9-46f4-b735-7b9f3960f0cc	5	174664928	180934240	2883	-0.5812
d17cc543-60a9-46f4-b735-7b9f3960f0cc	6	1011760	12358617	8057	0.1495
d17cc543-60a9-46f4-b735-7b9f3960f0cc	6	12359070	13309983	737	0.2595
d17cc543-60a9-46f4-b735-7b9f3960f0cc	6	13310032	16830157	2370	0.2084
d17cc543-60a9-46f4-b735-7b9f3960f0cc	6	16831134	23802771	4817	0.2643
d17cc543-60a9-46f4-b735-7b9f3960f0cc	6	23803057	43748257	9605	0.189
d17cc543-60a9-46f4-b735-7b9f3960f0cc	6	43748633	53437741	5693	0.2346
d17cc543-60a9-46f4-b735-7b9f3960f0cc	6	53438278	56899015	2150	0.3052
d17cc543-60a9-46f4-b735-7b9f3960f0cc	6	56899379	61530738	187	0.2367
d17cc543-60a9-46f4-b735-7b9f3960f0cc	6	61596503	77259278	8613	-0.2707
d17cc543-60a9-46f4-b735-7b9f3960f0cc	6	77262257	77340838	41	-0.9365
d17cc543-60a9-46f4-b735-7b9f3960f0cc	6	77344914	88968236	6343	-0.2541
d17cc543-60a9-46f4-b735-7b9f3960f0cc	6	88973634	90523149	1028	-0.3643
d17cc543-60a9-46f4-b735-7b9f3960f0cc	6	90529107	96100582	2431	-0.2802
d17cc543-60a9-46f4-b735-7b9f3960f0cc	6	96100757	96157431	30	0.3952
d17cc543-60a9-46f4-b735-7b9f3960f0cc	6	96164093	97398695	721	-0.3135
d17cc543-60a9-46f4-b735-7b9f3960f0cc	6	97403016	101872885	2605	-0.2467
d17cc543-60a9-46f4-b735-7b9f3960f0cc	6	101876916	111817091	5730	-0.3093
d17cc543-60a9-46f4-b735-7b9f3960f0cc	6	111817503	111817679	2	-1.9911
d17cc543-60a9-46f4-b735-7b9f3960f0cc	6	111817869	112828902	629	-0.2932
d17cc543-60a9-46f4-b735-7b9f3960f0cc	6	112830877	123344801	5536	-0.2413
d17cc543-60a9-46f4-b735-7b9f3960f0cc	6	123344828	124778069	821	-0.1575
d17cc543-60a9-46f4-b735-7b9f3960f0cc	6	124780838	129398176	2700	-0.2393
d17cc543-60a9-46f4-b735-7b9f3960f0cc	6	129398892	133074357	2457	-0.319
d17cc543-60a9-46f4-b735-7b9f3960f0cc	6	133074510	133111184	18	0.4499
d17cc543-60a9-46f4-b735-7b9f3960f0cc	6	133117946	134075706	655	-0.2159
d17cc543-60a9-46f4-b735-7b9f3960f0cc	6	134075889	153804079	12367	-0.282
d17cc543-60a9-46f4-b735-7b9f3960f0cc	6	153804272	163628519	6007	-0.3156
d17cc543-60a9-46f4-b735-7b9f3960f0cc	6	163631907	164232798	358	-0.1623
d17cc543-60a9-46f4-b735-7b9f3960f0cc	6	164234337	170596889	2776	-0.4353
d17cc543-60a9-46f4-b735-7b9f3960f0cc	7	664936	3522266	1073	0.5503
d17cc543-60a9-46f4-b735-7b9f3960f0cc	7	3524767	3618708	57	0.2191
d17cc543-60a9-46f4-b735-7b9f3960f0cc	7	3760085	4226747	188	-0.0131
d17cc543-60a9-46f4-b735-7b9f3960f0cc	7	4226874	15932767	6283	0.5388
d17cc543-60a9-46f4-b735-7b9f3960f0cc	7	15933351	18368990	1163	0.6079
d17cc543-60a9-46f4-b735-7b9f3960f0cc	7	18369244	23337978	2955	0.5497
d17cc543-60a9-46f4-b735-7b9f3960f0cc	7	23337983	23425630	64	-0.0122
d17cc543-60a9-46f4-b735-7b9f3960f0cc	7	23428641	23476529	25	0.5778
d17cc543-60a9-46f4-b735-7b9f3960f0cc	7	23482227	23514769	16	0.0254
d17cc543-60a9-46f4-b735-7b9f3960f0cc	7	23518291	32792513	6133	0.5496
d17cc543-60a9-46f4-b735-7b9f3960f0cc	7	32796488	32796745	2	2.1824
d17cc543-60a9-46f4-b735-7b9f3960f0cc	7	32808061	49714953	10532	0.5542
d17cc543-60a9-46f4-b735-7b9f3960f0cc	7	49715557	51379970	1188	0.4843
d17cc543-60a9-46f4-b735-7b9f3960f0cc	7	51380512	57185111	3415	0.5631
d17cc543-60a9-46f4-b735-7b9f3960f0cc	7	57854817	69656607	2361	0.0176
d17cc543-60a9-46f4-b735-7b9f3960f0cc	7	69662368	69773413	70	-0.5006
d17cc543-60a9-46f4-b735-7b9f3960f0cc	7	69774042	69874469	51	-1.4025
d17cc543-60a9-46f4-b735-7b9f3960f0cc	7	69877262	69924444	24	-0.4079
d17cc543-60a9-46f4-b735-7b9f3960f0cc	7	69928356	70385071	244	0.0472
d17cc543-60a9-46f4-b735-7b9f3960f0cc	7	70389798	70456832	41	-0.4846
d17cc543-60a9-46f4-b735-7b9f3960f0cc	7	70456955	72461059	1190	0.0646
d17cc543-60a9-46f4-b735-7b9f3960f0cc	7	72464414	76407292	948	-0.0452
d17cc543-60a9-46f4-b735-7b9f3960f0cc	7	76409947	80105367	1911	0.0675
d17cc543-60a9-46f4-b735-7b9f3960f0cc	7	80105843	85946077	3463	0.1026
d17cc543-60a9-46f4-b735-7b9f3960f0cc	7	85947100	99972392	6761	0.0574
d17cc543-60a9-46f4-b735-7b9f3960f0cc	7	99976335	102449027	868	-0.0606
d17cc543-60a9-46f4-b735-7b9f3960f0cc	7	102449522	111116903	4830	0.0668
d17cc543-60a9-46f4-b735-7b9f3960f0cc	7	111119547	111135533	15	-0.4517
d17cc543-60a9-46f4-b735-7b9f3960f0cc	7	111712844	111969823	155	0.0516
d17cc543-60a9-46f4-b735-7b9f3960f0cc	7	111970718	112158093	154	-0.4618
d17cc543-60a9-46f4-b735-7b9f3960f0cc	7	112163014	112783237	150	0.088
d17cc543-60a9-46f4-b735-7b9f3960f0cc	7	112788330	112886606	25	-0.4625
d17cc543-60a9-46f4-b735-7b9f3960f0cc	7	112890587	112973169	61	0.0771
d17cc543-60a9-46f4-b735-7b9f3960f0cc	7	112975206	112976529	2	1.1198
d17cc543-60a9-46f4-b735-7b9f3960f0cc	7	112981465	114424268	726	0.0327
d17cc543-60a9-46f4-b735-7b9f3960f0cc	7	114430786	114653384	98	-0.4763
d17cc543-60a9-46f4-b735-7b9f3960f0cc	7	114653804	120977344	3416	0.0515
d17cc543-60a9-46f4-b735-7b9f3960f0cc	7	120981156	123053875	1289	0.1328
d17cc543-60a9-46f4-b735-7b9f3960f0cc	7	123054291	124886685	1013	0.0425
d17cc543-60a9-46f4-b735-7b9f3960f0cc	7	124887679	125132803	91	0.4907
d17cc543-60a9-46f4-b735-7b9f3960f0cc	7	125134262	125732069	350	0.0389
d17cc543-60a9-46f4-b735-7b9f3960f0cc	7	125734936	126037348	99	0.471
d17cc543-60a9-46f4-b735-7b9f3960f0cc	7	126037560	126079078	32	0.0366
d17cc543-60a9-46f4-b735-7b9f3960f0cc	7	126079396	126079402	2	-1.6001
d17cc543-60a9-46f4-b735-7b9f3960f0cc	7	126081764	131498282	2725	0.0462
d17cc543-60a9-46f4-b735-7b9f3960f0cc	7	131499020	131531529	21	0.6074
d17cc543-60a9-46f4-b735-7b9f3960f0cc	7	131538418	137619984	3822	0.0652
d17cc543-60a9-46f4-b735-7b9f3960f0cc	7	137620536	139714231	1102	0.4318
d17cc543-60a9-46f4-b735-7b9f3960f0cc	7	139715593	149382894	4933	0.0395
d17cc543-60a9-46f4-b735-7b9f3960f0cc	7	149383058	155623446	2994	0.4139
d17cc543-60a9-46f4-b735-7b9f3960f0cc	7	155625537	155667329	27	-0.0285
d17cc543-60a9-46f4-b735-7b9f3960f0cc	7	155667605	156109385	305	0.4605
d17cc543-60a9-46f4-b735-7b9f3960f0cc	7	156111201	156151757	23	1.4743
d17cc543-60a9-46f4-b735-7b9f3960f0cc	7	156158634	158592540	1244	1.0614
d17cc543-60a9-46f4-b735-7b9f3960f0cc	8	667625	3247072	1103	0.0173
d17cc543-60a9-46f4-b735-7b9f3960f0cc	8	3247516	3536128	287	-0.4445
d17cc543-60a9-46f4-b735-7b9f3960f0cc	8	3536217	4016999	312	-1.3168
d17cc543-60a9-46f4-b735-7b9f3960f0cc	8	4017881	4351875	147	-0.4751
d17cc543-60a9-46f4-b735-7b9f3960f0cc	8	4352618	4648406	215	-1.378
d17cc543-60a9-46f4-b735-7b9f3960f0cc	8	4653839	4944916	100	-0.435
d17cc543-60a9-46f4-b735-7b9f3960f0cc	8	4945773	6638680	715	0.0972
d17cc543-60a9-46f4-b735-7b9f3960f0cc	8	6639234	30412108	14741	0.0233
d17cc543-60a9-46f4-b735-7b9f3960f0cc	8	30413513	37822292	4146	0.0673
d17cc543-60a9-46f4-b735-7b9f3960f0cc	8	37823908	49300138	4147	0.0101
d17cc543-60a9-46f4-b735-7b9f3960f0cc	8	49304053	49304706	2	1.9259
d17cc543-60a9-46f4-b735-7b9f3960f0cc	8	49305038	67511923	10297	0.0069
d17cc543-60a9-46f4-b735-7b9f3960f0cc	8	67515048	69758898	1526	0.0579
d17cc543-60a9-46f4-b735-7b9f3960f0cc	8	69759062	70970760	586	-0.0323
d17cc543-60a9-46f4-b735-7b9f3960f0cc	8	70972345	80102149	5362	0.0548
d17cc543-60a9-46f4-b735-7b9f3960f0cc	8	80105963	87231509	3589	0.0059
d17cc543-60a9-46f4-b735-7b9f3960f0cc	8	87234730	102836380	8989	0.0435
d17cc543-60a9-46f4-b735-7b9f3960f0cc	8	102846274	105406348	1496	0.4233
d17cc543-60a9-46f4-b735-7b9f3960f0cc	8	105407297	107308799	833	0.4914
d17cc543-60a9-46f4-b735-7b9f3960f0cc	8	107309055	114223200	3662	0.4172
d17cc543-60a9-46f4-b735-7b9f3960f0cc	8	114223538	114461224	75	0.0511
d17cc543-60a9-46f4-b735-7b9f3960f0cc	8	114461532	119267486	3031	0.4979
d17cc543-60a9-46f4-b735-7b9f3960f0cc	8	119267687	134968004	10899	0.453
d17cc543-60a9-46f4-b735-7b9f3960f0cc	8	134968313	137843740	1932	0.4051
d17cc543-60a9-46f4-b735-7b9f3960f0cc	8	137849044	137849263	2	-0.9914
d17cc543-60a9-46f4-b735-7b9f3960f0cc	8	137850895	138994366	929	0.4096
d17cc543-60a9-46f4-b735-7b9f3960f0cc	8	138995300	144182542	1764	0.4421
d17cc543-60a9-46f4-b735-7b9f3960f0cc	9	789794	823064	41	0.8235
d17cc543-60a9-46f4-b735-7b9f3960f0cc	9	832679	2129832	694	0.4487
d17cc543-60a9-46f4-b735-7b9f3960f0cc	9	2130614	3302356	1029	-0.0715
d17cc543-60a9-46f4-b735-7b9f3960f0cc	9	3310999	3501511	78	-1.1366
d17cc543-60a9-46f4-b735-7b9f3960f0cc	9	3506276	7295075	1929	-0.1011
d17cc543-60a9-46f4-b735-7b9f3960f0cc	9	7296644	9057632	1277	0.1736
d17cc543-60a9-46f4-b735-7b9f3960f0cc	9	9057736	9458665	206	-0.391
d17cc543-60a9-46f4-b735-7b9f3960f0cc	9	9464090	9662940	130	0.1441
d17cc543-60a9-46f4-b735-7b9f3960f0cc	9	9664440	10217683	301	-0.4134
d17cc543-60a9-46f4-b735-7b9f3960f0cc	9	10346862	19341236	5852	0.1671
d17cc543-60a9-46f4-b735-7b9f3960f0cc	9	19345470	21097511	1288	-1.1085
d17cc543-60a9-46f4-b735-7b9f3960f0cc	9	21098844	21099472	2	-4.281
d17cc543-60a9-46f4-b735-7b9f3960f0cc	9	21100142	21963431	537	-1.0745
d17cc543-60a9-46f4-b735-7b9f3960f0cc	9	21976871	22005275	36	-2.0795
d17cc543-60a9-46f4-b735-7b9f3960f0cc	9	22005318	22019733	15	-4.1991
d17cc543-60a9-46f4-b735-7b9f3960f0cc	9	22020524	24786845	1692	-1.0873
d17cc543-60a9-46f4-b735-7b9f3960f0cc	9	24824347	38747691	7984	0.1794
d17cc543-60a9-46f4-b735-7b9f3960f0cc	9	38752071	76326781	5437	-0.1519
d17cc543-60a9-46f4-b735-7b9f3960f0cc	9	76327661	76328040	2	-2.3865
d17cc543-60a9-46f4-b735-7b9f3960f0cc	9	76328168	84465297	5575	-0.1616
d17cc543-60a9-46f4-b735-7b9f3960f0cc	9	84467617	85184497	543	-0.0467
d17cc543-60a9-46f4-b735-7b9f3960f0cc	9	85184680	85889229	423	-0.1674
d17cc543-60a9-46f4-b735-7b9f3960f0cc	9	85891623	93998102	5195	-0.218
d17cc543-60a9-46f4-b735-7b9f3960f0cc	9	93998615	114780581	13376	-0.1436
d17cc543-60a9-46f4-b735-7b9f3960f0cc	9	114782576	116044869	858	-0.0726
d17cc543-60a9-46f4-b735-7b9f3960f0cc	9	116045121	126622646	7060	-0.1521
d17cc543-60a9-46f4-b735-7b9f3960f0cc	9	126623548	130692372	1997	1.1098
d17cc543-60a9-46f4-b735-7b9f3960f0cc	9	130700177	132658497	1371	0.6113
d17cc543-60a9-46f4-b735-7b9f3960f0cc	9	132660487	133698804	641	1.1585
d17cc543-60a9-46f4-b735-7b9f3960f0cc	9	133698961	133869666	117	1.4305
d17cc543-60a9-46f4-b735-7b9f3960f0cc	9	133870098	134345815	192	1.1925
d17cc543-60a9-46f4-b735-7b9f3960f0cc	9	134352891	136169628	848	0.2631
d17cc543-60a9-46f4-b735-7b9f3960f0cc	9	136172273	138044505	468	-0.2731
d17cc543-60a9-46f4-b735-7b9f3960f0cc	10	366509	2419026	1114	0.0815
d17cc543-60a9-46f4-b735-7b9f3960f0cc	10	2421391	4288922	1253	0.4213
d17cc543-60a9-46f4-b735-7b9f3960f0cc	10	4289534	5738622	1020	0.5139
d17cc543-60a9-46f4-b735-7b9f3960f0cc	10	5738738	8072784	1799	0.4049
d17cc543-60a9-46f4-b735-7b9f3960f0cc	10	8073399	14350888	4847	0.3269
d17cc543-60a9-46f4-b735-7b9f3960f0cc	10	14351128	17353891	2254	0.2685
d17cc543-60a9-46f4-b735-7b9f3960f0cc	10	17354214	27117673	6330	0.3421
d17cc543-60a9-46f4-b735-7b9f3960f0cc	10	27120626	33133330	4040	0.3067
d17cc543-60a9-46f4-b735-7b9f3960f0cc	10	33134496	34103852	710	0.3751
d17cc543-60a9-46f4-b735-7b9f3960f0cc	10	34104489	34767111	450	0.0509
d17cc543-60a9-46f4-b735-7b9f3960f0cc	10	34771506	37273915	1385	0.3635
d17cc543-60a9-46f4-b735-7b9f3960f0cc	10	37276059	38770504	664	0.2781
d17cc543-60a9-46f4-b735-7b9f3960f0cc	10	38770824	50732859	3442	-0.1128
d17cc543-60a9-46f4-b735-7b9f3960f0cc	10	50763484	52828286	1511	-0.016
d17cc543-60a9-46f4-b735-7b9f3960f0cc	10	52837854	59264597	3550	-0.0774
d17cc543-60a9-46f4-b735-7b9f3960f0cc	10	59264708	61643477	1667	-0.0093
d17cc543-60a9-46f4-b735-7b9f3960f0cc	10	61644366	68304233	3661	-0.0842
d17cc543-60a9-46f4-b735-7b9f3960f0cc	10	68304248	75376315	3904	-0.1121
d17cc543-60a9-46f4-b735-7b9f3960f0cc	10	75377367	85584621	6871	-0.0647
d17cc543-60a9-46f4-b735-7b9f3960f0cc	10	85591392	85609366	15	-0.7805
d17cc543-60a9-46f4-b735-7b9f3960f0cc	10	85609507	95388598	5644	-0.0975
d17cc543-60a9-46f4-b735-7b9f3960f0cc	10	95392779	95471763	58	0.3801
d17cc543-60a9-46f4-b735-7b9f3960f0cc	10	95474412	106893825	6674	-0.098
d17cc543-60a9-46f4-b735-7b9f3960f0cc	10	106894419	106998039	93	-0.4338
d17cc543-60a9-46f4-b735-7b9f3960f0cc	10	106998317	108051435	720	-0.0996
d17cc543-60a9-46f4-b735-7b9f3960f0cc	10	108055628	116376744	5502	-0.0514
d17cc543-60a9-46f4-b735-7b9f3960f0cc	10	116381923	120190223	2504	-0.1073
d17cc543-60a9-46f4-b735-7b9f3960f0cc	10	120191477	122831254	2181	0.0094
d17cc543-60a9-46f4-b735-7b9f3960f0cc	10	122832133	127834933	3493	-0.0582
d17cc543-60a9-46f4-b735-7b9f3960f0cc	10	127836320	133411599	2630	-0.1046
d17cc543-60a9-46f4-b735-7b9f3960f0cc	11	456012	4693381	1699	-0.1852
d17cc543-60a9-46f4-b735-7b9f3960f0cc	11	4693410	25841276	14292	-0.4024
d17cc543-60a9-46f4-b735-7b9f3960f0cc	11	25843475	31750239	3593	-0.3438
d17cc543-60a9-46f4-b735-7b9f3960f0cc	11	31751629	48158435	9924	-0.4091
d17cc543-60a9-46f4-b735-7b9f3960f0cc	11	48167196	48263872	65	0.2675
d17cc543-60a9-46f4-b735-7b9f3960f0cc	11	48264596	48352939	38	-0.0975
d17cc543-60a9-46f4-b735-7b9f3960f0cc	11	48953076	49055048	41	0.4028
d17cc543-60a9-46f4-b735-7b9f3960f0cc	11	49088013	50101778	393	-0.0747
d17cc543-60a9-46f4-b735-7b9f3960f0cc	11	56244856	56701604	248	0.6061
d17cc543-60a9-46f4-b735-7b9f3960f0cc	11	56703718	60217072	1953	-0.0229
d17cc543-60a9-46f4-b735-7b9f3960f0cc	11	60218273	60235462	13	0.4685
d17cc543-60a9-46f4-b735-7b9f3960f0cc	11	60236310	60355384	103	-0.099
d17cc543-60a9-46f4-b735-7b9f3960f0cc	11	60359925	61622896	657	-0.1793
d17cc543-60a9-46f4-b735-7b9f3960f0cc	11	61625944	61880742	97	-0.0412
d17cc543-60a9-46f4-b735-7b9f3960f0cc	11	61883275	64283968	1128	0.0594
d17cc543-60a9-46f4-b735-7b9f3960f0cc	11	64294201	71859610	2817	-0.0603
d17cc543-60a9-46f4-b735-7b9f3960f0cc	11	71862236	71959532	45	-0.4895
d17cc543-60a9-46f4-b735-7b9f3960f0cc	11	71960120	76653695	2375	-0.033
d17cc543-60a9-46f4-b735-7b9f3960f0cc	11	76656642	87812851	6894	0.0125
d17cc543-60a9-46f4-b735-7b9f3960f0cc	11	87813012	89503461	1023	0.0848
d17cc543-60a9-46f4-b735-7b9f3960f0cc	11	89504066	94078873	2374	0.0264
d17cc543-60a9-46f4-b735-7b9f3960f0cc	11	94079499	96245055	1544	0.0849
d17cc543-60a9-46f4-b735-7b9f3960f0cc	11	96246528	96246636	3	-1.2821
d17cc543-60a9-46f4-b735-7b9f3960f0cc	11	96249404	103214025	4534	0.0446
d17cc543-60a9-46f4-b735-7b9f3960f0cc	11	103214109	117461841	8823	0.0156
d17cc543-60a9-46f4-b735-7b9f3960f0cc	11	117467657	121466416	2764	-0.006
d17cc543-60a9-46f4-b735-7b9f3960f0cc	11	121467284	121558103	62	-0.5804
d17cc543-60a9-46f4-b735-7b9f3960f0cc	11	121560645	122991828	1025	-0.0106
d17cc543-60a9-46f4-b735-7b9f3960f0cc	11	122992191	123614923	459	-0.1061
d17cc543-60a9-46f4-b735-7b9f3960f0cc	11	123615959	131496244	5498	-0.0038
d17cc543-60a9-46f4-b735-7b9f3960f0cc	11	131496841	131499806	2	-2.8665
d17cc543-60a9-46f4-b735-7b9f3960f0cc	11	131501097	134232009	1613	0.0047
d17cc543-60a9-46f4-b735-7b9f3960f0cc	11	134234433	134272740	26	0.5253
d17cc543-60a9-46f4-b735-7b9f3960f0cc	12	780472	3884462	1514	0.0236
d17cc543-60a9-46f4-b735-7b9f3960f0cc	12	3887913	3910028	27	-0.5785
d17cc543-60a9-46f4-b735-7b9f3960f0cc	12	3912250	5031816	908	-0.0175
d17cc543-60a9-46f4-b735-7b9f3960f0cc	12	5031919	6105713	940	0.0607
d17cc543-60a9-46f4-b735-7b9f3960f0cc	12	6109986	12776329	3215	-0.0115
d17cc543-60a9-46f4-b735-7b9f3960f0cc	12	12776584	25061686	7347	0.0509
d17cc543-60a9-46f4-b735-7b9f3960f0cc	12	25061712	26074656	835	-0.0336
d17cc543-60a9-46f4-b735-7b9f3960f0cc	12	26074751	30344879	2775	0.0636
d17cc543-60a9-46f4-b735-7b9f3960f0cc	12	30345085	32146159	1036	-0.0158
d17cc543-60a9-46f4-b735-7b9f3960f0cc	12	32150466	48678307	6196	0.0509
d17cc543-60a9-46f4-b735-7b9f3960f0cc	12	48678407	55404021	3412	-0.0039
d17cc543-60a9-46f4-b735-7b9f3960f0cc	12	55409338	55416184	3	1.3306
d17cc543-60a9-46f4-b735-7b9f3960f0cc	12	55417944	57976150	1199	-0.0194
d17cc543-60a9-46f4-b735-7b9f3960f0cc	12	57980542	60867618	1845	0.0888
d17cc543-60a9-46f4-b735-7b9f3960f0cc	12	60870349	62327304	849	0.0198
d17cc543-60a9-46f4-b735-7b9f3960f0cc	12	62331082	62383166	15	-0.5725
d17cc543-60a9-46f4-b735-7b9f3960f0cc	12	62388687	70596274	5259	0.0103
d17cc543-60a9-46f4-b735-7b9f3960f0cc	12	70598937	92159158	12455	0.0556
d17cc543-60a9-46f4-b735-7b9f3960f0cc	12	92161929	103690433	7357	-0.0041
d17cc543-60a9-46f4-b735-7b9f3960f0cc	12	103693470	103716540	23	-0.5785
d17cc543-60a9-46f4-b735-7b9f3960f0cc	12	103718240	110225162	4157	0.0206
d17cc543-60a9-46f4-b735-7b9f3960f0cc	12	110227300	112228952	824	-0.0631
d17cc543-60a9-46f4-b735-7b9f3960f0cc	12	112229871	119840437	5054	0.0209
d17cc543-60a9-46f4-b735-7b9f3960f0cc	12	119840731	123980688	1757	-0.0607
d17cc543-60a9-46f4-b735-7b9f3960f0cc	12	123981685	132605822	4108	0.0008
d17cc543-60a9-46f4-b735-7b9f3960f0cc	13	18874255	19996256	381	0.1431
d17cc543-60a9-46f4-b735-7b9f3960f0cc	13	19996305	20624748	157	0.0669
d17cc543-60a9-46f4-b735-7b9f3960f0cc	13	20627068	20775706	87	-0.2967
d17cc543-60a9-46f4-b735-7b9f3960f0cc	13	20781788	31368471	6799	0.095
d17cc543-60a9-46f4-b735-7b9f3960f0cc	13	31371140	55208130	13923	0.1522
d17cc543-60a9-46f4-b735-7b9f3960f0cc	13	55211722	71645236	7989	-0.2688
d17cc543-60a9-46f4-b735-7b9f3960f0cc	13	71648388	71708275	34	-0.83
d17cc543-60a9-46f4-b735-7b9f3960f0cc	13	71709307	72521848	570	-0.2101
d17cc543-60a9-46f4-b735-7b9f3960f0cc	13	72524304	72575187	45	0.546
d17cc543-60a9-46f4-b735-7b9f3960f0cc	13	72578839	75754701	2129	-0.1973
d17cc543-60a9-46f4-b735-7b9f3960f0cc	13	75755757	75803240	42	0.2532
d17cc543-60a9-46f4-b735-7b9f3960f0cc	13	75804323	86579593	6372	-0.2292
d17cc543-60a9-46f4-b735-7b9f3960f0cc	13	86579607	98668801	7289	-0.2993
d17cc543-60a9-46f4-b735-7b9f3960f0cc	13	98669926	109591078	7534	-0.2222
d17cc543-60a9-46f4-b735-7b9f3960f0cc	13	109591474	109606913	26	0.4277
d17cc543-60a9-46f4-b735-7b9f3960f0cc	13	109608098	111951028	1567	-0.2389
d17cc543-60a9-46f4-b735-7b9f3960f0cc	13	111951896	111952476	2	-2.4941
d17cc543-60a9-46f4-b735-7b9f3960f0cc	13	111952596	114226675	910	-0.2979
d17cc543-60a9-46f4-b735-7b9f3960f0cc	14	20033191	25147837	2187	-0.0266
d17cc543-60a9-46f4-b735-7b9f3960f0cc	14	25149495	26857488	1083	0.4312
d17cc543-60a9-46f4-b735-7b9f3960f0cc	14	26859543	28180338	589	0.0076
d17cc543-60a9-46f4-b735-7b9f3960f0cc	14	28182941	28326338	63	0.5396
d17cc543-60a9-46f4-b735-7b9f3960f0cc	14	28330312	38890130	6289	-0.0055
d17cc543-60a9-46f4-b735-7b9f3960f0cc	14	38896532	38941994	33	0.4027
d17cc543-60a9-46f4-b735-7b9f3960f0cc	14	38943987	44595745	2430	0.0181
d17cc543-60a9-46f4-b735-7b9f3960f0cc	14	44596830	45209925	191	-0.6799
d17cc543-60a9-46f4-b735-7b9f3960f0cc	14	45210942	63115855	10630	0.006
d17cc543-60a9-46f4-b735-7b9f3960f0cc	14	63116163	76208274	7590	-0.0308
d17cc543-60a9-46f4-b735-7b9f3960f0cc	14	76208430	76241347	27	0.853
d17cc543-60a9-46f4-b735-7b9f3960f0cc	14	76260319	76758248	315	0.4978
d17cc543-60a9-46f4-b735-7b9f3960f0cc	14	76758439	77176304	281	0.8239
d17cc543-60a9-46f4-b735-7b9f3960f0cc	14	77182834	83496385	4189	0.8816
d17cc543-60a9-46f4-b735-7b9f3960f0cc	14	83496491	92137614	5087	0.8113
d17cc543-60a9-46f4-b735-7b9f3960f0cc	14	92143068	97686717	3932	1.1633
d17cc543-60a9-46f4-b735-7b9f3960f0cc	14	97686776	97690252	2	-0.5114
d17cc543-60a9-46f4-b735-7b9f3960f0cc	14	97690508	98295182	509	1.1751
d17cc543-60a9-46f4-b735-7b9f3960f0cc	14	98296913	98322766	26	0.6369
d17cc543-60a9-46f4-b735-7b9f3960f0cc	14	98327417	105498356	3485	1.1766
d17cc543-60a9-46f4-b735-7b9f3960f0cc	14	105503839	105533894	9	0.8199
d17cc543-60a9-46f4-b735-7b9f3960f0cc	15	23437561	33326741	3812	-0.1683
d17cc543-60a9-46f4-b735-7b9f3960f0cc	15	33327028	38455114	3297	-0.0693
d17cc543-60a9-46f4-b735-7b9f3960f0cc	15	38466136	45692873	3568	-0.1357
d17cc543-60a9-46f4-b735-7b9f3960f0cc	15	45694523	54283018	5493	-0.0924
d17cc543-60a9-46f4-b735-7b9f3960f0cc	15	54283146	60138853	3587	-0.1415
d17cc543-60a9-46f4-b735-7b9f3960f0cc	15	60139880	63071455	2371	-0.0812
d17cc543-60a9-46f4-b735-7b9f3960f0cc	15	63071538	68104688	2801	-0.1453
d17cc543-60a9-46f4-b735-7b9f3960f0cc	15	68107110	101344124	19115	0.3342
d17cc543-60a9-46f4-b735-7b9f3960f0cc	16	603333	3363749	782	-0.3548
d17cc543-60a9-46f4-b735-7b9f3960f0cc	16	3364304	4331808	504	-0.1964
d17cc543-60a9-46f4-b735-7b9f3960f0cc	16	4339925	4341039	2	-1.6475
d17cc543-60a9-46f4-b735-7b9f3960f0cc	16	4341597	4933629	300	-0.1641
d17cc543-60a9-46f4-b735-7b9f3960f0cc	16	4935953	4957642	16	0.5206
d17cc543-60a9-46f4-b735-7b9f3960f0cc	16	4960912	5675108	414	-0.1116
d17cc543-60a9-46f4-b735-7b9f3960f0cc	16	5675266	5897448	245	-0.7973
d17cc543-60a9-46f4-b735-7b9f3960f0cc	16	5961339	8384933	1331	-0.1081
d17cc543-60a9-46f4-b735-7b9f3960f0cc	16	8392524	8466041	74	-0.656
d17cc543-60a9-46f4-b735-7b9f3960f0cc	16	8467230	18797068	4427	-0.1209
d17cc543-60a9-46f4-b735-7b9f3960f0cc	16	18797081	23996692	2107	-0.5464
d17cc543-60a9-46f4-b735-7b9f3960f0cc	16	23998929	24106156	87	2.3934
d17cc543-60a9-46f4-b735-7b9f3960f0cc	16	24108052	24650167	318	1.37
d17cc543-60a9-46f4-b735-7b9f3960f0cc	16	24650728	25512277	543	0.8401
d17cc543-60a9-46f4-b735-7b9f3960f0cc	16	25512549	25520650	4	0.2272
d17cc543-60a9-46f4-b735-7b9f3960f0cc	16	25520972	25868754	279	-0.56
d17cc543-60a9-46f4-b735-7b9f3960f0cc	16	25869669	25910900	39	0.4378
d17cc543-60a9-46f4-b735-7b9f3960f0cc	16	25913967	28593997	1677	-0.5777
d17cc543-60a9-46f4-b735-7b9f3960f0cc	16	29078721	30412430	109	0.2549
d17cc543-60a9-46f4-b735-7b9f3960f0cc	16	30433154	30671055	62	0.589
d17cc543-60a9-46f4-b735-7b9f3960f0cc	16	30671173	30889436	86	0.3287
d17cc543-60a9-46f4-b735-7b9f3960f0cc	16	30895425	31101091	70	0.626
d17cc543-60a9-46f4-b735-7b9f3960f0cc	16	31103114	31800590	306	0.3365
d17cc543-60a9-46f4-b735-7b9f3960f0cc	16	31802978	31838978	13	-0.4467
d17cc543-60a9-46f4-b735-7b9f3960f0cc	16	31841585	47166254	257	0.0576
d17cc543-60a9-46f4-b735-7b9f3960f0cc	16	47166271	47365549	83	-0.4328
d17cc543-60a9-46f4-b735-7b9f3960f0cc	16	47366079	63195037	10321	0.0902
d17cc543-60a9-46f4-b735-7b9f3960f0cc	16	63202950	63515971	140	-0.3231
d17cc543-60a9-46f4-b735-7b9f3960f0cc	16	63516354	66283525	2041	0.1574
d17cc543-60a9-46f4-b735-7b9f3960f0cc	16	66284009	68870316	1153	0.044
d17cc543-60a9-46f4-b735-7b9f3960f0cc	16	68870478	68996565	62	0.1635
d17cc543-60a9-46f4-b735-7b9f3960f0cc	16	68996741	68997141	2	-2.6699
d17cc543-60a9-46f4-b735-7b9f3960f0cc	16	69000895	70808194	708	0.0684
d17cc543-60a9-46f4-b735-7b9f3960f0cc	16	71168894	72195195	538	-0.5481
d17cc543-60a9-46f4-b735-7b9f3960f0cc	16	72195633	77913823	3704	-0.4891
d17cc543-60a9-46f4-b735-7b9f3960f0cc	16	77918702	77929405	12	-1.3649
d17cc543-60a9-46f4-b735-7b9f3960f0cc	16	77929647	83827326	5102	-0.5056
d17cc543-60a9-46f4-b735-7b9f3960f0cc	16	83827713	89317317	2561	-0.5787
d17cc543-60a9-46f4-b735-7b9f3960f0cc	17	1074619	12434217	6178	-0.59
d17cc543-60a9-46f4-b735-7b9f3960f0cc	17	12434280	12435436	2	-2.8734
d17cc543-60a9-46f4-b735-7b9f3960f0cc	17	12436261	17651249	2125	-0.5797
d17cc543-60a9-46f4-b735-7b9f3960f0cc	17	17653034	18117596	224	0.8968
d17cc543-60a9-46f4-b735-7b9f3960f0cc	17	18123666	21774057	1052	0.7484
d17cc543-60a9-46f4-b735-7b9f3960f0cc	17	26943491	32468005	2377	-0.0316
d17cc543-60a9-46f4-b735-7b9f3960f0cc	17	32471586	33509974	832	0.0589
d17cc543-60a9-46f4-b735-7b9f3960f0cc	17	33510234	36590030	936	-0.0265
d17cc543-60a9-46f4-b735-7b9f3960f0cc	17	36594718	40096975	1596	0.5566
d17cc543-60a9-46f4-b735-7b9f3960f0cc	17	40101463	41603820	760	0.0397
d17cc543-60a9-46f4-b735-7b9f3960f0cc	17	41603971	50529245	3604	-0.047
d17cc543-60a9-46f4-b735-7b9f3960f0cc	17	50534842	57810785	4560	0.044
d17cc543-60a9-46f4-b735-7b9f3960f0cc	17	57812265	65227172	3387	-0.0124
d17cc543-60a9-46f4-b735-7b9f3960f0cc	17	65227831	66157971	564	0.0536
d17cc543-60a9-46f4-b735-7b9f3960f0cc	17	66162423	70364420	2535	0.4177
d17cc543-60a9-46f4-b735-7b9f3960f0cc	17	70364493	74716250	2631	0.4905
d17cc543-60a9-46f4-b735-7b9f3960f0cc	17	74716264	77852735	1411	0.3881
d17cc543-60a9-46f4-b735-7b9f3960f0cc	17	77855384	77872544	3	-0.9062
d17cc543-60a9-46f4-b735-7b9f3960f0cc	17	77873894	82959812	1974	0.4014
d17cc543-60a9-46f4-b735-7b9f3960f0cc	18	326691	5175560	2437	0.066
d17cc543-60a9-46f4-b735-7b9f3960f0cc	18	5175854	21683748	5906	0.0197
d17cc543-60a9-46f4-b735-7b9f3960f0cc	18	21684721	25375656	2206	0.0663
d17cc543-60a9-46f4-b735-7b9f3960f0cc	18	25376254	25384621	3	1.3235
d17cc543-60a9-46f4-b735-7b9f3960f0cc	18	25385821	31222644	3519	0.0779
d17cc543-60a9-46f4-b735-7b9f3960f0cc	18	31223612	31963241	428	0.8198
d17cc543-60a9-46f4-b735-7b9f3960f0cc	18	31963307	32291146	238	0.9864
d17cc543-60a9-46f4-b735-7b9f3960f0cc	18	32291913	32311935	8	-0.1826
d17cc543-60a9-46f4-b735-7b9f3960f0cc	18	32312008	32588624	212	-0.4557
d17cc543-60a9-46f4-b735-7b9f3960f0cc	18	32589170	32596960	8	1.2921
d17cc543-60a9-46f4-b735-7b9f3960f0cc	18	32599502	46754533	8446	-0.4562
d17cc543-60a9-46f4-b735-7b9f3960f0cc	18	46754763	46755184	2	-2.7515
d17cc543-60a9-46f4-b735-7b9f3960f0cc	18	46756228	51641500	3349	-0.4809
d17cc543-60a9-46f4-b735-7b9f3960f0cc	18	51643539	56517014	2988	-0.4122
d17cc543-60a9-46f4-b735-7b9f3960f0cc	18	56517259	70518680	8219	-0.459
d17cc543-60a9-46f4-b735-7b9f3960f0cc	18	70523164	73699797	528	-1.3117
d17cc543-60a9-46f4-b735-7b9f3960f0cc	18	73701344	76900937	2140	-0.4978
d17cc543-60a9-46f4-b735-7b9f3960f0cc	18	76901958	77051297	122	-1.6317
d17cc543-60a9-46f4-b735-7b9f3960f0cc	18	77053249	79349796	1390	-0.5049
d17cc543-60a9-46f4-b735-7b9f3960f0cc	19	283868	23870190	8974	-0.0769
d17cc543-60a9-46f4-b735-7b9f3960f0cc	19	23872082	37794471	6359	0.378
d17cc543-60a9-46f4-b735-7b9f3960f0cc	19	37794892	38645646	453	0.9828
d17cc543-60a9-46f4-b735-7b9f3960f0cc	19	38646082	38935082	149	1.6131
d17cc543-60a9-46f4-b735-7b9f3960f0cc	19	38936201	39440419	163	2.1497
d17cc543-60a9-46f4-b735-7b9f3960f0cc	19	39449351	46880934	3101	-0.0384
d17cc543-60a9-46f4-b735-7b9f3960f0cc	19	46882873	46985634	43	-0.6071
d17cc543-60a9-46f4-b735-7b9f3960f0cc	19	46989202	58370362	4648	-0.0564
d17cc543-60a9-46f4-b735-7b9f3960f0cc	20	472817	2856733	1608	0.0223
d17cc543-60a9-46f4-b735-7b9f3960f0cc	20	2856791	3632041	416	0.7752
d17cc543-60a9-46f4-b735-7b9f3960f0cc	20	3633475	3703375	43	1.1528
d17cc543-60a9-46f4-b735-7b9f3960f0cc	20	3704937	3797508	32	0.7538
d17cc543-60a9-46f4-b735-7b9f3960f0cc	20	3800281	4123473	21	0.0973
d17cc543-60a9-46f4-b735-7b9f3960f0cc	20	4123863	4382848	195	0.4821
d17cc543-60a9-46f4-b735-7b9f3960f0cc	20	4386393	5417599	744	0.0374
d17cc543-60a9-46f4-b735-7b9f3960f0cc	20	5737655	8659046	1657	-0.4229
d17cc543-60a9-46f4-b735-7b9f3960f0cc	20	8665653	9417785	574	0.5428
d17cc543-60a9-46f4-b735-7b9f3960f0cc	20	9418775	10200934	640	0.1414
d17cc543-60a9-46f4-b735-7b9f3960f0cc	20	10202225	10941498	563	0.5456
d17cc543-60a9-46f4-b735-7b9f3960f0cc	20	10943348	10994637	47	0.1831
d17cc543-60a9-46f4-b735-7b9f3960f0cc	20	10995970	11662004	526	0.5803
d17cc543-60a9-46f4-b735-7b9f3960f0cc	20	11665222	14377039	1692	0.0999
d17cc543-60a9-46f4-b735-7b9f3960f0cc	20	14377810	14711021	158	-0.4857
d17cc543-60a9-46f4-b735-7b9f3960f0cc	20	15182862	17308405	1880	0.0944
d17cc543-60a9-46f4-b735-7b9f3960f0cc	20	17309091	17848636	472	0.5376
d17cc543-60a9-46f4-b735-7b9f3960f0cc	20	17850435	24736472	4800	0.0808
d17cc543-60a9-46f4-b735-7b9f3960f0cc	20	24736729	25324169	325	0.5327
d17cc543-60a9-46f4-b735-7b9f3960f0cc	20	25324820	26217295	300	0.0738
d17cc543-60a9-46f4-b735-7b9f3960f0cc	20	31247668	32033468	361	2.4689
d17cc543-60a9-46f4-b735-7b9f3960f0cc	20	32038627	32185948	71	0.7729
d17cc543-60a9-46f4-b735-7b9f3960f0cc	20	32189177	33181231	552	0.4465
d17cc543-60a9-46f4-b735-7b9f3960f0cc	20	33182734	33805752	289	0.748
d17cc543-60a9-46f4-b735-7b9f3960f0cc	20	33807579	33816419	6	0.0356
d17cc543-60a9-46f4-b735-7b9f3960f0cc	20	33821069	39119094	2726	-0.4733
d17cc543-60a9-46f4-b735-7b9f3960f0cc	20	39119927	42929484	2655	-0.3909
d17cc543-60a9-46f4-b735-7b9f3960f0cc	20	42931584	52145709	5857	-0.4906
d17cc543-60a9-46f4-b735-7b9f3960f0cc	20	52149563	55820112	2604	-0.4156
d17cc543-60a9-46f4-b735-7b9f3960f0cc	20	55820228	63588502	5147	-0.5038
d17cc543-60a9-46f4-b735-7b9f3960f0cc	21	13974127	14007481	5	-0.5605
d17cc543-60a9-46f4-b735-7b9f3960f0cc	21	14008612	15519660	1021	-0.0842
d17cc543-60a9-46f4-b735-7b9f3960f0cc	21	15522193	19546896	2463	-0.0069
d17cc543-60a9-46f4-b735-7b9f3960f0cc	21	19553566	19553908	2	1.9457
d17cc543-60a9-46f4-b735-7b9f3960f0cc	21	19556922	20025341	277	-0.0607
d17cc543-60a9-46f4-b735-7b9f3960f0cc	21	20025581	20983432	627	0.3029
d17cc543-60a9-46f4-b735-7b9f3960f0cc	21	20983528	31555729	6661	-0.5121
d17cc543-60a9-46f4-b735-7b9f3960f0cc	21	31562213	38145227	4236	0.0079
d17cc543-60a9-46f4-b735-7b9f3960f0cc	21	38147684	38221659	44	0.4255
d17cc543-60a9-46f4-b735-7b9f3960f0cc	21	38225635	41707156	2845	-0.554
d17cc543-60a9-46f4-b735-7b9f3960f0cc	21	41709152	46262057	2008	-0.6734
d17cc543-60a9-46f4-b735-7b9f3960f0cc	22	16934932	17697044	442	0.5857
d17cc543-60a9-46f4-b735-7b9f3960f0cc	22	17699103	29414300	4252	0.6725
d17cc543-60a9-46f4-b735-7b9f3960f0cc	22	29416684	35551254	4339	0.6026
d17cc543-60a9-46f4-b735-7b9f3960f0cc	22	35553287	37203762	831	0.5476
d17cc543-60a9-46f4-b735-7b9f3960f0cc	22	37204251	42677077	2526	0.485
d17cc543-60a9-46f4-b735-7b9f3960f0cc	22	42677184	44293357	1174	0.5595
d17cc543-60a9-46f4-b735-7b9f3960f0cc	22	44295932	44303961	13	-0.0765
d17cc543-60a9-46f4-b735-7b9f3960f0cc	22	44305166	46788682	1574	0.5603
d17cc543-60a9-46f4-b735-7b9f3960f0cc	22	46788886	48940621	1753	0.5846
d17cc543-60a9-46f4-b735-7b9f3960f0cc	X	3236359	9299622	1217	-0.7562
d17cc543-60a9-46f4-b735-7b9f3960f0cc	X	9300825	9301001	3	-6.2097
d17cc543-60a9-46f4-b735-7b9f3960f0cc	X	9301222	32811840	12025	-0.7198
d17cc543-60a9-46f4-b735-7b9f3960f0cc	X	32812742	32951163	120	-3.2194
d17cc543-60a9-46f4-b735-7b9f3960f0cc	X	34015333	39757318	2484	-0.715
d17cc543-60a9-46f4-b735-7b9f3960f0cc	X	39757861	39769383	12	-3.5772
d17cc543-60a9-46f4-b735-7b9f3960f0cc	X	39772888	51915675	5130	-0.7356
d17cc543-60a9-46f4-b735-7b9f3960f0cc	X	51916103	51953698	19	-0.0601
d17cc543-60a9-46f4-b735-7b9f3960f0cc	X	51954313	91709614	12980	0.2097
d17cc543-60a9-46f4-b735-7b9f3960f0cc	X	91710184	111053972	8282	0.0536
d17cc543-60a9-46f4-b735-7b9f3960f0cc	X	111054045	111054598	3	-2.4952
d17cc543-60a9-46f4-b735-7b9f3960f0cc	X	111057431	112049347	457	0.0125
d17cc543-60a9-46f4-b735-7b9f3960f0cc	X	112050270	112051035	2	-1.9941
d17cc543-60a9-46f4-b735-7b9f3960f0cc	X	112053393	113206993	661	-0.0082
d17cc543-60a9-46f4-b735-7b9f3960f0cc	X	113214466	116186276	1130	0.6398
d17cc543-60a9-46f4-b735-7b9f3960f0cc	X	116187272	118350356	1085	0.7506
d17cc543-60a9-46f4-b735-7b9f3960f0cc	X	118350405	122282463	1803	0.6495
d17cc543-60a9-46f4-b735-7b9f3960f0cc	X	122285553	122286504	3	-1.9073
d17cc543-60a9-46f4-b735-7b9f3960f0cc	X	122286863	123723366	887	0.7286
d17cc543-60a9-46f4-b735-7b9f3960f0cc	X	123726829	124041829	163	0.5845
d17cc543-60a9-46f4-b735-7b9f3960f0cc	X	124042580	124090304	15	0.1554
d17cc543-60a9-46f4-b735-7b9f3960f0cc	X	124090698	124154096	39	0.5721
d17cc543-60a9-46f4-b735-7b9f3960f0cc	X	124164101	126330930	1072	0.713
d17cc543-60a9-46f4-b735-7b9f3960f0cc	X	126332640	126410833	55	0.0215
d17cc543-60a9-46f4-b735-7b9f3960f0cc	X	126416157	140481581	6007	0.7054
d17cc543-60a9-46f4-b735-7b9f3960f0cc	X	140483002	149120471	4522	0.6462
d17cc543-60a9-46f4-b735-7b9f3960f0cc	X	149120727	155677414	2146	0.7119
