GDC_Aliquot	Chromosome	Start	End	Num_Probes	Segment_Mean
b9efa5f4-a400-49b5-a5f0-a5b7347bae66	1	3301765	3306087	12	-0.2542
b9efa5f4-a400-49b5-a5f0-a5b7347bae66	1	3308094	247650984	129643	0.0004
b9efa5f4-a400-49b5-a5f0-a5b7347bae66	2	480597	241537572	132151	0.0005
b9efa5f4-a400-49b5-a5f0-a5b7347bae66	3	2170634	148141118	81171	-0.0007
b9efa5f4-a400-49b5-a5f0-a5b7347bae66	3	148142607	148144917	2	-1.932
b9efa5f4-a400-49b5-a5f0-a5b7347bae66	3	148145385	197812401	25962	-0.0057
b9efa5f4-a400-49b5-a5f0-a5b7347bae66	4	1059384	43422435	25994	-0.0005
b9efa5f4-a400-49b5-a5f0-a5b7347bae66	4	43422913	43423145	3	-1.3101
b9efa5f4-a400-49b5-a5f0-a5b7347bae66	4	43426409	80719501	18612	-0.0037
b9efa5f4-a400-49b5-a5f0-a5b7347bae66	4	80722139	80725801	3	-1.572
b9efa5f4-a400-49b5-a5f0-a5b7347bae66	4	80731381	118487196	21491	-0.0022
b9efa5f4-a400-49b5-a5f0-a5b7347bae66	4	118487581	118489227	3	-1.3786
b9efa5f4-a400-49b5-a5f0-a5b7347bae66	4	118490585	187842528	37354	-0.0032
b9efa5f4-a400-49b5-a5f0-a5b7347bae66	5	913983	180934240	101080	0.0015
b9efa5f4-a400-49b5-a5f0-a5b7347bae66	6	1011760	4691651	2618	0.005
b9efa5f4-a400-49b5-a5f0-a5b7347bae66	6	4691778	4692817	2	-1.4902
b9efa5f4-a400-49b5-a5f0-a5b7347bae66	6	4693066	8569806	2986	-0.0002
b9efa5f4-a400-49b5-a5f0-a5b7347bae66	6	8571481	8572214	3	-1.6088
b9efa5f4-a400-49b5-a5f0-a5b7347bae66	6	8572271	170596889	91507	0.0005
b9efa5f4-a400-49b5-a5f0-a5b7347bae66	7	664936	158592540	81911	0.0006
b9efa5f4-a400-49b5-a5f0-a5b7347bae66	8	667625	144182542	82183	-0.0005
b9efa5f4-a400-49b5-a5f0-a5b7347bae66	9	789794	102831857	46524	0.0036
b9efa5f4-a400-49b5-a5f0-a5b7347bae66	9	102832117	102837294	2	-1.7456
b9efa5f4-a400-49b5-a5f0-a5b7347bae66	9	102838041	138044505	21924	0.0056
b9efa5f4-a400-49b5-a5f0-a5b7347bae66	10	366509	133411599	81228	0.0031
b9efa5f4-a400-49b5-a5f0-a5b7347bae66	11	456012	134272740	77529	0.0042
b9efa5f4-a400-49b5-a5f0-a5b7347bae66	12	780472	132605822	74319	0.0041
b9efa5f4-a400-49b5-a5f0-a5b7347bae66	13	18874255	114226675	56971	0.0017
b9efa5f4-a400-49b5-a5f0-a5b7347bae66	14	20033191	105533894	49777	0.0045
b9efa5f4-a400-49b5-a5f0-a5b7347bae66	15	23437561	101344124	44761	0.0071
b9efa5f4-a400-49b5-a5f0-a5b7347bae66	16	603333	83249274	37838	0.0082
b9efa5f4-a400-49b5-a5f0-a5b7347bae66	16	83249726	83249806	2	-2.2962
b9efa5f4-a400-49b5-a5f0-a5b7347bae66	16	83250733	89317317	3357	0.0091
b9efa5f4-a400-49b5-a5f0-a5b7347bae66	17	1074619	82959812	37269	0.0066
b9efa5f4-a400-49b5-a5f0-a5b7347bae66	18	326691	79349796	42941	0.0061
b9efa5f4-a400-49b5-a5f0-a5b7347bae66	19	283868	58370362	24142	0.0072
b9efa5f4-a400-49b5-a5f0-a5b7347bae66	20	472817	63588502	37532	0.0105
b9efa5f4-a400-49b5-a5f0-a5b7347bae66	21	13974127	32927194	12168	0.0089
b9efa5f4-a400-49b5-a5f0-a5b7347bae66	21	32931136	32931946	2	-1.5257
b9efa5f4-a400-49b5-a5f0-a5b7347bae66	21	32934929	44753354	7822	0.0117
b9efa5f4-a400-49b5-a5f0-a5b7347bae66	21	44753425	44753476	2	-1.6845
b9efa5f4-a400-49b5-a5f0-a5b7347bae66	21	44755084	46262057	593	0.0174
b9efa5f4-a400-49b5-a5f0-a5b7347bae66	22	16934932	18131162	769	0.0072
b9efa5f4-a400-49b5-a5f0-a5b7347bae66	22	21741482	21949041	94	0.4859
b9efa5f4-a400-49b5-a5f0-a5b7347bae66	22	23474170	48940621	16214	0.0066
b9efa5f4-a400-49b5-a5f0-a5b7347bae66	X	3236359	155677414	63805	0.0144
