GDC_Aliquot	Chromosome	Start	End	Num_Probes	Segment_Mean
00a9cd7a-f609-4741-a261-79e844901abd	1	3301765	4931158	1155	0.9203
00a9cd7a-f609-4741-a261-79e844901abd	1	4934392	5575326	435	0.7159
00a9cd7a-f609-4741-a261-79e844901abd	1	5576281	5576770	6	0.239
00a9cd7a-f609-4741-a261-79e844901abd	1	5577019	5647403	79	0.6972
00a9cd7a-f609-4741-a261-79e844901abd	1	5647439	5647455	2	-1.1992
00a9cd7a-f609-4741-a261-79e844901abd	1	5647878	17911945	6224	0.7587
00a9cd7a-f609-4741-a261-79e844901abd	1	17912552	18417091	474	0.5428
00a9cd7a-f609-4741-a261-79e844901abd	1	18420290	26122744	4220	0.2475
00a9cd7a-f609-4741-a261-79e844901abd	1	26125895	26252584	58	0.5472
00a9cd7a-f609-4741-a261-79e844901abd	1	26260784	57329764	16893	0.2606
00a9cd7a-f609-4741-a261-79e844901abd	1	57330108	59974911	1962	0.2252
00a9cd7a-f609-4741-a261-79e844901abd	1	59976105	64831333	3355	0.2869
00a9cd7a-f609-4741-a261-79e844901abd	1	64833294	67175379	1753	0.2065
00a9cd7a-f609-4741-a261-79e844901abd	1	67176383	83900867	9767	0.249
00a9cd7a-f609-4741-a261-79e844901abd	1	83904684	87176667	2078	0.2985
00a9cd7a-f609-4741-a261-79e844901abd	1	87176703	87176721	2	-0.9139
00a9cd7a-f609-4741-a261-79e844901abd	1	87176744	96422852	5802	0.2861
00a9cd7a-f609-4741-a261-79e844901abd	1	96423702	102190128	3560	0.2445
00a9cd7a-f609-4741-a261-79e844901abd	1	102393290	107458685	2611	-0.1697
00a9cd7a-f609-4741-a261-79e844901abd	1	107458826	157783783	11551	-0.109
00a9cd7a-f609-4741-a261-79e844901abd	1	157785419	159126311	891	-0.1879
00a9cd7a-f609-4741-a261-79e844901abd	1	159128584	164594188	3631	-0.0799
00a9cd7a-f609-4741-a261-79e844901abd	1	164602134	166302053	1431	-0.1494
00a9cd7a-f609-4741-a261-79e844901abd	1	166302062	174509998	5546	-0.1054
00a9cd7a-f609-4741-a261-79e844901abd	1	174511292	177680074	1679	-0.1407
00a9cd7a-f609-4741-a261-79e844901abd	1	177682075	182415115	3155	-0.0937
00a9cd7a-f609-4741-a261-79e844901abd	1	182417175	184368838	1354	0.4891
00a9cd7a-f609-4741-a261-79e844901abd	1	184368903	187903751	2163	0.416
00a9cd7a-f609-4741-a261-79e844901abd	1	187903951	188826871	587	0.4835
00a9cd7a-f609-4741-a261-79e844901abd	1	188827916	190316406	749	0.2274
00a9cd7a-f609-4741-a261-79e844901abd	1	190318210	190326509	7	-0.4875
00a9cd7a-f609-4741-a261-79e844901abd	1	190330072	191686815	762	0.2319
00a9cd7a-f609-4741-a261-79e844901abd	1	191689687	191691704	2	-1.0591
00a9cd7a-f609-4741-a261-79e844901abd	1	191695184	191759320	36	0.2493
00a9cd7a-f609-4741-a261-79e844901abd	1	191765149	193905579	1449	0.7599
00a9cd7a-f609-4741-a261-79e844901abd	1	193906147	199351505	2979	0.2238
00a9cd7a-f609-4741-a261-79e844901abd	1	199351657	203433524	2655	0.2933
00a9cd7a-f609-4741-a261-79e844901abd	1	203433989	209203205	3810	0.2564
00a9cd7a-f609-4741-a261-79e844901abd	1	209204430	209205197	3	-0.5169
00a9cd7a-f609-4741-a261-79e844901abd	1	209210262	211673642	1777	0.2578
00a9cd7a-f609-4741-a261-79e844901abd	1	211674693	213369970	972	-0.1524
00a9cd7a-f609-4741-a261-79e844901abd	1	213370406	213371931	3	-1.5266
00a9cd7a-f609-4741-a261-79e844901abd	1	213373754	213444587	57	-0.2125
00a9cd7a-f609-4741-a261-79e844901abd	1	213445034	215947473	1776	-0.11
00a9cd7a-f609-4741-a261-79e844901abd	1	215947771	220735640	3290	-0.1657
00a9cd7a-f609-4741-a261-79e844901abd	1	220737254	221980587	886	-0.222
00a9cd7a-f609-4741-a261-79e844901abd	1	221980830	223643899	889	-0.1612
00a9cd7a-f609-4741-a261-79e844901abd	1	223644660	227963019	2507	-0.1252
00a9cd7a-f609-4741-a261-79e844901abd	1	227967062	227985977	3	-1.2613
00a9cd7a-f609-4741-a261-79e844901abd	1	227989116	238270816	7066	-0.1189
00a9cd7a-f609-4741-a261-79e844901abd	1	238271265	241367288	2369	-0.1806
00a9cd7a-f609-4741-a261-79e844901abd	1	241370076	241370092	2	-2.0448
00a9cd7a-f609-4741-a261-79e844901abd	1	241371012	243272562	1101	-0.1712
00a9cd7a-f609-4741-a261-79e844901abd	1	243283565	243984233	509	0.2279
00a9cd7a-f609-4741-a261-79e844901abd	1	243992424	243992458	2	-1.6313
00a9cd7a-f609-4741-a261-79e844901abd	1	243992897	245066428	537	0.2389
00a9cd7a-f609-4741-a261-79e844901abd	1	245069495	247650984	1120	-0.1037
00a9cd7a-f609-4741-a261-79e844901abd	2	480597	2054654	292	0.0855
00a9cd7a-f609-4741-a261-79e844901abd	2	2055805	3446047	893	0.2078
00a9cd7a-f609-4741-a261-79e844901abd	2	3451447	3548244	59	0.4891
00a9cd7a-f609-4741-a261-79e844901abd	2	3556257	4597362	804	0.2365
00a9cd7a-f609-4741-a261-79e844901abd	2	4602182	4602761	2	1.3131
00a9cd7a-f609-4741-a261-79e844901abd	2	4604202	4726063	83	0.2194
00a9cd7a-f609-4741-a261-79e844901abd	2	4726553	5026757	201	0.2069
00a9cd7a-f609-4741-a261-79e844901abd	2	5026974	8648309	2736	0.1498
00a9cd7a-f609-4741-a261-79e844901abd	2	8649069	9274853	351	0.217
00a9cd7a-f609-4741-a261-79e844901abd	2	9276528	9277205	2	-0.8354
00a9cd7a-f609-4741-a261-79e844901abd	2	9278145	10970385	1215	0.2187
00a9cd7a-f609-4741-a261-79e844901abd	2	10971420	11067198	75	-0.1639
00a9cd7a-f609-4741-a261-79e844901abd	2	11067557	12146770	732	0.1905
00a9cd7a-f609-4741-a261-79e844901abd	2	12147615	13585939	972	0.1348
00a9cd7a-f609-4741-a261-79e844901abd	2	13586488	14986315	835	0.1966
00a9cd7a-f609-4741-a261-79e844901abd	2	14986738	16189862	809	0.2509
00a9cd7a-f609-4741-a261-79e844901abd	2	16191096	16830627	522	0.3284
00a9cd7a-f609-4741-a261-79e844901abd	2	16833169	20174488	2423	0.2231
00a9cd7a-f609-4741-a261-79e844901abd	2	20174525	21240008	621	0.3531
00a9cd7a-f609-4741-a261-79e844901abd	2	21240840	26349200	2758	0.2569
00a9cd7a-f609-4741-a261-79e844901abd	2	26350584	27107063	392	0.0965
00a9cd7a-f609-4741-a261-79e844901abd	2	27122616	27122853	2	-0.7741
00a9cd7a-f609-4741-a261-79e844901abd	2	27123333	27243287	65	0.0698
00a9cd7a-f609-4741-a261-79e844901abd	2	27246652	27389375	42	0.4214
00a9cd7a-f609-4741-a261-79e844901abd	2	27391201	29460014	1111	0.0803
00a9cd7a-f609-4741-a261-79e844901abd	2	29460118	44507816	8444	0.1108
00a9cd7a-f609-4741-a261-79e844901abd	2	44508160	52173018	4705	0.0743
00a9cd7a-f609-4741-a261-79e844901abd	2	52358148	52728754	154	-0.1817
00a9cd7a-f609-4741-a261-79e844901abd	2	52731196	52834040	81	-0.7895
00a9cd7a-f609-4741-a261-79e844901abd	2	52835562	55492484	1375	-0.1461
00a9cd7a-f609-4741-a261-79e844901abd	2	55493603	57048160	888	-0.0843
00a9cd7a-f609-4741-a261-79e844901abd	2	57048839	77149443	11694	-0.1376
00a9cd7a-f609-4741-a261-79e844901abd	2	77150041	83274345	3135	-0.2036
00a9cd7a-f609-4741-a261-79e844901abd	2	83275068	88831554	2310	-0.137
00a9cd7a-f609-4741-a261-79e844901abd	2	94675825	98952870	1378	0.0638
00a9cd7a-f609-4741-a261-79e844901abd	2	98953929	99359407	138	0.416
00a9cd7a-f609-4741-a261-79e844901abd	2	99359828	103880476	2842	0.0452
00a9cd7a-f609-4741-a261-79e844901abd	2	103881440	103978813	65	0.2784
00a9cd7a-f609-4741-a261-79e844901abd	2	103978832	104470731	298	0.485
00a9cd7a-f609-4741-a261-79e844901abd	2	104470858	105718139	885	0.9127
00a9cd7a-f609-4741-a261-79e844901abd	2	105721262	106480065	506	0.7026
00a9cd7a-f609-4741-a261-79e844901abd	2	106486818	106516642	11	0.245
00a9cd7a-f609-4741-a261-79e844901abd	2	106522758	106636674	80	0.7709
00a9cd7a-f609-4741-a261-79e844901abd	2	106637563	106642298	8	0.5147
00a9cd7a-f609-4741-a261-79e844901abd	2	106687584	107054744	275	0.1987
00a9cd7a-f609-4741-a261-79e844901abd	2	107055451	107143810	68	0.4467
00a9cd7a-f609-4741-a261-79e844901abd	2	107146466	108727282	799	0.6242
00a9cd7a-f609-4741-a261-79e844901abd	2	108727501	111762497	1035	0.5304
00a9cd7a-f609-4741-a261-79e844901abd	2	111773105	111821754	6	-0.0266
00a9cd7a-f609-4741-a261-79e844901abd	2	111826247	112640165	354	0.5374
00a9cd7a-f609-4741-a261-79e844901abd	2	112641587	112642218	4	0.3686
00a9cd7a-f609-4741-a261-79e844901abd	2	112652438	112784242	120	0.0226
00a9cd7a-f609-4741-a261-79e844901abd	2	112784560	112833698	39	0.3061
00a9cd7a-f609-4741-a261-79e844901abd	2	112836810	112908921	41	-0.115
00a9cd7a-f609-4741-a261-79e844901abd	2	112910176	113795177	478	0.2765
00a9cd7a-f609-4741-a261-79e844901abd	2	113796101	114338224	336	-0.1203
00a9cd7a-f609-4741-a261-79e844901abd	2	114339213	114755923	243	0.2897
00a9cd7a-f609-4741-a261-79e844901abd	2	114756023	115333514	301	0.5597
00a9cd7a-f609-4741-a261-79e844901abd	2	115340562	116057224	346	0.7423
00a9cd7a-f609-4741-a261-79e844901abd	2	116057385	116214083	75	1.1185
00a9cd7a-f609-4741-a261-79e844901abd	2	116259983	116468142	115	0.7734
00a9cd7a-f609-4741-a261-79e844901abd	2	116468261	119055183	1304	0.7033
00a9cd7a-f609-4741-a261-79e844901abd	2	119055204	120141924	638	0.8288
00a9cd7a-f609-4741-a261-79e844901abd	2	120153957	120220390	36	0.3972
00a9cd7a-f609-4741-a261-79e844901abd	2	120228079	120261559	14	0.728
00a9cd7a-f609-4741-a261-79e844901abd	2	120261816	123624489	2007	0.3993
00a9cd7a-f609-4741-a261-79e844901abd	2	123625013	126420502	939	0.3309
00a9cd7a-f609-4741-a261-79e844901abd	2	126421004	127811626	807	0.3903
00a9cd7a-f609-4741-a261-79e844901abd	2	127811674	140656542	6398	0.2336
00a9cd7a-f609-4741-a261-79e844901abd	2	140656871	140657374	3	-0.8069
00a9cd7a-f609-4741-a261-79e844901abd	2	140658938	148404299	4376	0.2188
00a9cd7a-f609-4741-a261-79e844901abd	2	148404807	153217342	3100	0.2675
00a9cd7a-f609-4741-a261-79e844901abd	2	153217542	156960391	2029	0.2327
00a9cd7a-f609-4741-a261-79e844901abd	2	156962167	167531193	6027	-0.1359
00a9cd7a-f609-4741-a261-79e844901abd	2	167532834	167662894	87	0.2262
00a9cd7a-f609-4741-a261-79e844901abd	2	167668968	172649982	3197	-0.1161
00a9cd7a-f609-4741-a261-79e844901abd	2	172658402	173094321	358	0.1047
00a9cd7a-f609-4741-a261-79e844901abd	2	173098224	174558335	956	-0.1025
00a9cd7a-f609-4741-a261-79e844901abd	2	174562125	187652646	7147	-0.1661
00a9cd7a-f609-4741-a261-79e844901abd	2	187652749	188780466	430	-0.1359
00a9cd7a-f609-4741-a261-79e844901abd	2	188780536	190062434	735	-0.0538
00a9cd7a-f609-4741-a261-79e844901abd	2	190062531	199132996	4450	-0.1363
00a9cd7a-f609-4741-a261-79e844901abd	2	199139645	199150371	16	-0.7821
00a9cd7a-f609-4741-a261-79e844901abd	2	199150705	199667418	282	-0.1527
00a9cd7a-f609-4741-a261-79e844901abd	2	199671138	209305440	5589	-0.1075
00a9cd7a-f609-4741-a261-79e844901abd	2	209306599	214076369	2811	-0.1466
00a9cd7a-f609-4741-a261-79e844901abd	2	214076471	214076993	2	-1.3229
00a9cd7a-f609-4741-a261-79e844901abd	2	214077175	214425299	194	-0.155
00a9cd7a-f609-4741-a261-79e844901abd	2	214425658	222230203	5058	-0.0176
00a9cd7a-f609-4741-a261-79e844901abd	2	222233464	227648525	3452	-0.0792
00a9cd7a-f609-4741-a261-79e844901abd	2	227650507	231379723	2114	-0.0351
00a9cd7a-f609-4741-a261-79e844901abd	2	231383725	232299724	365	0.1562
00a9cd7a-f609-4741-a261-79e844901abd	2	232301058	233537865	650	0.0817
00a9cd7a-f609-4741-a261-79e844901abd	2	233537948	235583394	1496	0.161
00a9cd7a-f609-4741-a261-79e844901abd	2	235583411	236852255	770	0.2828
00a9cd7a-f609-4741-a261-79e844901abd	2	236854638	238827723	1319	0.1285
00a9cd7a-f609-4741-a261-79e844901abd	2	238827866	240071658	659	0.0271
00a9cd7a-f609-4741-a261-79e844901abd	2	240074849	240231930	110	0.0961
00a9cd7a-f609-4741-a261-79e844901abd	2	240235252	241537572	641	-0.0397
00a9cd7a-f609-4741-a261-79e844901abd	3	2170634	2312195	102	0.0614
00a9cd7a-f609-4741-a261-79e844901abd	3	2312351	6316919	1944	0.1213
00a9cd7a-f609-4741-a261-79e844901abd	3	6321122	9122413	2048	0.0206
00a9cd7a-f609-4741-a261-79e844901abd	3	9122756	10932470	1066	0.0764
00a9cd7a-f609-4741-a261-79e844901abd	3	10932741	11191093	185	0.0063
00a9cd7a-f609-4741-a261-79e844901abd	3	11192443	14213016	1965	0.1773
00a9cd7a-f609-4741-a261-79e844901abd	3	14216478	14216607	2	-2.0213
00a9cd7a-f609-4741-a261-79e844901abd	3	14219174	16189951	1303	0.1859
00a9cd7a-f609-4741-a261-79e844901abd	3	16191735	16192316	2	-1.9498
00a9cd7a-f609-4741-a261-79e844901abd	3	16192331	21705791	3070	0.145
00a9cd7a-f609-4741-a261-79e844901abd	3	21706349	24222491	1150	0.1992
00a9cd7a-f609-4741-a261-79e844901abd	3	24222973	24223284	2	-1.717
00a9cd7a-f609-4741-a261-79e844901abd	3	24224946	25413457	985	0.1968
00a9cd7a-f609-4741-a261-79e844901abd	3	25419105	29683571	2539	0.1358
00a9cd7a-f609-4741-a261-79e844901abd	3	29683664	39493251	6122	0.1972
00a9cd7a-f609-4741-a261-79e844901abd	3	39498982	41307702	1262	0.2896
00a9cd7a-f609-4741-a261-79e844901abd	3	41308290	41308316	2	-0.6056
00a9cd7a-f609-4741-a261-79e844901abd	3	41308486	42440034	477	0.3021
00a9cd7a-f609-4741-a261-79e844901abd	3	42441135	42745693	152	0.147
00a9cd7a-f609-4741-a261-79e844901abd	3	42747824	45734014	1656	0.0719
00a9cd7a-f609-4741-a261-79e844901abd	3	45736708	47955673	1113	0.0468
00a9cd7a-f609-4741-a261-79e844901abd	3	47957097	63407018	8220	-0.1074
00a9cd7a-f609-4741-a261-79e844901abd	3	63409167	65544247	1817	-0.063
00a9cd7a-f609-4741-a261-79e844901abd	3	65544574	70968961	3731	-0.108
00a9cd7a-f609-4741-a261-79e844901abd	3	70969366	76473287	3266	-0.1549
00a9cd7a-f609-4741-a261-79e844901abd	3	76474163	76474879	3	-1.2672
00a9cd7a-f609-4741-a261-79e844901abd	3	76475767	77966401	910	-0.1672
00a9cd7a-f609-4741-a261-79e844901abd	3	77966496	91462299	6170	-0.2002
00a9cd7a-f609-4741-a261-79e844901abd	3	94015345	96907092	1448	0.2059
00a9cd7a-f609-4741-a261-79e844901abd	3	96907966	114562109	9788	0.2609
00a9cd7a-f609-4741-a261-79e844901abd	3	114566867	116925391	1561	0.1829
00a9cd7a-f609-4741-a261-79e844901abd	3	116929380	118746278	1255	0.2429
00a9cd7a-f609-4741-a261-79e844901abd	3	118749865	118777036	10	0.6552
00a9cd7a-f609-4741-a261-79e844901abd	3	118779288	118988462	144	0.944
00a9cd7a-f609-4741-a261-79e844901abd	3	118998399	119289243	99	0.5412
00a9cd7a-f609-4741-a261-79e844901abd	3	119297314	119297516	2	1.3346
00a9cd7a-f609-4741-a261-79e844901abd	3	119298535	119829649	367	0.5277
00a9cd7a-f609-4741-a261-79e844901abd	3	119830139	121300178	711	0.3079
00a9cd7a-f609-4741-a261-79e844901abd	3	121305856	124036247	1495	0.2169
00a9cd7a-f609-4741-a261-79e844901abd	3	124036778	125685089	1117	0.3095
00a9cd7a-f609-4741-a261-79e844901abd	3	125688845	129226730	1938	0.2297
00a9cd7a-f609-4741-a261-79e844901abd	3	129227025	134262445	2966	0.2893
00a9cd7a-f609-4741-a261-79e844901abd	3	134264565	134499715	142	0.5796
00a9cd7a-f609-4741-a261-79e844901abd	3	134500364	135837093	858	0.2686
00a9cd7a-f609-4741-a261-79e844901abd	3	135840015	135902436	42	-0.6881
00a9cd7a-f609-4741-a261-79e844901abd	3	135906656	143744996	4040	0.279
00a9cd7a-f609-4741-a261-79e844901abd	3	143745595	148238209	1999	0.2273
00a9cd7a-f609-4741-a261-79e844901abd	3	148239226	163046469	8142	0.2677
00a9cd7a-f609-4741-a261-79e844901abd	3	163050008	165603984	1111	0.2014
00a9cd7a-f609-4741-a261-79e844901abd	3	165604022	166226838	169	0.261
00a9cd7a-f609-4741-a261-79e844901abd	3	166232551	167237691	458	0.5241
00a9cd7a-f609-4741-a261-79e844901abd	3	167241642	172941410	3243	0.2941
00a9cd7a-f609-4741-a261-79e844901abd	3	172941918	174963694	997	0.2405
00a9cd7a-f609-4741-a261-79e844901abd	3	174964233	174984095	12	0.4129
00a9cd7a-f609-4741-a261-79e844901abd	3	174985365	175360729	310	0.7441
00a9cd7a-f609-4741-a261-79e844901abd	3	176041258	177530953	692	0.2778
00a9cd7a-f609-4741-a261-79e844901abd	3	177531230	181889874	2450	0.2361
00a9cd7a-f609-4741-a261-79e844901abd	3	181890170	197406211	8227	0.2772
00a9cd7a-f609-4741-a261-79e844901abd	3	197406260	197753630	59	-0.1109
00a9cd7a-f609-4741-a261-79e844901abd	3	197754242	197812401	27	-0.3738
00a9cd7a-f609-4741-a261-79e844901abd	4	1059384	2210268	386	0.263
00a9cd7a-f609-4741-a261-79e844901abd	4	2210452	2846456	259	0.0182
00a9cd7a-f609-4741-a261-79e844901abd	4	2847441	4935993	1041	0.223
00a9cd7a-f609-4741-a261-79e844901abd	4	4936035	4971148	49	0.5528
00a9cd7a-f609-4741-a261-79e844901abd	4	4973533	6952635	1455	0.268
00a9cd7a-f609-4741-a261-79e844901abd	4	6955605	7488233	396	0.5531
00a9cd7a-f609-4741-a261-79e844901abd	4	7488632	15720950	5302	0.2462
00a9cd7a-f609-4741-a261-79e844901abd	4	15721332	20994669	3464	0.2884
00a9cd7a-f609-4741-a261-79e844901abd	4	20997360	23492468	1646	0.2403
00a9cd7a-f609-4741-a261-79e844901abd	4	23493867	27635806	2749	0.2873
00a9cd7a-f609-4741-a261-79e844901abd	4	27639617	28110380	295	0.2353
00a9cd7a-f609-4741-a261-79e844901abd	4	28114825	28115359	2	-1.4055
00a9cd7a-f609-4741-a261-79e844901abd	4	28118573	31114962	1868	0.2092
00a9cd7a-f609-4741-a261-79e844901abd	4	31116625	33753795	1467	-0.0058
00a9cd7a-f609-4741-a261-79e844901abd	4	33755344	34185470	189	0.5911
00a9cd7a-f609-4741-a261-79e844901abd	4	34187984	35144600	543	0.0251
00a9cd7a-f609-4741-a261-79e844901abd	4	35155099	36330271	712	0.2391
00a9cd7a-f609-4741-a261-79e844901abd	4	36332535	36756042	284	0.3016
00a9cd7a-f609-4741-a261-79e844901abd	4	36757024	37628953	630	0.3679
00a9cd7a-f609-4741-a261-79e844901abd	4	37629269	43730159	3450	0.3017
00a9cd7a-f609-4741-a261-79e844901abd	4	43730840	44820212	519	0.2287
00a9cd7a-f609-4741-a261-79e844901abd	4	44821056	45245335	225	-0.1901
00a9cd7a-f609-4741-a261-79e844901abd	4	45248791	45362897	64	0.2075
00a9cd7a-f609-4741-a261-79e844901abd	4	45363596	45767483	193	-0.1878
00a9cd7a-f609-4741-a261-79e844901abd	4	45768079	45772440	3	-1.2454
00a9cd7a-f609-4741-a261-79e844901abd	4	45772694	46112877	167	-0.1717
00a9cd7a-f609-4741-a261-79e844901abd	4	46118855	48067890	1006	0.2712
00a9cd7a-f609-4741-a261-79e844901abd	4	51832470	55020113	2229	-0.132
00a9cd7a-f609-4741-a261-79e844901abd	4	55021682	56323332	724	-0.0617
00a9cd7a-f609-4741-a261-79e844901abd	4	56323863	59320586	1776	-0.1298
00a9cd7a-f609-4741-a261-79e844901abd	4	59322870	68155643	4810	-0.1858
00a9cd7a-f609-4741-a261-79e844901abd	4	68156029	70096944	491	-0.1422
00a9cd7a-f609-4741-a261-79e844901abd	4	70099220	72489986	1234	-0.0859
00a9cd7a-f609-4741-a261-79e844901abd	4	72490345	75973325	2083	-0.1325
00a9cd7a-f609-4741-a261-79e844901abd	4	75974353	76501920	376	0.2982
00a9cd7a-f609-4741-a261-79e844901abd	4	76502853	82034259	3382	-0.1159
00a9cd7a-f609-4741-a261-79e844901abd	4	82034805	82036912	8	-0.7488
00a9cd7a-f609-4741-a261-79e844901abd	4	82039068	87700434	3338	-0.111
00a9cd7a-f609-4741-a261-79e844901abd	4	87704284	90361995	1637	-0.1569
00a9cd7a-f609-4741-a261-79e844901abd	4	90373217	90397887	14	-0.7772
00a9cd7a-f609-4741-a261-79e844901abd	4	90401496	101606901	6140	-0.1541
00a9cd7a-f609-4741-a261-79e844901abd	4	101606976	110085629	4697	-0.1224
00a9cd7a-f609-4741-a261-79e844901abd	4	110086189	117929111	4567	-0.1746
00a9cd7a-f609-4741-a261-79e844901abd	4	117932566	131467699	7152	-0.1379
00a9cd7a-f609-4741-a261-79e844901abd	4	131473130	135774159	1911	-0.1821
00a9cd7a-f609-4741-a261-79e844901abd	4	135777071	135783173	6	-0.9511
00a9cd7a-f609-4741-a261-79e844901abd	4	135788424	137657981	1013	-0.1769
00a9cd7a-f609-4741-a261-79e844901abd	4	137658077	141210466	2397	-0.1196
00a9cd7a-f609-4741-a261-79e844901abd	4	141210796	143653354	1444	-0.1718
00a9cd7a-f609-4741-a261-79e844901abd	4	143653997	144788956	476	-0.1187
00a9cd7a-f609-4741-a261-79e844901abd	4	144789615	146689328	990	-0.1946
00a9cd7a-f609-4741-a261-79e844901abd	4	146689434	151877469	2740	-0.1013
00a9cd7a-f609-4741-a261-79e844901abd	4	151878222	153941000	1293	-0.1502
00a9cd7a-f609-4741-a261-79e844901abd	4	153942273	155276351	795	-0.0516
00a9cd7a-f609-4741-a261-79e844901abd	4	155276449	157983143	1672	-0.1215
00a9cd7a-f609-4741-a261-79e844901abd	4	157985504	158254323	138	0.3074
00a9cd7a-f609-4741-a261-79e844901abd	4	158259303	160306119	1158	-0.0811
00a9cd7a-f609-4741-a261-79e844901abd	4	160306192	162316485	1161	-0.1514
00a9cd7a-f609-4741-a261-79e844901abd	4	162316657	162349424	29	-0.0253
00a9cd7a-f609-4741-a261-79e844901abd	4	162360395	162366135	11	-0.9325
00a9cd7a-f609-4741-a261-79e844901abd	4	162366667	163348082	615	-0.161
00a9cd7a-f609-4741-a261-79e844901abd	4	163354715	171003563	4058	-0.7749
00a9cd7a-f609-4741-a261-79e844901abd	4	171010050	171765681	453	0.2845
00a9cd7a-f609-4741-a261-79e844901abd	4	171768739	187842528	8071	-0.8061
00a9cd7a-f609-4741-a261-79e844901abd	5	913983	1907693	138	0.7515
00a9cd7a-f609-4741-a261-79e844901abd	5	1908188	3538259	1408	0.5203
00a9cd7a-f609-4741-a261-79e844901abd	5	3538648	5932998	1979	0.4666
00a9cd7a-f609-4741-a261-79e844901abd	5	5936457	7565353	1247	0.1503
00a9cd7a-f609-4741-a261-79e844901abd	5	7568986	7719708	106	0.5445
00a9cd7a-f609-4741-a261-79e844901abd	5	7722423	7756623	25	0.1554
00a9cd7a-f609-4741-a261-79e844901abd	5	7757754	8318300	439	0.5292
00a9cd7a-f609-4741-a261-79e844901abd	5	8320810	8321393	3	-0.3538
00a9cd7a-f609-4741-a261-79e844901abd	5	8321882	9177820	671	0.5312
00a9cd7a-f609-4741-a261-79e844901abd	5	9178754	10257348	870	0.5909
00a9cd7a-f609-4741-a261-79e844901abd	5	10258336	11600891	846	0.5228
00a9cd7a-f609-4741-a261-79e844901abd	5	11604874	12035881	285	0.7731
00a9cd7a-f609-4741-a261-79e844901abd	5	12041508	12498191	235	0.5478
00a9cd7a-f609-4741-a261-79e844901abd	5	12500212	13184317	122	0.7705
00a9cd7a-f609-4741-a261-79e844901abd	5	13187643	13559795	269	1.0994
00a9cd7a-f609-4741-a261-79e844901abd	5	13560359	14077359	401	0.8734
00a9cd7a-f609-4741-a261-79e844901abd	5	14077451	15095270	796	0.786
00a9cd7a-f609-4741-a261-79e844901abd	5	15095677	15313582	101	0.8692
00a9cd7a-f609-4741-a261-79e844901abd	5	15314310	15314321	3	0.29
00a9cd7a-f609-4741-a261-79e844901abd	5	15322117	15331010	11	0.8651
00a9cd7a-f609-4741-a261-79e844901abd	5	15331022	15332597	10	0.2601
00a9cd7a-f609-4741-a261-79e844901abd	5	15332903	17928552	1063	0.8418
00a9cd7a-f609-4741-a261-79e844901abd	5	17930818	20386560	1322	0.7703
00a9cd7a-f609-4741-a261-79e844901abd	5	20566972	20676092	76	1.0539
00a9cd7a-f609-4741-a261-79e844901abd	5	20771724	29904327	4812	0.717
00a9cd7a-f609-4741-a261-79e844901abd	5	29907161	32480213	1767	0.8184
00a9cd7a-f609-4741-a261-79e844901abd	5	32483323	39270761	3881	1.0989
00a9cd7a-f609-4741-a261-79e844901abd	5	39271545	39759758	340	0.8985
00a9cd7a-f609-4741-a261-79e844901abd	5	39760307	45377176	2903	0.9615
00a9cd7a-f609-4741-a261-79e844901abd	5	45378354	52181220	712	0.8731
00a9cd7a-f609-4741-a261-79e844901abd	5	52181679	53501889	909	1.0754
00a9cd7a-f609-4741-a261-79e844901abd	5	53502966	53677426	80	1.5475
00a9cd7a-f609-4741-a261-79e844901abd	5	53679176	56142604	1515	1.0729
00a9cd7a-f609-4741-a261-79e844901abd	5	56156678	62828404	4269	-0.182
00a9cd7a-f609-4741-a261-79e844901abd	5	62828794	83917183	11297	-0.1435
00a9cd7a-f609-4741-a261-79e844901abd	5	83917254	90610723	3387	-0.1773
00a9cd7a-f609-4741-a261-79e844901abd	5	90613088	92807815	1116	-0.3556
00a9cd7a-f609-4741-a261-79e844901abd	5	92808150	92808221	2	-2.1666
00a9cd7a-f609-4741-a261-79e844901abd	5	92813476	96639895	2075	-0.3716
00a9cd7a-f609-4741-a261-79e844901abd	5	96642043	101666267	1975	-0.7925
00a9cd7a-f609-4741-a261-79e844901abd	5	101964286	112641626	6056	-0.3907
00a9cd7a-f609-4741-a261-79e844901abd	5	112643249	115331429	1827	-0.3325
00a9cd7a-f609-4741-a261-79e844901abd	5	115334153	119440822	2482	-0.3824
00a9cd7a-f609-4741-a261-79e844901abd	5	119445119	119907389	260	0.0625
00a9cd7a-f609-4741-a261-79e844901abd	5	119914664	121383865	734	-0.3937
00a9cd7a-f609-4741-a261-79e844901abd	5	121384767	121785833	216	-0.8394
00a9cd7a-f609-4741-a261-79e844901abd	5	121788035	123064717	719	-0.3554
00a9cd7a-f609-4741-a261-79e844901abd	5	123069544	123087042	20	-0.9051
00a9cd7a-f609-4741-a261-79e844901abd	5	123096795	123278792	177	-0.3759
00a9cd7a-f609-4741-a261-79e844901abd	5	123278957	123554472	145	-0.1339
00a9cd7a-f609-4741-a261-79e844901abd	5	123554970	124400542	501	0.1223
00a9cd7a-f609-4741-a261-79e844901abd	5	124400713	134660859	5977	-0.1448
00a9cd7a-f609-4741-a261-79e844901abd	5	134663437	134768020	35	-0.3971
00a9cd7a-f609-4741-a261-79e844901abd	5	134768558	142652186	4387	-0.1302
00a9cd7a-f609-4741-a261-79e844901abd	5	142656411	143317730	513	-0.2012
00a9cd7a-f609-4741-a261-79e844901abd	5	143326330	145270189	1210	-0.133
00a9cd7a-f609-4741-a261-79e844901abd	5	145270834	145941063	397	-0.0563
00a9cd7a-f609-4741-a261-79e844901abd	5	145941254	149227193	2193	-0.16
00a9cd7a-f609-4741-a261-79e844901abd	5	149228816	149844787	426	0.5205
00a9cd7a-f609-4741-a261-79e844901abd	5	149849185	153106846	2125	-0.1578
00a9cd7a-f609-4741-a261-79e844901abd	5	153109462	168861987	10245	-0.8066
00a9cd7a-f609-4741-a261-79e844901abd	5	168863382	169173617	290	-0.1786
00a9cd7a-f609-4741-a261-79e844901abd	5	169173767	170380481	912	-0.233
00a9cd7a-f609-4741-a261-79e844901abd	5	170381205	180934240	5741	-0.1709
00a9cd7a-f609-4741-a261-79e844901abd	6	1011760	1577214	486	0.4961
00a9cd7a-f609-4741-a261-79e844901abd	6	1577797	3833688	1631	0.4545
00a9cd7a-f609-4741-a261-79e844901abd	6	3834140	6238979	1645	0.5045
00a9cd7a-f609-4741-a261-79e844901abd	6	6239426	6275278	40	-0.8305
00a9cd7a-f609-4741-a261-79e844901abd	6	6275699	6470659	196	0.4997
00a9cd7a-f609-4741-a261-79e844901abd	6	6470783	7493861	734	0.5475
00a9cd7a-f609-4741-a261-79e844901abd	6	7494018	9392766	1373	0.5904
00a9cd7a-f609-4741-a261-79e844901abd	6	9393074	9806022	318	0.5353
00a9cd7a-f609-4741-a261-79e844901abd	6	9806474	9806491	2	-0.5403
00a9cd7a-f609-4741-a261-79e844901abd	6	9806643	12164379	1579	0.52
00a9cd7a-f609-4741-a261-79e844901abd	6	12166266	12403448	208	0.7384
00a9cd7a-f609-4741-a261-79e844901abd	6	12405596	12718145	232	0.4917
00a9cd7a-f609-4741-a261-79e844901abd	6	12718269	12718894	2	-0.5395
00a9cd7a-f609-4741-a261-79e844901abd	6	12719160	16092762	2313	0.4744
00a9cd7a-f609-4741-a261-79e844901abd	6	16092872	16093194	2	-0.7406
00a9cd7a-f609-4741-a261-79e844901abd	6	16095358	16196528	78	0.5093
00a9cd7a-f609-4741-a261-79e844901abd	6	16200737	16200944	2	-0.7825
00a9cd7a-f609-4741-a261-79e844901abd	6	16203330	18224729	1271	0.5007
00a9cd7a-f609-4741-a261-79e844901abd	6	18224942	18225070	4	0.3335
00a9cd7a-f609-4741-a261-79e844901abd	6	18226470	18226757	5	-0.0927
00a9cd7a-f609-4741-a261-79e844901abd	6	18226829	18262925	65	0.3795
00a9cd7a-f609-4741-a261-79e844901abd	6	18262967	19050994	607	0.5171
00a9cd7a-f609-4741-a261-79e844901abd	6	19051116	19051370	6	-0.1747
00a9cd7a-f609-4741-a261-79e844901abd	6	19051583	19138828	61	0.4924
00a9cd7a-f609-4741-a261-79e844901abd	6	19146307	20704815	1115	0.7606
00a9cd7a-f609-4741-a261-79e844901abd	6	20710078	22195488	1004	0.5419
00a9cd7a-f609-4741-a261-79e844901abd	6	22197241	24036861	1400	0.7698
00a9cd7a-f609-4741-a261-79e844901abd	6	24037094	26670022	1477	0.7036
00a9cd7a-f609-4741-a261-79e844901abd	6	26936980	33879300	2063	0.4741
00a9cd7a-f609-4741-a261-79e844901abd	6	33879387	37332045	1850	0.5135
00a9cd7a-f609-4741-a261-79e844901abd	6	37333341	37892080	365	0.7491
00a9cd7a-f609-4741-a261-79e844901abd	6	37893499	37908094	10	1.1334
00a9cd7a-f609-4741-a261-79e844901abd	6	37910276	38123254	118	0.775
00a9cd7a-f609-4741-a261-79e844901abd	6	38132561	38692087	393	0.5306
00a9cd7a-f609-4741-a261-79e844901abd	6	38694155	40335797	1241	0.7401
00a9cd7a-f609-4741-a261-79e844901abd	6	40336964	41294053	758	0.5251
00a9cd7a-f609-4741-a261-79e844901abd	6	41302346	47887496	3892	0.2438
00a9cd7a-f609-4741-a261-79e844901abd	6	47888600	51300632	1751	0.1695
00a9cd7a-f609-4741-a261-79e844901abd	6	51300836	55000752	2531	0.2434
00a9cd7a-f609-4741-a261-79e844901abd	6	55004438	57347009	1311	0.5853
00a9cd7a-f609-4741-a261-79e844901abd	6	61527062	64668098	1470	0.0823
00a9cd7a-f609-4741-a261-79e844901abd	6	64668531	65416661	364	0.2672
00a9cd7a-f609-4741-a261-79e844901abd	6	65416723	71976651	3865	0.215
00a9cd7a-f609-4741-a261-79e844901abd	6	71984180	75214843	1983	0.3101
00a9cd7a-f609-4741-a261-79e844901abd	6	75219732	81146686	3160	-0.1357
00a9cd7a-f609-4741-a261-79e844901abd	6	81146948	84509735	1922	-0.1961
00a9cd7a-f609-4741-a261-79e844901abd	6	84509978	86609872	1115	-0.1514
00a9cd7a-f609-4741-a261-79e844901abd	6	86610254	91850875	3191	-0.1103
00a9cd7a-f609-4741-a261-79e844901abd	6	91853937	105804468	7304	-0.1651
00a9cd7a-f609-4741-a261-79e844901abd	6	105805124	113350644	4674	-0.1247
00a9cd7a-f609-4741-a261-79e844901abd	6	113351315	120851727	3923	-0.1522
00a9cd7a-f609-4741-a261-79e844901abd	6	120852133	120853657	2	-1.3186
00a9cd7a-f609-4741-a261-79e844901abd	6	120853855	121160582	179	-0.1768
00a9cd7a-f609-4741-a261-79e844901abd	6	121160906	121161534	3	-1.4447
00a9cd7a-f609-4741-a261-79e844901abd	6	121162397	125886040	2774	-0.1644
00a9cd7a-f609-4741-a261-79e844901abd	6	125892992	125899077	9	-0.6551
00a9cd7a-f609-4741-a261-79e844901abd	6	125903015	129358930	1957	-0.1313
00a9cd7a-f609-4741-a261-79e844901abd	6	129359764	135256105	4057	-0.1872
00a9cd7a-f609-4741-a261-79e844901abd	6	135258627	135262925	3	-1.8366
00a9cd7a-f609-4741-a261-79e844901abd	6	135263160	137577617	1510	-0.1855
00a9cd7a-f609-4741-a261-79e844901abd	6	137577677	156777013	12245	-0.1411
00a9cd7a-f609-4741-a261-79e844901abd	6	156782487	157146023	244	-0.817
00a9cd7a-f609-4741-a261-79e844901abd	6	157161088	159650579	1450	-0.1203
00a9cd7a-f609-4741-a261-79e844901abd	6	159650812	160919650	828	-0.1739
00a9cd7a-f609-4741-a261-79e844901abd	6	160919932	164208625	1908	-0.2323
00a9cd7a-f609-4741-a261-79e844901abd	6	164208683	166041792	1202	-0.1726
00a9cd7a-f609-4741-a261-79e844901abd	6	166042428	166042608	3	-1.7931
00a9cd7a-f609-4741-a261-79e844901abd	6	166045638	167145161	812	-0.2119
00a9cd7a-f609-4741-a261-79e844901abd	6	167145213	170596889	834	-0.1518
00a9cd7a-f609-4741-a261-79e844901abd	7	664936	665647	2	0.6925
00a9cd7a-f609-4741-a261-79e844901abd	7	669137	7316896	2505	0.0696
00a9cd7a-f609-4741-a261-79e844901abd	7	7317123	8621395	782	0.1286
00a9cd7a-f609-4741-a261-79e844901abd	7	8621980	8626997	2	-1.3004
00a9cd7a-f609-4741-a261-79e844901abd	7	8627460	11504777	1221	0.0888
00a9cd7a-f609-4741-a261-79e844901abd	7	11504983	11505005	2	-1.7481
00a9cd7a-f609-4741-a261-79e844901abd	7	11505032	11645262	157	0.118
00a9cd7a-f609-4741-a261-79e844901abd	7	11647351	18222572	4140	0.4029
00a9cd7a-f609-4741-a261-79e844901abd	7	18223582	20457393	1019	0.3454
00a9cd7a-f609-4741-a261-79e844901abd	7	20457490	20603743	109	0.4109
00a9cd7a-f609-4741-a261-79e844901abd	7	20604187	20604717	2	-0.5888
00a9cd7a-f609-4741-a261-79e844901abd	7	20615645	24384123	2787	0.4287
00a9cd7a-f609-4741-a261-79e844901abd	7	24384603	24394691	14	0.376
00a9cd7a-f609-4741-a261-79e844901abd	7	24394769	24394790	2	-0.5672
00a9cd7a-f609-4741-a261-79e844901abd	7	24395124	25241834	586	0.367
00a9cd7a-f609-4741-a261-79e844901abd	7	25244204	34648005	6021	0.4274
00a9cd7a-f609-4741-a261-79e844901abd	7	34649392	37659486	2113	0.3493
00a9cd7a-f609-4741-a261-79e844901abd	7	37660148	38578471	594	0.4715
00a9cd7a-f609-4741-a261-79e844901abd	7	38579748	39114295	388	0.3692
00a9cd7a-f609-4741-a261-79e844901abd	7	39115432	39231871	71	0.8609
00a9cd7a-f609-4741-a261-79e844901abd	7	39232543	43509958	2412	0.4299
00a9cd7a-f609-4741-a261-79e844901abd	7	43509993	44678891	572	0.3562
00a9cd7a-f609-4741-a261-79e844901abd	7	44680343	45721752	589	0.4469
00a9cd7a-f609-4741-a261-79e844901abd	7	45722239	45849958	35	0.1583
00a9cd7a-f609-4741-a261-79e844901abd	7	45851321	48726326	2091	0.4453
00a9cd7a-f609-4741-a261-79e844901abd	7	48727668	49974999	855	0.8447
00a9cd7a-f609-4741-a261-79e844901abd	7	49976818	51154065	907	0.9094
00a9cd7a-f609-4741-a261-79e844901abd	7	51161537	56451592	3464	0.8297
00a9cd7a-f609-4741-a261-79e844901abd	7	56453680	56487923	15	0.0124
00a9cd7a-f609-4741-a261-79e844901abd	7	56490406	57854817	120	0.8834
00a9cd7a-f609-4741-a261-79e844901abd	7	57861998	63675854	5	0.0132
00a9cd7a-f609-4741-a261-79e844901abd	7	63677725	85818854	10367	-0.7631
00a9cd7a-f609-4741-a261-79e844901abd	7	85825484	93567884	3459	-0.0463
00a9cd7a-f609-4741-a261-79e844901abd	7	93568448	93904151	218	0.3037
00a9cd7a-f609-4741-a261-79e844901abd	7	93907514	93908185	4	-0.2299
00a9cd7a-f609-4741-a261-79e844901abd	7	93910482	94526403	374	0.31
00a9cd7a-f609-4741-a261-79e844901abd	7	94527202	108432452	7056	-0.0474
00a9cd7a-f609-4741-a261-79e844901abd	7	108433874	108532679	76	0.3325
00a9cd7a-f609-4741-a261-79e844901abd	7	108535897	108536531	2	-0.7456
00a9cd7a-f609-4741-a261-79e844901abd	7	108539074	109305895	487	0.3784
00a9cd7a-f609-4741-a261-79e844901abd	7	109310001	114416405	2330	0.6183
00a9cd7a-f609-4741-a261-79e844901abd	7	114417516	114955003	272	-0.0764
00a9cd7a-f609-4741-a261-79e844901abd	7	114961039	115677751	396	0.3075
00a9cd7a-f609-4741-a261-79e844901abd	7	115677840	125320705	5417	-0.0537
00a9cd7a-f609-4741-a261-79e844901abd	7	125322031	130194633	2456	0.3538
00a9cd7a-f609-4741-a261-79e844901abd	7	130194936	132911571	1660	-0.0802
00a9cd7a-f609-4741-a261-79e844901abd	7	132911835	133739011	460	0.4887
00a9cd7a-f609-4741-a261-79e844901abd	7	133740156	135693984	1241	-0.0798
00a9cd7a-f609-4741-a261-79e844901abd	7	135694106	136296908	405	0.3384
00a9cd7a-f609-4741-a261-79e844901abd	7	136297855	136441368	91	-0.0794
00a9cd7a-f609-4741-a261-79e844901abd	7	136441849	141393812	2957	-0.0214
00a9cd7a-f609-4741-a261-79e844901abd	7	141397585	142270158	402	-0.0909
00a9cd7a-f609-4741-a261-79e844901abd	7	142275595	143425331	347	-0.1629
00a9cd7a-f609-4741-a261-79e844901abd	7	143430097	152241151	4511	-0.0709
00a9cd7a-f609-4741-a261-79e844901abd	7	152250901	152305083	23	-0.5885
00a9cd7a-f609-4741-a261-79e844901abd	7	152311543	152570676	98	-0.0848
00a9cd7a-f609-4741-a261-79e844901abd	7	152572438	153235178	397	-0.0173
00a9cd7a-f609-4741-a261-79e844901abd	7	153236156	155439592	1075	-0.1248
00a9cd7a-f609-4741-a261-79e844901abd	7	155441367	155443446	2	-1.6926
00a9cd7a-f609-4741-a261-79e844901abd	7	155443766	156457735	712	-0.0852
00a9cd7a-f609-4741-a261-79e844901abd	7	156462421	156465952	5	-0.7614
00a9cd7a-f609-4741-a261-79e844901abd	7	156466160	158199391	867	-0.0877
00a9cd7a-f609-4741-a261-79e844901abd	7	158205385	158210962	2	-2.0274
00a9cd7a-f609-4741-a261-79e844901abd	7	158212682	158592540	149	-0.1143
00a9cd7a-f609-4741-a261-79e844901abd	8	667625	6944991	3196	-0.8751
00a9cd7a-f609-4741-a261-79e844901abd	8	6948169	10015413	1085	-0.7638
00a9cd7a-f609-4741-a261-79e844901abd	8	10017412	12709141	954	-0.8885
00a9cd7a-f609-4741-a261-79e844901abd	8	12712880	12945183	189	-0.7392
00a9cd7a-f609-4741-a261-79e844901abd	8	12945324	12946176	3	-2.0279
00a9cd7a-f609-4741-a261-79e844901abd	8	12946558	14303634	980	-0.7018
00a9cd7a-f609-4741-a261-79e844901abd	8	14311138	14433404	139	-0.1301
00a9cd7a-f609-4741-a261-79e844901abd	8	14433808	19444293	3843	-0.766
00a9cd7a-f609-4741-a261-79e844901abd	8	19444951	22876663	2415	-0.8352
00a9cd7a-f609-4741-a261-79e844901abd	8	22878159	22959150	67	-0.1346
00a9cd7a-f609-4741-a261-79e844901abd	8	22959171	30188539	4897	-0.7909
00a9cd7a-f609-4741-a261-79e844901abd	8	30188585	30333524	108	-1.4166
00a9cd7a-f609-4741-a261-79e844901abd	8	30333728	31791553	846	-0.7156
00a9cd7a-f609-4741-a261-79e844901abd	8	31791708	31793178	4	-2.1175
00a9cd7a-f609-4741-a261-79e844901abd	8	31795605	36590739	2660	-0.7512
00a9cd7a-f609-4741-a261-79e844901abd	8	36596335	36606756	7	0.288
00a9cd7a-f609-4741-a261-79e844901abd	8	36612988	36653769	22	0.9743
00a9cd7a-f609-4741-a261-79e844901abd	8	36655132	40944022	2377	0.2863
00a9cd7a-f609-4741-a261-79e844901abd	8	40947632	48122566	1844	0.529
00a9cd7a-f609-4741-a261-79e844901abd	8	48125503	48593171	236	0.2945
00a9cd7a-f609-4741-a261-79e844901abd	8	48596689	48656212	48	-0.853
00a9cd7a-f609-4741-a261-79e844901abd	8	48656442	65551209	10009	0.2507
00a9cd7a-f609-4741-a261-79e844901abd	8	65551438	68498490	1568	0.5459
00a9cd7a-f609-4741-a261-79e844901abd	8	68504426	68877575	235	-0.7858
00a9cd7a-f609-4741-a261-79e844901abd	8	68880984	69262689	244	0.5289
00a9cd7a-f609-4741-a261-79e844901abd	8	69267441	69267743	2	-0.6227
00a9cd7a-f609-4741-a261-79e844901abd	8	69268016	69294368	16	0.5254
00a9cd7a-f609-4741-a261-79e844901abd	8	69295362	69296017	4	-0.0031
00a9cd7a-f609-4741-a261-79e844901abd	8	69296031	70040504	506	0.533
00a9cd7a-f609-4741-a261-79e844901abd	8	70041692	70042599	7	-0.0626
00a9cd7a-f609-4741-a261-79e844901abd	8	70048926	71887569	1081	0.5355
00a9cd7a-f609-4741-a261-79e844901abd	8	71893649	72384073	336	-0.2061
00a9cd7a-f609-4741-a261-79e844901abd	8	72384192	76617292	2577	-0.123
00a9cd7a-f609-4741-a261-79e844901abd	8	76620194	80983633	2326	0.26
00a9cd7a-f609-4741-a261-79e844901abd	8	80984101	82338754	782	-0.1144
00a9cd7a-f609-4741-a261-79e844901abd	8	82338789	90140594	4097	-0.1892
00a9cd7a-f609-4741-a261-79e844901abd	8	90140695	90567208	277	-0.1066
00a9cd7a-f609-4741-a261-79e844901abd	8	90568352	90611704	26	0.3081
00a9cd7a-f609-4741-a261-79e844901abd	8	90619631	100354161	5592	-0.1192
00a9cd7a-f609-4741-a261-79e844901abd	8	100355852	104881464	2765	0.9652
00a9cd7a-f609-4741-a261-79e844901abd	8	104886494	108153266	1737	-0.1679
00a9cd7a-f609-4741-a261-79e844901abd	8	108155206	108249653	41	-0.4291
00a9cd7a-f609-4741-a261-79e844901abd	8	108253048	113635904	2749	-0.1646
00a9cd7a-f609-4741-a261-79e844901abd	8	113636201	115789085	1100	0.2256
00a9cd7a-f609-4741-a261-79e844901abd	8	115794569	119096137	2318	0.2948
00a9cd7a-f609-4741-a261-79e844901abd	8	119098973	119099172	2	-0.6743
00a9cd7a-f609-4741-a261-79e844901abd	8	119100829	119327253	143	0.2922
00a9cd7a-f609-4741-a261-79e844901abd	8	119329794	119776846	311	0.2224
00a9cd7a-f609-4741-a261-79e844901abd	8	119777720	121062962	798	-0.1218
00a9cd7a-f609-4741-a261-79e844901abd	8	121080951	122559641	945	0.2547
00a9cd7a-f609-4741-a261-79e844901abd	8	122561831	122562554	3	-0.8491
00a9cd7a-f609-4741-a261-79e844901abd	8	122562578	124122853	1031	-0.1398
00a9cd7a-f609-4741-a261-79e844901abd	8	124135152	124582675	267	0.2084
00a9cd7a-f609-4741-a261-79e844901abd	8	124587384	124743287	136	-0.1853
00a9cd7a-f609-4741-a261-79e844901abd	8	124743508	126169898	1014	0.2432
00a9cd7a-f609-4741-a261-79e844901abd	8	126170578	126574883	265	0.1531
00a9cd7a-f609-4741-a261-79e844901abd	8	126576238	127402253	621	0.2303
00a9cd7a-f609-4741-a261-79e844901abd	8	127403016	127664059	209	0.151
00a9cd7a-f609-4741-a261-79e844901abd	8	127666536	127667007	4	-0.5519
00a9cd7a-f609-4741-a261-79e844901abd	8	127668526	128048558	253	0.1355
00a9cd7a-f609-4741-a261-79e844901abd	8	128049654	128817849	553	0.2064
00a9cd7a-f609-4741-a261-79e844901abd	8	128819910	129452775	418	-0.1876
00a9cd7a-f609-4741-a261-79e844901abd	8	129452797	131525764	1423	-0.1227
00a9cd7a-f609-4741-a261-79e844901abd	8	131525951	133616840	1645	-0.2001
00a9cd7a-f609-4741-a261-79e844901abd	8	133617601	133618159	2	-1.1422
00a9cd7a-f609-4741-a261-79e844901abd	8	133621038	134311475	597	-0.1736
00a9cd7a-f609-4741-a261-79e844901abd	8	134311978	135591368	941	-0.1321
00a9cd7a-f609-4741-a261-79e844901abd	8	135591909	144182542	4264	-0.1817
00a9cd7a-f609-4741-a261-79e844901abd	9	789794	1712264	338	-0.1209
00a9cd7a-f609-4741-a261-79e844901abd	9	1712303	12780296	6157	-0.1765
00a9cd7a-f609-4741-a261-79e844901abd	9	12780671	17198924	3530	-0.1408
00a9cd7a-f609-4741-a261-79e844901abd	9	17200330	17450249	156	-2.2804
00a9cd7a-f609-4741-a261-79e844901abd	9	17459628	17895107	320	-0.0784
00a9cd7a-f609-4741-a261-79e844901abd	9	17896373	18003635	98	0.5707
00a9cd7a-f609-4741-a261-79e844901abd	9	18009022	21185744	2587	-0.1162
00a9cd7a-f609-4741-a261-79e844901abd	9	21185826	24573252	2120	-0.1861
00a9cd7a-f609-4741-a261-79e844901abd	9	24573544	25656013	671	0.2547
00a9cd7a-f609-4741-a261-79e844901abd	9	25677217	30817751	2646	-0.1553
00a9cd7a-f609-4741-a261-79e844901abd	9	30819009	30838675	12	0.4326
00a9cd7a-f609-4741-a261-79e844901abd	9	30839718	30846941	8	0.7662
00a9cd7a-f609-4741-a261-79e844901abd	9	30847203	31086186	162	0.324
00a9cd7a-f609-4741-a261-79e844901abd	9	31092136	31635592	364	-0.1539
00a9cd7a-f609-4741-a261-79e844901abd	9	31647297	38752071	4414	0.2779
00a9cd7a-f609-4741-a261-79e844901abd	9	68423153	71356033	2210	-0.1177
00a9cd7a-f609-4741-a261-79e844901abd	9	71356106	76852895	3750	-0.1915
00a9cd7a-f609-4741-a261-79e844901abd	9	76854161	89330717	8582	-0.1305
00a9cd7a-f609-4741-a261-79e844901abd	9	89330916	90113108	624	-0.2258
00a9cd7a-f609-4741-a261-79e844901abd	9	90113385	104612200	8737	-0.1378
00a9cd7a-f609-4741-a261-79e844901abd	9	104614307	104614556	3	-1.2054
00a9cd7a-f609-4741-a261-79e844901abd	9	104614673	108244595	2615	-0.1386
00a9cd7a-f609-4741-a261-79e844901abd	9	108244753	111570485	2588	-0.0938
00a9cd7a-f609-4741-a261-79e844901abd	9	111570854	111571024	2	-1.4647
00a9cd7a-f609-4741-a261-79e844901abd	9	111576361	112462973	581	-0.0937
00a9cd7a-f609-4741-a261-79e844901abd	9	112465056	116396535	2514	-0.1623
00a9cd7a-f609-4741-a261-79e844901abd	9	116398469	116515483	87	0.489
00a9cd7a-f609-4741-a261-79e844901abd	9	116515532	118788171	1735	-0.2114
00a9cd7a-f609-4741-a261-79e844901abd	9	118788589	133581917	9104	-0.1397
00a9cd7a-f609-4741-a261-79e844901abd	9	133581932	138044505	1730	-0.1863
00a9cd7a-f609-4741-a261-79e844901abd	10	366509	7549589	4908	-0.1847
00a9cd7a-f609-4741-a261-79e844901abd	10	7549723	10690988	2351	-0.1357
00a9cd7a-f609-4741-a261-79e844901abd	10	10696998	11897482	972	-0.1852
00a9cd7a-f609-4741-a261-79e844901abd	10	11901648	14014180	1646	0.2481
00a9cd7a-f609-4741-a261-79e844901abd	10	14014336	23546645	6637	0.2189
00a9cd7a-f609-4741-a261-79e844901abd	10	23547480	25620503	1411	0.2673
00a9cd7a-f609-4741-a261-79e844901abd	10	25625437	28596795	1851	0.5368
00a9cd7a-f609-4741-a261-79e844901abd	10	28597697	29230301	517	0.6168
00a9cd7a-f609-4741-a261-79e844901abd	10	29232472	30211338	833	0.5394
00a9cd7a-f609-4741-a261-79e844901abd	10	30211489	31950836	1159	0.365
00a9cd7a-f609-4741-a261-79e844901abd	10	31953055	32071260	71	0.4866
00a9cd7a-f609-4741-a261-79e844901abd	10	32076571	36414848	2715	0.5653
00a9cd7a-f609-4741-a261-79e844901abd	10	36415858	38286055	1075	0.473
00a9cd7a-f609-4741-a261-79e844901abd	10	38288748	45316279	1953	0.2849
00a9cd7a-f609-4741-a261-79e844901abd	10	45319582	49868126	1613	0.2005
00a9cd7a-f609-4741-a261-79e844901abd	10	50716389	55024867	2959	-0.1846
00a9cd7a-f609-4741-a261-79e844901abd	10	55027788	55029959	7	-1.1948
00a9cd7a-f609-4741-a261-79e844901abd	10	55029972	55055506	22	-0.6546
00a9cd7a-f609-4741-a261-79e844901abd	10	55058752	66967221	7010	-0.1683
00a9cd7a-f609-4741-a261-79e844901abd	10	67161806	68985731	950	-0.1022
00a9cd7a-f609-4741-a261-79e844901abd	10	68987711	72109905	2220	-0.1708
00a9cd7a-f609-4741-a261-79e844901abd	10	72122059	78169259	3468	-0.1245
00a9cd7a-f609-4741-a261-79e844901abd	10	78171715	78750839	536	-0.1607
00a9cd7a-f609-4741-a261-79e844901abd	10	78752345	84944935	3918	-0.1957
00a9cd7a-f609-4741-a261-79e844901abd	10	84946687	86372338	1044	-0.1655
00a9cd7a-f609-4741-a261-79e844901abd	10	86374500	87942884	738	-0.0953
00a9cd7a-f609-4741-a261-79e844901abd	10	87946867	91642707	2541	-0.1551
00a9cd7a-f609-4741-a261-79e844901abd	10	91650322	96206172	2404	-0.1126
00a9cd7a-f609-4741-a261-79e844901abd	10	96211228	104278949	4545	-0.1509
00a9cd7a-f609-4741-a261-79e844901abd	10	104279369	108224365	2698	-0.1864
00a9cd7a-f609-4741-a261-79e844901abd	10	108224553	113299101	3335	-0.1151
00a9cd7a-f609-4741-a261-79e844901abd	10	113301380	115212726	1366	0.2768
00a9cd7a-f609-4741-a261-79e844901abd	10	115217054	115771644	350	-0.0953
00a9cd7a-f609-4741-a261-79e844901abd	10	115776738	118730878	2075	-0.1867
00a9cd7a-f609-4741-a261-79e844901abd	10	118733125	120951887	1589	-0.1352
00a9cd7a-f609-4741-a261-79e844901abd	10	120952597	120952614	2	-1.6158
00a9cd7a-f609-4741-a261-79e844901abd	10	120953414	122829910	1553	-0.1458
00a9cd7a-f609-4741-a261-79e844901abd	10	122831254	125214499	1566	-0.2071
00a9cd7a-f609-4741-a261-79e844901abd	10	125216941	126972285	1269	-0.1729
00a9cd7a-f609-4741-a261-79e844901abd	10	126975198	132544530	3195	-0.2472
00a9cd7a-f609-4741-a261-79e844901abd	10	132545294	133411599	187	-0.2024
00a9cd7a-f609-4741-a261-79e844901abd	11	456012	7195388	3329	-0.1432
00a9cd7a-f609-4741-a261-79e844901abd	11	7195794	7195972	2	-1.6605
00a9cd7a-f609-4741-a261-79e844901abd	11	7199291	12083795	3499	-0.1311
00a9cd7a-f609-4741-a261-79e844901abd	11	12083857	17588506	3800	-0.1592
00a9cd7a-f609-4741-a261-79e844901abd	11	17590490	22050230	3366	-0.1283
00a9cd7a-f609-4741-a261-79e844901abd	11	22057036	24899801	1880	-0.1897
00a9cd7a-f609-4741-a261-79e844901abd	11	24905150	26640999	1084	-0.1541
00a9cd7a-f609-4741-a261-79e844901abd	11	26641191	30240705	2153	-0.094
00a9cd7a-f609-4741-a261-79e844901abd	11	30244649	34038732	2351	-0.138
00a9cd7a-f609-4741-a261-79e844901abd	11	34041404	45699348	7577	-0.18
00a9cd7a-f609-4741-a261-79e844901abd	11	45699529	48352939	1170	-0.1065
00a9cd7a-f609-4741-a261-79e844901abd	11	48953076	57748826	1302	0.2552
00a9cd7a-f609-4741-a261-79e844901abd	11	57751079	58298393	336	0.1717
00a9cd7a-f609-4741-a261-79e844901abd	11	58301512	64674491	3234	0.2775
00a9cd7a-f609-4741-a261-79e844901abd	11	64674900	69855949	1669	0.2418
00a9cd7a-f609-4741-a261-79e844901abd	11	69856307	79383537	5183	0.2856
00a9cd7a-f609-4741-a261-79e844901abd	11	79387057	82135178	1939	0.2291
00a9cd7a-f609-4741-a261-79e844901abd	11	82137251	86480551	2414	0.2779
00a9cd7a-f609-4741-a261-79e844901abd	11	86480569	87667456	846	0.3452
00a9cd7a-f609-4741-a261-79e844901abd	11	87667744	97428459	5916	0.2841
00a9cd7a-f609-4741-a261-79e844901abd	11	97429681	99727394	1418	0.234
00a9cd7a-f609-4741-a261-79e844901abd	11	99727407	103788125	2664	0.2817
00a9cd7a-f609-4741-a261-79e844901abd	11	103788315	105642319	1113	0.2198
00a9cd7a-f609-4741-a261-79e844901abd	11	105644706	118585438	8566	0.2796
00a9cd7a-f609-4741-a261-79e844901abd	11	118588038	122563335	2639	0.428
00a9cd7a-f609-4741-a261-79e844901abd	11	122567908	123595214	806	0.3319
00a9cd7a-f609-4741-a261-79e844901abd	11	123597432	125077155	1016	0.4141
00a9cd7a-f609-4741-a261-79e844901abd	11	125077253	127606983	1914	0.4951
00a9cd7a-f609-4741-a261-79e844901abd	11	127610870	128378660	495	0.4054
00a9cd7a-f609-4741-a261-79e844901abd	11	128380927	128568428	294	0.315
00a9cd7a-f609-4741-a261-79e844901abd	11	128570127	128922220	290	0.3806
00a9cd7a-f609-4741-a261-79e844901abd	11	128923837	130860108	1074	0.4942
00a9cd7a-f609-4741-a261-79e844901abd	11	130861186	130897560	37	0.3594
00a9cd7a-f609-4741-a261-79e844901abd	11	130897857	130903434	7	0.6422
00a9cd7a-f609-4741-a261-79e844901abd	11	130904668	130937549	21	0.3688
00a9cd7a-f609-4741-a261-79e844901abd	11	130938588	130955678	10	-0.2093
00a9cd7a-f609-4741-a261-79e844901abd	11	130957918	131351151	338	0.4607
00a9cd7a-f609-4741-a261-79e844901abd	11	131351224	134272740	1800	0.382
00a9cd7a-f609-4741-a261-79e844901abd	12	780472	2066485	389	-0.1574
00a9cd7a-f609-4741-a261-79e844901abd	12	2066573	5407204	2456	-0.1997
00a9cd7a-f609-4741-a261-79e844901abd	12	5407276	12465583	3635	-0.1527
00a9cd7a-f609-4741-a261-79e844901abd	12	12465756	14156543	1137	-0.0955
00a9cd7a-f609-4741-a261-79e844901abd	12	14161082	17861685	2193	-0.156
00a9cd7a-f609-4741-a261-79e844901abd	12	17863423	18548493	395	0.5567
00a9cd7a-f609-4741-a261-79e844901abd	12	18548544	19641951	605	0.6393
00a9cd7a-f609-4741-a261-79e844901abd	12	19642393	20154797	402	0.5501
00a9cd7a-f609-4741-a261-79e844901abd	12	20164267	20176444	9	0.0037
00a9cd7a-f609-4741-a261-79e844901abd	12	20188524	20415950	142	0.5688
00a9cd7a-f609-4741-a261-79e844901abd	12	20416015	24690644	2788	0.296
00a9cd7a-f609-4741-a261-79e844901abd	12	24693588	30224697	3624	0.243
00a9cd7a-f609-4741-a261-79e844901abd	12	30224713	33368216	1941	0.3
00a9cd7a-f609-4741-a261-79e844901abd	12	38827290	71537579	18820	-0.1304
00a9cd7a-f609-4741-a261-79e844901abd	12	71537794	78675495	4360	-0.1665
00a9cd7a-f609-4741-a261-79e844901abd	12	78676282	80553303	1078	-0.0977
00a9cd7a-f609-4741-a261-79e844901abd	12	80553432	107304298	16779	-0.1525
00a9cd7a-f609-4741-a261-79e844901abd	12	107304704	108162134	493	-0.2244
00a9cd7a-f609-4741-a261-79e844901abd	12	108162577	108407571	223	-0.1725
00a9cd7a-f609-4741-a261-79e844901abd	12	108407700	108408033	6	-1.0847
00a9cd7a-f609-4741-a261-79e844901abd	12	108408171	109805128	750	-0.1556
00a9cd7a-f609-4741-a261-79e844901abd	12	109805239	113117170	1712	-0.1184
00a9cd7a-f609-4741-a261-79e844901abd	12	113121138	114766182	896	-0.1843
00a9cd7a-f609-4741-a261-79e844901abd	12	114768560	126887121	7238	-0.1302
00a9cd7a-f609-4741-a261-79e844901abd	12	126889117	126889193	2	-1.7008
00a9cd7a-f609-4741-a261-79e844901abd	12	126890667	126969651	66	-0.1984
00a9cd7a-f609-4741-a261-79e844901abd	12	126971879	126983603	11	-0.8373
00a9cd7a-f609-4741-a261-79e844901abd	12	126984923	130594291	1275	-0.2161
00a9cd7a-f609-4741-a261-79e844901abd	12	130597548	132605822	882	-0.1641
00a9cd7a-f609-4741-a261-79e844901abd	13	18874255	28272494	5333	-0.7752
00a9cd7a-f609-4741-a261-79e844901abd	13	28276430	31616126	2378	-0.8338
00a9cd7a-f609-4741-a261-79e844901abd	13	31616267	42542560	7347	-0.7759
00a9cd7a-f609-4741-a261-79e844901abd	13	42542995	42545193	3	-2.8615
00a9cd7a-f609-4741-a261-79e844901abd	13	42545201	47883280	3349	-0.7944
00a9cd7a-f609-4741-a261-79e844901abd	13	47886157	47888988	2	-2.5213
00a9cd7a-f609-4741-a261-79e844901abd	13	47891892	49197089	885	-0.757
00a9cd7a-f609-4741-a261-79e844901abd	13	49197848	52835259	1164	0.0799
00a9cd7a-f609-4741-a261-79e844901abd	13	52835339	65338505	6037	-0.7825
00a9cd7a-f609-4741-a261-79e844901abd	13	65343397	72018668	3565	0.2171
00a9cd7a-f609-4741-a261-79e844901abd	13	72019541	72022902	7	-1.1972
00a9cd7a-f609-4741-a261-79e844901abd	13	72023095	73975919	1380	0.3111
00a9cd7a-f609-4741-a261-79e844901abd	13	73978643	73979204	3	-0.61
00a9cd7a-f609-4741-a261-79e844901abd	13	73983066	76362630	1716	0.2909
00a9cd7a-f609-4741-a261-79e844901abd	13	76362973	79039921	1723	0.2211
00a9cd7a-f609-4741-a261-79e844901abd	13	79040059	79043084	2	-1.0893
00a9cd7a-f609-4741-a261-79e844901abd	13	79043551	80971194	1177	0.2754
00a9cd7a-f609-4741-a261-79e844901abd	13	80976314	88589263	4204	0.2158
00a9cd7a-f609-4741-a261-79e844901abd	13	88591020	89487089	453	0.2545
00a9cd7a-f609-4741-a261-79e844901abd	13	89487871	90100901	419	0.2804
00a9cd7a-f609-4741-a261-79e844901abd	13	90101075	91109014	590	0.3069
00a9cd7a-f609-4741-a261-79e844901abd	13	91109494	92049695	599	0.3714
00a9cd7a-f609-4741-a261-79e844901abd	13	92050566	92050713	3	-0.5868
00a9cd7a-f609-4741-a261-79e844901abd	13	92057987	93896041	1295	0.3622
00a9cd7a-f609-4741-a261-79e844901abd	13	93904187	100383041	4067	0.3133
00a9cd7a-f609-4741-a261-79e844901abd	13	100384510	101375369	719	0.2564
00a9cd7a-f609-4741-a261-79e844901abd	13	101375493	105096717	2971	0.2165
00a9cd7a-f609-4741-a261-79e844901abd	13	105100222	108843979	2417	0.2836
00a9cd7a-f609-4741-a261-79e844901abd	13	108844164	109845621	757	0.2189
00a9cd7a-f609-4741-a261-79e844901abd	13	109845834	114226675	2350	0.2964
00a9cd7a-f609-4741-a261-79e844901abd	14	20033191	20289645	146	-0.1066
00a9cd7a-f609-4741-a261-79e844901abd	14	20292714	20292970	2	-1.0123
00a9cd7a-f609-4741-a261-79e844901abd	14	20293351	21379807	641	-0.1228
00a9cd7a-f609-4741-a261-79e844901abd	14	21379982	21635439	120	0.2947
00a9cd7a-f609-4741-a261-79e844901abd	14	21635545	24192500	692	-0.1186
00a9cd7a-f609-4741-a261-79e844901abd	14	24192971	24248179	23	0.8077
00a9cd7a-f609-4741-a261-79e844901abd	14	24252807	24616684	163	-0.1377
00a9cd7a-f609-4741-a261-79e844901abd	14	24625063	24987290	330	1.1096
00a9cd7a-f609-4741-a261-79e844901abd	14	24992027	25470421	292	0.4508
00a9cd7a-f609-4741-a261-79e844901abd	14	25472615	25525546	46	1.102
00a9cd7a-f609-4741-a261-79e844901abd	14	25526028	25526704	2	2.61
00a9cd7a-f609-4741-a261-79e844901abd	14	25527654	26839892	863	1.1342
00a9cd7a-f609-4741-a261-79e844901abd	14	26842619	28214969	631	0.461
00a9cd7a-f609-4741-a261-79e844901abd	14	28217486	28457557	116	-0.1527
00a9cd7a-f609-4741-a261-79e844901abd	14	28457894	28460164	4	-0.996
00a9cd7a-f609-4741-a261-79e844901abd	14	28461106	29209939	430	-0.1293
00a9cd7a-f609-4741-a261-79e844901abd	14	29216742	33596315	2811	0.4674
00a9cd7a-f609-4741-a261-79e844901abd	14	33606003	35862129	1198	1.1528
00a9cd7a-f609-4741-a261-79e844901abd	14	35863337	38421280	1663	1.2285
00a9cd7a-f609-4741-a261-79e844901abd	14	38421808	38462163	29	1.1051
00a9cd7a-f609-4741-a261-79e844901abd	14	38462242	38462354	4	0.185
00a9cd7a-f609-4741-a261-79e844901abd	14	38462461	41816761	1712	1.1641
00a9cd7a-f609-4741-a261-79e844901abd	14	41817250	48264531	2670	0.068
00a9cd7a-f609-4741-a261-79e844901abd	14	48397525	49515711	647	0.1536
00a9cd7a-f609-4741-a261-79e844901abd	14	49519522	50966694	761	0.0966
00a9cd7a-f609-4741-a261-79e844901abd	14	50966709	59159262	5560	0.1524
00a9cd7a-f609-4741-a261-79e844901abd	14	59159667	61857377	1551	0.1013
00a9cd7a-f609-4741-a261-79e844901abd	14	61857583	63477712	1027	0.174
00a9cd7a-f609-4741-a261-79e844901abd	14	63478073	78669591	9278	0.1442
00a9cd7a-f609-4741-a261-79e844901abd	14	78670921	81662909	1944	0.1753
00a9cd7a-f609-4741-a261-79e844901abd	14	81663357	83123817	972	-0.1123
00a9cd7a-f609-4741-a261-79e844901abd	14	83124367	85411103	1467	-0.1809
00a9cd7a-f609-4741-a261-79e844901abd	14	85413361	85985567	419	0.2241
00a9cd7a-f609-4741-a261-79e844901abd	14	86023990	87162633	676	-0.1807
00a9cd7a-f609-4741-a261-79e844901abd	14	87164683	87760584	343	0.2388
00a9cd7a-f609-4741-a261-79e844901abd	14	87766202	92262862	2601	-0.1311
00a9cd7a-f609-4741-a261-79e844901abd	14	92263098	95715922	2479	-0.1825
00a9cd7a-f609-4741-a261-79e844901abd	14	95720422	97467018	1237	-0.1124
00a9cd7a-f609-4741-a261-79e844901abd	14	97467689	98345224	709	-0.1928
00a9cd7a-f609-4741-a261-79e844901abd	14	98345361	102449132	2395	-0.1314
00a9cd7a-f609-4741-a261-79e844901abd	14	102459078	105533894	1126	-0.7785
00a9cd7a-f609-4741-a261-79e844901abd	15	23437561	24073470	457	0.3147
00a9cd7a-f609-4741-a261-79e844901abd	15	24074247	27815189	2225	0.1993
00a9cd7a-f609-4741-a261-79e844901abd	15	27818103	28247049	43	0.7754
00a9cd7a-f609-4741-a261-79e844901abd	15	28250353	30839824	5	0.2149
00a9cd7a-f609-4741-a261-79e844901abd	15	30842699	30994076	88	-0.1846
00a9cd7a-f609-4741-a261-79e844901abd	15	30997195	31613860	445	-0.2761
00a9cd7a-f609-4741-a261-79e844901abd	15	31614371	35561602	1999	-0.1652
00a9cd7a-f609-4741-a261-79e844901abd	15	35562165	44403799	5090	-0.1204
00a9cd7a-f609-4741-a261-79e844901abd	15	44404429	47737978	1902	-0.1506
00a9cd7a-f609-4741-a261-79e844901abd	15	47739033	47741388	2	-2.2027
00a9cd7a-f609-4741-a261-79e844901abd	15	47741828	53453972	3540	-0.1238
00a9cd7a-f609-4741-a261-79e844901abd	15	53454733	57270392	2349	-0.7245
00a9cd7a-f609-4741-a261-79e844901abd	15	57270431	62526469	3913	-0.8014
00a9cd7a-f609-4741-a261-79e844901abd	15	62527385	63219520	555	-0.1606
00a9cd7a-f609-4741-a261-79e844901abd	15	63221555	63335634	58	0.2942
00a9cd7a-f609-4741-a261-79e844901abd	15	63340136	63664498	199	-0.1199
00a9cd7a-f609-4741-a261-79e844901abd	15	63667706	63671909	3	0.4549
00a9cd7a-f609-4741-a261-79e844901abd	15	63673613	63944926	150	-0.1519
00a9cd7a-f609-4741-a261-79e844901abd	15	63945957	65257009	589	-0.763
00a9cd7a-f609-4741-a261-79e844901abd	15	65257688	65282471	8	-2.2864
00a9cd7a-f609-4741-a261-79e844901abd	15	65282683	66692257	829	-0.7475
00a9cd7a-f609-4741-a261-79e844901abd	15	66692582	67190030	399	-0.8818
00a9cd7a-f609-4741-a261-79e844901abd	15	67190059	67363957	94	-0.748
00a9cd7a-f609-4741-a261-79e844901abd	15	67370191	73180141	3535	-0.1369
00a9cd7a-f609-4741-a261-79e844901abd	15	73180464	83000399	5319	-0.1703
00a9cd7a-f609-4741-a261-79e844901abd	15	83000790	85064439	866	-0.1278
00a9cd7a-f609-4741-a261-79e844901abd	15	85065887	85092876	19	-0.7496
00a9cd7a-f609-4741-a261-79e844901abd	15	85096207	93854848	5423	-0.1356
00a9cd7a-f609-4741-a261-79e844901abd	15	93854999	95669644	1225	-0.1879
00a9cd7a-f609-4741-a261-79e844901abd	15	95673897	97558936	1286	-0.1367
00a9cd7a-f609-4741-a261-79e844901abd	15	97559319	99835668	1539	-0.2263
00a9cd7a-f609-4741-a261-79e844901abd	15	99836319	101344124	608	-0.3066
00a9cd7a-f609-4741-a261-79e844901abd	16	603333	4941344	1603	-0.1312
00a9cd7a-f609-4741-a261-79e844901abd	16	4943723	5891963	677	-0.0634
00a9cd7a-f609-4741-a261-79e844901abd	16	5892215	13553882	5227	-0.1226
00a9cd7a-f609-4741-a261-79e844901abd	16	13554443	13828770	282	-0.0273
00a9cd7a-f609-4741-a261-79e844901abd	16	13829163	20435333	1422	-0.1374
00a9cd7a-f609-4741-a261-79e844901abd	16	20435600	20436358	3	0.792
00a9cd7a-f609-4741-a261-79e844901abd	16	20438340	23607165	924	-0.1115
00a9cd7a-f609-4741-a261-79e844901abd	16	23610245	27317898	2631	-0.1737
00a9cd7a-f609-4741-a261-79e844901abd	16	27341867	27354147	20	-0.9578
00a9cd7a-f609-4741-a261-79e844901abd	16	27355905	31841585	1251	-0.1659
00a9cd7a-f609-4741-a261-79e844901abd	16	46470502	48838081	1059	-0.7091
00a9cd7a-f609-4741-a261-79e844901abd	16	48838167	49666343	695	-0.8229
00a9cd7a-f609-4741-a261-79e844901abd	16	49668808	49670718	2	-2.6042
00a9cd7a-f609-4741-a261-79e844901abd	16	49670845	53034556	2381	-0.7973
00a9cd7a-f609-4741-a261-79e844901abd	16	53035647	53778922	521	-0.6748
00a9cd7a-f609-4741-a261-79e844901abd	16	53782363	55483320	1387	-0.7987
00a9cd7a-f609-4741-a261-79e844901abd	16	55484965	55487813	3	-2.8558
00a9cd7a-f609-4741-a261-79e844901abd	16	55489793	58475247	1813	-0.8101
00a9cd7a-f609-4741-a261-79e844901abd	16	58476130	60220884	1103	-0.1434
00a9cd7a-f609-4741-a261-79e844901abd	16	60221038	62033222	1085	-0.8278
00a9cd7a-f609-4741-a261-79e844901abd	16	62034069	78510145	9781	-0.7531
00a9cd7a-f609-4741-a261-79e844901abd	16	78510527	89317317	7262	-0.856
00a9cd7a-f609-4741-a261-79e844901abd	17	1074619	2170308	368	-0.1388
00a9cd7a-f609-4741-a261-79e844901abd	17	2170553	2528316	252	0.2289
00a9cd7a-f609-4741-a261-79e844901abd	17	2529006	2530256	2	-0.7405
00a9cd7a-f609-4741-a261-79e844901abd	17	2540333	5579873	1361	0.2505
00a9cd7a-f609-4741-a261-79e844901abd	17	5590688	5672243	71	0.5157
00a9cd7a-f609-4741-a261-79e844901abd	17	5675164	7700029	1156	0.2401
00a9cd7a-f609-4741-a261-79e844901abd	17	7700626	7953058	102	0.5704
00a9cd7a-f609-4741-a261-79e844901abd	17	7953120	10798140	1743	0.2176
00a9cd7a-f609-4741-a261-79e844901abd	17	10803218	18954744	3882	-0.1692
00a9cd7a-f609-4741-a261-79e844901abd	17	18955688	19528431	153	-0.4993
00a9cd7a-f609-4741-a261-79e844901abd	17	19537907	19796971	151	0.1932
00a9cd7a-f609-4741-a261-79e844901abd	17	19798035	20420322	180	-0.4212
00a9cd7a-f609-4741-a261-79e844901abd	17	20426761	21102632	195	0.0146
00a9cd7a-f609-4741-a261-79e844901abd	17	21109210	21774057	122	-0.5118
00a9cd7a-f609-4741-a261-79e844901abd	17	26943491	32795176	2600	0.2442
00a9cd7a-f609-4741-a261-79e844901abd	17	32796059	33028126	149	0.6032
00a9cd7a-f609-4741-a261-79e844901abd	17	33034989	33496090	490	0.2863
00a9cd7a-f609-4741-a261-79e844901abd	17	33498098	36644860	1000	0.2198
00a9cd7a-f609-4741-a261-79e844901abd	17	36644881	44706392	3726	-0.1466
00a9cd7a-f609-4741-a261-79e844901abd	17	44718126	44718569	2	-2.2543
00a9cd7a-f609-4741-a261-79e844901abd	17	44720147	70074066	13240	-0.146
00a9cd7a-f609-4741-a261-79e844901abd	17	70077509	73769196	2858	-0.2354
00a9cd7a-f609-4741-a261-79e844901abd	17	73769275	75963776	566	-0.1638
00a9cd7a-f609-4741-a261-79e844901abd	17	75970781	76071071	42	0.2429
00a9cd7a-f609-4741-a261-79e844901abd	17	76086322	82959812	2867	-0.181
00a9cd7a-f609-4741-a261-79e844901abd	18	326691	9959638	5524	0.3111
00a9cd7a-f609-4741-a261-79e844901abd	18	9959885	10805108	687	0.2419
00a9cd7a-f609-4741-a261-79e844901abd	18	10806869	11107945	221	0.2935
00a9cd7a-f609-4741-a261-79e844901abd	18	11109185	11445964	220	0.1824
00a9cd7a-f609-4741-a261-79e844901abd	18	11445967	11446202	2	-1.4028
00a9cd7a-f609-4741-a261-79e844901abd	18	11446246	21128631	1617	0.1545
00a9cd7a-f609-4741-a261-79e844901abd	18	21131323	25455960	2504	0.3105
00a9cd7a-f609-4741-a261-79e844901abd	18	25457361	25458803	3	-1.6456
00a9cd7a-f609-4741-a261-79e844901abd	18	25459513	26737159	821	0.2493
00a9cd7a-f609-4741-a261-79e844901abd	18	26737873	27233977	360	0.5588
00a9cd7a-f609-4741-a261-79e844901abd	18	27239606	27705297	280	0.2744
00a9cd7a-f609-4741-a261-79e844901abd	18	27705864	29382730	944	0.508
00a9cd7a-f609-4741-a261-79e844901abd	18	29387431	29823729	278	0.6454
00a9cd7a-f609-4741-a261-79e844901abd	18	29832313	30310115	253	-0.3806
00a9cd7a-f609-4741-a261-79e844901abd	18	30310355	30311379	3	-1.814
00a9cd7a-f609-4741-a261-79e844901abd	18	30315559	34363894	2540	-0.3709
00a9cd7a-f609-4741-a261-79e844901abd	18	34365544	47449449	7874	-0.414
00a9cd7a-f609-4741-a261-79e844901abd	18	47452276	51775940	3191	-0.3536
00a9cd7a-f609-4741-a261-79e844901abd	18	51776216	57243937	3399	-0.3927
00a9cd7a-f609-4741-a261-79e844901abd	18	57244839	61130427	2556	-0.3428
00a9cd7a-f609-4741-a261-79e844901abd	18	61130723	61710639	444	-0.4295
00a9cd7a-f609-4741-a261-79e844901abd	18	61724064	61724307	3	-1.915
00a9cd7a-f609-4741-a261-79e844901abd	18	61726757	74384828	5910	-0.4175
00a9cd7a-f609-4741-a261-79e844901abd	18	74385175	78545352	2879	-0.4749
00a9cd7a-f609-4741-a261-79e844901abd	18	78549238	79349796	427	-0.4252
00a9cd7a-f609-4741-a261-79e844901abd	19	283868	9881532	3286	-0.1505
00a9cd7a-f609-4741-a261-79e844901abd	19	9883703	10228000	156	0.7492
00a9cd7a-f609-4741-a261-79e844901abd	19	10244839	15026198	2062	-0.1218
00a9cd7a-f609-4741-a261-79e844901abd	19	15026504	23093279	3094	-0.1695
00a9cd7a-f609-4741-a261-79e844901abd	19	23094893	23818882	412	-0.1114
00a9cd7a-f609-4741-a261-79e844901abd	19	23820037	31671851	3007	-0.2103
00a9cd7a-f609-4741-a261-79e844901abd	19	31671969	50630337	8791	-0.1357
00a9cd7a-f609-4741-a261-79e844901abd	19	50632200	58370362	3340	0.265
00a9cd7a-f609-4741-a261-79e844901abd	20	472817	560945	55	-0.0995
00a9cd7a-f609-4741-a261-79e844901abd	20	561738	2879888	1595	0.2723
00a9cd7a-f609-4741-a261-79e844901abd	20	2880389	20313429	11800	0.3288
00a9cd7a-f609-4741-a261-79e844901abd	20	20314483	23951201	2367	0.2579
00a9cd7a-f609-4741-a261-79e844901abd	20	23952548	26217295	1139	0.328
00a9cd7a-f609-4741-a261-79e844901abd	20	31247668	32143764	420	0.7566
00a9cd7a-f609-4741-a261-79e844901abd	20	32146824	33108225	519	0.2323
00a9cd7a-f609-4741-a261-79e844901abd	20	33113527	33902088	391	0.098
00a9cd7a-f609-4741-a261-79e844901abd	20	33902408	37510570	1700	0.1835
00a9cd7a-f609-4741-a261-79e844901abd	20	37511248	38196062	448	0.0993
00a9cd7a-f609-4741-a261-79e844901abd	20	38201731	42254320	2778	0.1785
00a9cd7a-f609-4741-a261-79e844901abd	20	42255989	42256036	2	-2.1757
00a9cd7a-f609-4741-a261-79e844901abd	20	42257208	49493598	4830	0.1817
00a9cd7a-f609-4741-a261-79e844901abd	20	49500145	53046949	2207	0.2419
00a9cd7a-f609-4741-a261-79e844901abd	20	53049440	53050295	2	-0.8345
00a9cd7a-f609-4741-a261-79e844901abd	20	53052873	55105291	1537	0.2342
00a9cd7a-f609-4741-a261-79e844901abd	20	55107797	62128666	5242	0.1778
00a9cd7a-f609-4741-a261-79e844901abd	20	62129129	62256244	65	0.2871
00a9cd7a-f609-4741-a261-79e844901abd	20	62256558	63588502	455	0.7941
00a9cd7a-f609-4741-a261-79e844901abd	21	13974127	14593458	385	0.4867
00a9cd7a-f609-4741-a261-79e844901abd	21	14593501	15954577	811	0.3995
00a9cd7a-f609-4741-a261-79e844901abd	21	15954685	19485445	2311	0.4671
00a9cd7a-f609-4741-a261-79e844901abd	21	19485656	33502202	9054	0.3519
00a9cd7a-f609-4741-a261-79e844901abd	21	33508992	33542841	20	1.0919
00a9cd7a-f609-4741-a261-79e844901abd	21	33545744	35018644	897	0.3566
00a9cd7a-f609-4741-a261-79e844901abd	21	35022335	46262057	7114	0.4104
00a9cd7a-f609-4741-a261-79e844901abd	22	16934932	26474283	2539	0.7596
00a9cd7a-f609-4741-a261-79e844901abd	22	26474536	27604602	1183	0.7042
00a9cd7a-f609-4741-a261-79e844901abd	22	27605656	27610791	4	-0.6642
00a9cd7a-f609-4741-a261-79e844901abd	22	27615085	28902872	703	0.7602
00a9cd7a-f609-4741-a261-79e844901abd	22	28908212	28985164	55	-0.7492
00a9cd7a-f609-4741-a261-79e844901abd	22	28986829	36469597	4980	-0.1654
00a9cd7a-f609-4741-a261-79e844901abd	22	36471393	36476703	6	-0.8197
00a9cd7a-f609-4741-a261-79e844901abd	22	36481192	47861168	6652	-0.1579
00a9cd7a-f609-4741-a261-79e844901abd	22	47861547	48940621	967	-0.2326
00a9cd7a-f609-4741-a261-79e844901abd	X	3236359	25816696	9653	0.0315
00a9cd7a-f609-4741-a261-79e844901abd	X	25817631	40587674	7187	-0.0363
00a9cd7a-f609-4741-a261-79e844901abd	X	40588145	79330753	12840	0.0341
00a9cd7a-f609-4741-a261-79e844901abd	X	79333207	79402660	58	-2.0347
00a9cd7a-f609-4741-a261-79e844901abd	X	79406899	99150265	8048	-0.05
00a9cd7a-f609-4741-a261-79e844901abd	X	99151105	137042559	17434	0.027
00a9cd7a-f609-4741-a261-79e844901abd	X	137043411	137043862	2	-2.5316
00a9cd7a-f609-4741-a261-79e844901abd	X	137044953	137381533	206	0.0808
00a9cd7a-f609-4741-a261-79e844901abd	X	137391262	142322869	1972	-0.0805
00a9cd7a-f609-4741-a261-79e844901abd	X	142325209	142710693	290	0.6594
00a9cd7a-f609-4741-a261-79e844901abd	X	142713107	146603510	2238	-0.0933
00a9cd7a-f609-4741-a261-79e844901abd	X	146603729	155677414	3650	0.0072
