GDC_Aliquot	Chromosome	Start	End	Num_Probes	Segment_Mean
dff30a92-8ee8-4c61-a8f2-04a7437a945e	1	3301765	53614176	26879	0.0365
dff30a92-8ee8-4c61-a8f2-04a7437a945e	1	53614291	117214741	39639	0.0736
dff30a92-8ee8-4c61-a8f2-04a7437a945e	1	117214905	182695675	22043	0.057
dff30a92-8ee8-4c61-a8f2-04a7437a945e	1	182695755	199137632	9706	0.0804
dff30a92-8ee8-4c61-a8f2-04a7437a945e	1	199138096	236259198	24184	0.0579
dff30a92-8ee8-4c61-a8f2-04a7437a945e	1	236259762	247650984	7308	0.0755
dff30a92-8ee8-4c61-a8f2-04a7437a945e	2	480597	119716687	63411	0.0554
dff30a92-8ee8-4c61-a8f2-04a7437a945e	2	119717031	119724011	2	-1.834
dff30a92-8ee8-4c61-a8f2-04a7437a945e	2	119724403	141476596	10886	0.0564
dff30a92-8ee8-4c61-a8f2-04a7437a945e	2	141477512	187365744	26596	0.0711
dff30a92-8ee8-4c61-a8f2-04a7437a945e	2	187367266	187373679	5	-0.9154
dff30a92-8ee8-4c61-a8f2-04a7437a945e	2	187377226	215930368	15629	0.0699
dff30a92-8ee8-4c61-a8f2-04a7437a945e	2	215930568	219881766	2428	0.0364
dff30a92-8ee8-4c61-a8f2-04a7437a945e	2	219882757	229503591	6322	0.0667
dff30a92-8ee8-4c61-a8f2-04a7437a945e	2	229503690	241537572	6921	0.0382
dff30a92-8ee8-4c61-a8f2-04a7437a945e	3	2170634	16793447	9080	0.0604
dff30a92-8ee8-4c61-a8f2-04a7437a945e	3	16796606	33993980	9989	0.0806
dff30a92-8ee8-4c61-a8f2-04a7437a945e	3	33994948	61762063	15034	0.0602
dff30a92-8ee8-4c61-a8f2-04a7437a945e	3	61762959	62188858	371	-0.445
dff30a92-8ee8-4c61-a8f2-04a7437a945e	3	62189079	197812401	72704	0.073
dff30a92-8ee8-4c61-a8f2-04a7437a945e	4	1059384	10544928	5006	0.0446
dff30a92-8ee8-4c61-a8f2-04a7437a945e	4	10545154	145858744	75775	0.0782
dff30a92-8ee8-4c61-a8f2-04a7437a945e	4	145859580	145878289	15	-1.2024
dff30a92-8ee8-4c61-a8f2-04a7437a945e	4	145879428	180603978	19444	0.0819
dff30a92-8ee8-4c61-a8f2-04a7437a945e	4	180604429	181206324	46	-0.3872
dff30a92-8ee8-4c61-a8f2-04a7437a945e	4	181206947	181373744	148	-0.8694
dff30a92-8ee8-4c61-a8f2-04a7437a945e	4	181374121	181561820	146	-1.6275
dff30a92-8ee8-4c61-a8f2-04a7437a945e	4	181565884	181631890	10	-1.215
dff30a92-8ee8-4c61-a8f2-04a7437a945e	4	181635401	181675887	46	-0.631
dff30a92-8ee8-4c61-a8f2-04a7437a945e	4	181676786	181743596	81	-0.3723
dff30a92-8ee8-4c61-a8f2-04a7437a945e	4	181744273	187842528	2763	0.0698
dff30a92-8ee8-4c61-a8f2-04a7437a945e	5	913983	993728	34	0.6633
dff30a92-8ee8-4c61-a8f2-04a7437a945e	5	995155	1021104	17	-1.0621
dff30a92-8ee8-4c61-a8f2-04a7437a945e	5	1287276	1315228	16	0.5504
dff30a92-8ee8-4c61-a8f2-04a7437a945e	5	1321758	2354617	410	-1.047
dff30a92-8ee8-4c61-a8f2-04a7437a945e	5	2355764	2466683	115	0.6345
dff30a92-8ee8-4c61-a8f2-04a7437a945e	5	2468144	2545294	65	-1.0773
dff30a92-8ee8-4c61-a8f2-04a7437a945e	5	2548330	2608755	68	0.637
dff30a92-8ee8-4c61-a8f2-04a7437a945e	5	2609236	2816290	204	1.2941
dff30a92-8ee8-4c61-a8f2-04a7437a945e	5	2816872	2825635	5	0.6298
dff30a92-8ee8-4c61-a8f2-04a7437a945e	5	2827506	2953674	92	1.2646
dff30a92-8ee8-4c61-a8f2-04a7437a945e	5	2955634	3648189	623	0.6296
dff30a92-8ee8-4c61-a8f2-04a7437a945e	5	3648935	4628466	723	-1.0119
dff30a92-8ee8-4c61-a8f2-04a7437a945e	5	4629702	5196331	505	0.6483
dff30a92-8ee8-4c61-a8f2-04a7437a945e	5	5196633	5234106	45	1.3811
dff30a92-8ee8-4c61-a8f2-04a7437a945e	5	5235902	5238321	7	0.5871
dff30a92-8ee8-4c61-a8f2-04a7437a945e	5	5238700	5390811	149	1.2638
dff30a92-8ee8-4c61-a8f2-04a7437a945e	5	5390879	5441850	45	0.6408
dff30a92-8ee8-4c61-a8f2-04a7437a945e	5	5444552	5498891	36	1.0977
dff30a92-8ee8-4c61-a8f2-04a7437a945e	5	5506647	5719374	167	0.607
dff30a92-8ee8-4c61-a8f2-04a7437a945e	5	5722059	5728950	7	-0.9
dff30a92-8ee8-4c61-a8f2-04a7437a945e	5	5732033	5736528	4	0.3333
dff30a92-8ee8-4c61-a8f2-04a7437a945e	5	5745075	5778740	34	-0.9464
dff30a92-8ee8-4c61-a8f2-04a7437a945e	5	5779117	5958142	164	0.0807
dff30a92-8ee8-4c61-a8f2-04a7437a945e	5	5961018	6508759	458	-1.0159
dff30a92-8ee8-4c61-a8f2-04a7437a945e	5	6509639	6585361	68	0.6606
dff30a92-8ee8-4c61-a8f2-04a7437a945e	5	6594049	6658372	69	1.3187
dff30a92-8ee8-4c61-a8f2-04a7437a945e	5	6660568	6687444	24	0.6043
dff30a92-8ee8-4c61-a8f2-04a7437a945e	5	6690135	6834468	114	1.2257
dff30a92-8ee8-4c61-a8f2-04a7437a945e	5	6835786	6945985	128	0.6174
dff30a92-8ee8-4c61-a8f2-04a7437a945e	5	6946991	7067555	77	-0.9456
dff30a92-8ee8-4c61-a8f2-04a7437a945e	5	7070517	7168841	88	0.6134
dff30a92-8ee8-4c61-a8f2-04a7437a945e	5	7204503	7230289	19	-1.044
dff30a92-8ee8-4c61-a8f2-04a7437a945e	5	7255871	7267836	9	0.2341
dff30a92-8ee8-4c61-a8f2-04a7437a945e	5	7272975	7281087	10	-0.942
dff30a92-8ee8-4c61-a8f2-04a7437a945e	5	7285718	7302780	4	-0.0848
dff30a92-8ee8-4c61-a8f2-04a7437a945e	5	7303763	7327059	15	-0.9452
dff30a92-8ee8-4c61-a8f2-04a7437a945e	5	7328063	7341804	17	0.6825
dff30a92-8ee8-4c61-a8f2-04a7437a945e	5	7345734	7409916	38	-0.9744
dff30a92-8ee8-4c61-a8f2-04a7437a945e	5	7473941	7581122	99	1.2833
dff30a92-8ee8-4c61-a8f2-04a7437a945e	5	7582195	7675785	58	0.6604
dff30a92-8ee8-4c61-a8f2-04a7437a945e	5	7678180	7712697	33	1.3404
dff30a92-8ee8-4c61-a8f2-04a7437a945e	5	7714889	7752305	26	0.6843
dff30a92-8ee8-4c61-a8f2-04a7437a945e	5	7752658	7756623	4	-1.1911
dff30a92-8ee8-4c61-a8f2-04a7437a945e	5	7757754	7758955	3	0.1254
dff30a92-8ee8-4c61-a8f2-04a7437a945e	5	7762048	7804297	25	0.9743
dff30a92-8ee8-4c61-a8f2-04a7437a945e	5	7804391	7933858	102	1.3309
dff30a92-8ee8-4c61-a8f2-04a7437a945e	5	7938169	8080936	137	0.7021
dff30a92-8ee8-4c61-a8f2-04a7437a945e	5	8096321	8109306	13	1.5926
dff30a92-8ee8-4c61-a8f2-04a7437a945e	5	8123381	8153472	35	0.7079
dff30a92-8ee8-4c61-a8f2-04a7437a945e	5	8155141	8309770	120	0.6434
dff30a92-8ee8-4c61-a8f2-04a7437a945e	5	8312995	8351680	33	-1.0576
dff30a92-8ee8-4c61-a8f2-04a7437a945e	5	8358386	8440791	48	0.6917
dff30a92-8ee8-4c61-a8f2-04a7437a945e	5	8442527	8444778	5	-0.8449
dff30a92-8ee8-4c61-a8f2-04a7437a945e	5	8444854	8459420	23	0.6372
dff30a92-8ee8-4c61-a8f2-04a7437a945e	5	8462465	8701808	209	0.0671
dff30a92-8ee8-4c61-a8f2-04a7437a945e	5	8749664	8909601	132	1.019
dff30a92-8ee8-4c61-a8f2-04a7437a945e	5	8911027	9074616	126	0.0327
dff30a92-8ee8-4c61-a8f2-04a7437a945e	5	9076987	9088053	11	0.7128
dff30a92-8ee8-4c61-a8f2-04a7437a945e	5	9090238	9294956	202	1.3007
dff30a92-8ee8-4c61-a8f2-04a7437a945e	5	9294966	9295264	2	0.6676
dff30a92-8ee8-4c61-a8f2-04a7437a945e	5	9298005	9308450	10	-1.0254
dff30a92-8ee8-4c61-a8f2-04a7437a945e	5	9310104	9406978	36	0.7008
dff30a92-8ee8-4c61-a8f2-04a7437a945e	5	9410906	9607436	176	-1.0018
dff30a92-8ee8-4c61-a8f2-04a7437a945e	5	9607960	9608240	2	-6.6001
dff30a92-8ee8-4c61-a8f2-04a7437a945e	5	9608791	9877498	223	-1.0295
dff30a92-8ee8-4c61-a8f2-04a7437a945e	5	9883040	9962533	42	0.6137
dff30a92-8ee8-4c61-a8f2-04a7437a945e	5	9964193	10025939	61	-1.0186
dff30a92-8ee8-4c61-a8f2-04a7437a945e	5	10031030	10403885	287	0.6389
dff30a92-8ee8-4c61-a8f2-04a7437a945e	5	10406303	10448135	26	1.3406
dff30a92-8ee8-4c61-a8f2-04a7437a945e	5	10449830	10525504	66	0.6528
dff30a92-8ee8-4c61-a8f2-04a7437a945e	5	10532403	10704510	131	-1.0777
dff30a92-8ee8-4c61-a8f2-04a7437a945e	5	10959194	11154335	166	0.6562
dff30a92-8ee8-4c61-a8f2-04a7437a945e	5	11156700	11299931	123	-0.9839
dff30a92-8ee8-4c61-a8f2-04a7437a945e	5	11302397	11608418	249	0.6901
dff30a92-8ee8-4c61-a8f2-04a7437a945e	5	11610008	12035881	281	-1.0434
dff30a92-8ee8-4c61-a8f2-04a7437a945e	5	12041508	12468135	222	0.6434
dff30a92-8ee8-4c61-a8f2-04a7437a945e	5	12478690	12550899	46	1.3838
dff30a92-8ee8-4c61-a8f2-04a7437a945e	5	12552940	12595871	23	0.6749
dff30a92-8ee8-4c61-a8f2-04a7437a945e	5	12596107	12608223	9	1.2969
dff30a92-8ee8-4c61-a8f2-04a7437a945e	5	12616193	13191226	61	0.6709
dff30a92-8ee8-4c61-a8f2-04a7437a945e	5	13199963	13427188	152	-0.9776
dff30a92-8ee8-4c61-a8f2-04a7437a945e	5	13432789	13799272	281	0.6275
dff30a92-8ee8-4c61-a8f2-04a7437a945e	5	13799645	13814986	5	-0.7868
dff30a92-8ee8-4c61-a8f2-04a7437a945e	5	13821642	13867742	52	0.6365
dff30a92-8ee8-4c61-a8f2-04a7437a945e	5	13868144	13922286	46	-1.1164
dff30a92-8ee8-4c61-a8f2-04a7437a945e	5	13924189	13944383	23	0.6646
dff30a92-8ee8-4c61-a8f2-04a7437a945e	5	13950175	13972146	13	0.9662
dff30a92-8ee8-4c61-a8f2-04a7437a945e	5	13975021	13999573	24	0.599
dff30a92-8ee8-4c61-a8f2-04a7437a945e	5	14000943	14009305	9	0.2401
dff30a92-8ee8-4c61-a8f2-04a7437a945e	5	14012136	14111152	86	1.034
dff30a92-8ee8-4c61-a8f2-04a7437a945e	5	14112334	14630049	481	0.6416
dff30a92-8ee8-4c61-a8f2-04a7437a945e	5	14637163	14638942	5	-0.832
dff30a92-8ee8-4c61-a8f2-04a7437a945e	5	14639949	14700155	40	0.6134
dff30a92-8ee8-4c61-a8f2-04a7437a945e	5	14705556	14786955	61	1.0176
dff30a92-8ee8-4c61-a8f2-04a7437a945e	5	14794632	15118690	201	0.0781
dff30a92-8ee8-4c61-a8f2-04a7437a945e	5	15120198	15310015	82	1.0173
dff30a92-8ee8-4c61-a8f2-04a7437a945e	5	15312913	15331173	18	0.5706
dff30a92-8ee8-4c61-a8f2-04a7437a945e	5	15331195	15332471	6	0.0714
dff30a92-8ee8-4c61-a8f2-04a7437a945e	5	15332592	15361869	21	0.6393
dff30a92-8ee8-4c61-a8f2-04a7437a945e	5	16048599	16084081	22	1.0522
dff30a92-8ee8-4c61-a8f2-04a7437a945e	5	16086561	16302073	152	0.6573
dff30a92-8ee8-4c61-a8f2-04a7437a945e	5	16304822	16309150	8	0.1186
dff30a92-8ee8-4c61-a8f2-04a7437a945e	5	16312376	16411398	70	0.7016
dff30a92-8ee8-4c61-a8f2-04a7437a945e	5	16411701	16449179	22	0.1409
dff30a92-8ee8-4c61-a8f2-04a7437a945e	5	16451322	16464416	10	-0.1723
dff30a92-8ee8-4c61-a8f2-04a7437a945e	5	16464487	16471296	8	-1.1419
dff30a92-8ee8-4c61-a8f2-04a7437a945e	5	16472426	16500772	20	-0.0179
dff30a92-8ee8-4c61-a8f2-04a7437a945e	5	16501896	16545351	37	-1.0214
dff30a92-8ee8-4c61-a8f2-04a7437a945e	5	16546219	16587456	40	0.6161
dff30a92-8ee8-4c61-a8f2-04a7437a945e	5	16588645	17108538	301	1.2764
dff30a92-8ee8-4c61-a8f2-04a7437a945e	5	17123337	17148085	18	0.5803
dff30a92-8ee8-4c61-a8f2-04a7437a945e	5	17151596	17186061	32	1.2366
dff30a92-8ee8-4c61-a8f2-04a7437a945e	5	17189487	17196844	18	1.6104
dff30a92-8ee8-4c61-a8f2-04a7437a945e	5	17199965	17229635	21	1.2961
dff30a92-8ee8-4c61-a8f2-04a7437a945e	5	17232699	17398746	89	1.0563
dff30a92-8ee8-4c61-a8f2-04a7437a945e	5	17409449	17805789	106	0.0805
dff30a92-8ee8-4c61-a8f2-04a7437a945e	5	17810843	18395399	360	1.0635
dff30a92-8ee8-4c61-a8f2-04a7437a945e	5	18397356	18557364	82	0.0227
dff30a92-8ee8-4c61-a8f2-04a7437a945e	5	18558599	18568343	10	1.0964
dff30a92-8ee8-4c61-a8f2-04a7437a945e	5	18572437	18581977	7	0.1298
dff30a92-8ee8-4c61-a8f2-04a7437a945e	5	18583177	18767486	114	1.0781
dff30a92-8ee8-4c61-a8f2-04a7437a945e	5	18777092	19028209	68	0.0693
dff30a92-8ee8-4c61-a8f2-04a7437a945e	5	19029411	19060294	21	1.0808
dff30a92-8ee8-4c61-a8f2-04a7437a945e	5	19061569	19064592	6	0.1189
dff30a92-8ee8-4c61-a8f2-04a7437a945e	5	19076508	19149293	46	1.0471
dff30a92-8ee8-4c61-a8f2-04a7437a945e	5	19151424	19155021	8	0.043
dff30a92-8ee8-4c61-a8f2-04a7437a945e	5	19156899	19490790	187	1.0822
dff30a92-8ee8-4c61-a8f2-04a7437a945e	5	19493575	19763432	151	0.0762
dff30a92-8ee8-4c61-a8f2-04a7437a945e	5	19777348	19799135	15	1.1091
dff30a92-8ee8-4c61-a8f2-04a7437a945e	5	19799743	20003036	129	0.0467
dff30a92-8ee8-4c61-a8f2-04a7437a945e	5	20008279	20386560	187	-0.9201
dff30a92-8ee8-4c61-a8f2-04a7437a945e	5	20566972	20676092	76	0.6957
dff30a92-8ee8-4c61-a8f2-04a7437a945e	5	20771724	21123081	148	-0.9297
dff30a92-8ee8-4c61-a8f2-04a7437a945e	5	21129938	21168249	27	0.6925
dff30a92-8ee8-4c61-a8f2-04a7437a945e	5	21173512	21268868	73	-1.0157
dff30a92-8ee8-4c61-a8f2-04a7437a945e	5	21270524	21391680	48	-0.4279
dff30a92-8ee8-4c61-a8f2-04a7437a945e	5	21392226	23451670	1047	-0.9647
dff30a92-8ee8-4c61-a8f2-04a7437a945e	5	23452815	23457654	5	0.1707
dff30a92-8ee8-4c61-a8f2-04a7437a945e	5	23460535	23486170	19	0.977
dff30a92-8ee8-4c61-a8f2-04a7437a945e	5	23492211	23608080	63	1.3809
dff30a92-8ee8-4c61-a8f2-04a7437a945e	5	23610417	23888977	193	0.6962
dff30a92-8ee8-4c61-a8f2-04a7437a945e	5	23891886	25384764	672	0.0721
dff30a92-8ee8-4c61-a8f2-04a7437a945e	5	25385351	26180773	489	0.6546
dff30a92-8ee8-4c61-a8f2-04a7437a945e	5	26183586	35325453	5163	0.0652
dff30a92-8ee8-4c61-a8f2-04a7437a945e	5	35326340	35395143	50	0.646
dff30a92-8ee8-4c61-a8f2-04a7437a945e	5	35396070	35577794	128	0.1119
dff30a92-8ee8-4c61-a8f2-04a7437a945e	5	35580784	35758631	94	0.6612
dff30a92-8ee8-4c61-a8f2-04a7437a945e	5	35759676	35814372	50	1.0209
dff30a92-8ee8-4c61-a8f2-04a7437a945e	5	35816932	35819045	6	0.0682
dff30a92-8ee8-4c61-a8f2-04a7437a945e	5	35821645	36609405	592	1.0359
dff30a92-8ee8-4c61-a8f2-04a7437a945e	5	36609488	41878882	3221	0.6608
dff30a92-8ee8-4c61-a8f2-04a7437a945e	5	41879764	43855201	954	-0.9297
dff30a92-8ee8-4c61-a8f2-04a7437a945e	5	43855385	43860844	2	-2.7715
dff30a92-8ee8-4c61-a8f2-04a7437a945e	5	43860852	45378354	643	-0.8977
dff30a92-8ee8-4c61-a8f2-04a7437a945e	5	45383300	112838229	33645	0.0704
dff30a92-8ee8-4c61-a8f2-04a7437a945e	5	112841971	112874718	27	-1.5342
dff30a92-8ee8-4c61-a8f2-04a7437a945e	5	112875339	171737164	36437	0.0598
dff30a92-8ee8-4c61-a8f2-04a7437a945e	5	171737264	180934240	4882	0.0333
dff30a92-8ee8-4c61-a8f2-04a7437a945e	6	1011760	10878138	6997	0.6516
dff30a92-8ee8-4c61-a8f2-04a7437a945e	6	10878654	10879323	2	1.9879
dff30a92-8ee8-4c61-a8f2-04a7437a945e	6	10879939	18224670	5118	0.6462
dff30a92-8ee8-4c61-a8f2-04a7437a945e	6	18224729	18257850	52	0.4146
dff30a92-8ee8-4c61-a8f2-04a7437a945e	6	18257953	30056091	6793	0.6575
dff30a92-8ee8-4c61-a8f2-04a7437a945e	6	30056900	44559231	7514	0.6137
dff30a92-8ee8-4c61-a8f2-04a7437a945e	6	44559365	55936220	6938	0.6588
dff30a92-8ee8-4c61-a8f2-04a7437a945e	6	55941169	56394397	280	0.071
dff30a92-8ee8-4c61-a8f2-04a7437a945e	6	56396961	57347009	457	0.672
dff30a92-8ee8-4c61-a8f2-04a7437a945e	6	61527062	61890750	116	0.0637
dff30a92-8ee8-4c61-a8f2-04a7437a945e	6	61890924	62000737	67	0.6955
dff30a92-8ee8-4c61-a8f2-04a7437a945e	6	62015647	62212518	92	1.4094
dff30a92-8ee8-4c61-a8f2-04a7437a945e	6	62212569	62650691	198	0.6598
dff30a92-8ee8-4c61-a8f2-04a7437a945e	6	62653962	62917324	111	-1.0347
dff30a92-8ee8-4c61-a8f2-04a7437a945e	6	62921906	63745426	430	0.0562
dff30a92-8ee8-4c61-a8f2-04a7437a945e	6	63751448	63779600	10	-0.9868
dff30a92-8ee8-4c61-a8f2-04a7437a945e	6	63786375	64427201	312	0.0485
dff30a92-8ee8-4c61-a8f2-04a7437a945e	6	64430332	64963211	313	-0.9717
dff30a92-8ee8-4c61-a8f2-04a7437a945e	6	64966663	65112412	73	0.0743
dff30a92-8ee8-4c61-a8f2-04a7437a945e	6	65213064	65480283	164	-0.8947
dff30a92-8ee8-4c61-a8f2-04a7437a945e	6	65482660	65566563	48	0.0502
dff30a92-8ee8-4c61-a8f2-04a7437a945e	6	65567523	65940669	237	1.3739
dff30a92-8ee8-4c61-a8f2-04a7437a945e	6	65941334	66848647	529	1.0926
dff30a92-8ee8-4c61-a8f2-04a7437a945e	6	66849122	68229777	842	0.0888
dff30a92-8ee8-4c61-a8f2-04a7437a945e	6	68233690	68550210	170	0.6457
dff30a92-8ee8-4c61-a8f2-04a7437a945e	6	68552947	68771627	128	0.0645
dff30a92-8ee8-4c61-a8f2-04a7437a945e	6	68774524	76373533	4430	-0.9436
dff30a92-8ee8-4c61-a8f2-04a7437a945e	6	76379270	76872495	273	0.0517
dff30a92-8ee8-4c61-a8f2-04a7437a945e	6	76874292	84038271	3844	-0.9404
dff30a92-8ee8-4c61-a8f2-04a7437a945e	6	84044059	84355608	206	0.6741
dff30a92-8ee8-4c61-a8f2-04a7437a945e	6	84357283	84376279	23	0.9946
dff30a92-8ee8-4c61-a8f2-04a7437a945e	6	84376544	84420182	42	0.7276
dff30a92-8ee8-4c61-a8f2-04a7437a945e	6	84420368	84480152	44	1.0146
dff30a92-8ee8-4c61-a8f2-04a7437a945e	6	84484464	84522592	32	0.591
dff30a92-8ee8-4c61-a8f2-04a7437a945e	6	84523180	84645197	85	1.0237
dff30a92-8ee8-4c61-a8f2-04a7437a945e	6	84649127	84784635	79	0.5886
dff30a92-8ee8-4c61-a8f2-04a7437a945e	6	84787474	85720750	559	0.0778
dff30a92-8ee8-4c61-a8f2-04a7437a945e	6	85723212	85972123	59	-0.8522
dff30a92-8ee8-4c61-a8f2-04a7437a945e	6	85973318	87262705	682	0.6416
dff30a92-8ee8-4c61-a8f2-04a7437a945e	6	87264305	87306933	32	0.1655
dff30a92-8ee8-4c61-a8f2-04a7437a945e	6	87308595	87572852	164	0.6709
dff30a92-8ee8-4c61-a8f2-04a7437a945e	6	87581942	87642318	31	0.0759
dff30a92-8ee8-4c61-a8f2-04a7437a945e	6	87647919	87964453	230	-0.9401
dff30a92-8ee8-4c61-a8f2-04a7437a945e	6	87965302	88506785	340	0.665
dff30a92-8ee8-4c61-a8f2-04a7437a945e	6	88508142	88537970	27	1.0721
dff30a92-8ee8-4c61-a8f2-04a7437a945e	6	88538368	88739671	120	0.6982
dff30a92-8ee8-4c61-a8f2-04a7437a945e	6	88739853	89321271	331	1.0386
dff30a92-8ee8-4c61-a8f2-04a7437a945e	6	89323697	154907891	38729	-0.9573
dff30a92-8ee8-4c61-a8f2-04a7437a945e	6	154913334	154914739	6	-6.0638
dff30a92-8ee8-4c61-a8f2-04a7437a945e	6	154917643	170596889	8519	-0.9854
dff30a92-8ee8-4c61-a8f2-04a7437a945e	7	664936	855193	64	-0.7363
dff30a92-8ee8-4c61-a8f2-04a7437a945e	7	858016	870921	13	0.1648
dff30a92-8ee8-4c61-a8f2-04a7437a945e	7	871870	6739639	2221	-0.7241
dff30a92-8ee8-4c61-a8f2-04a7437a945e	7	6758397	9707566	1403	0.2168
dff30a92-8ee8-4c61-a8f2-04a7437a945e	7	9996166	10805664	288	-0.6723
dff30a92-8ee8-4c61-a8f2-04a7437a945e	7	10812765	13125522	1695	0.2297
dff30a92-8ee8-4c61-a8f2-04a7437a945e	7	13127828	13696333	387	-0.7007
dff30a92-8ee8-4c61-a8f2-04a7437a945e	7	13698517	15658553	1412	0.2287
dff30a92-8ee8-4c61-a8f2-04a7437a945e	7	15658835	21324497	2965	-0.7036
dff30a92-8ee8-4c61-a8f2-04a7437a945e	7	21332334	22798265	1098	0.2047
dff30a92-8ee8-4c61-a8f2-04a7437a945e	7	22802207	24389161	1174	-0.6827
dff30a92-8ee8-4c61-a8f2-04a7437a945e	7	24391576	26613756	1563	0.2103
dff30a92-8ee8-4c61-a8f2-04a7437a945e	7	26615183	33736564	4429	-0.707
dff30a92-8ee8-4c61-a8f2-04a7437a945e	7	33749786	34107547	252	0.1969
dff30a92-8ee8-4c61-a8f2-04a7437a945e	7	34108168	35866191	1109	-0.6806
dff30a92-8ee8-4c61-a8f2-04a7437a945e	7	35869187	35871218	3	-2.5278
dff30a92-8ee8-4c61-a8f2-04a7437a945e	7	35871519	36439994	414	-0.7489
dff30a92-8ee8-4c61-a8f2-04a7437a945e	7	36441238	36441267	2	-2.7042
dff30a92-8ee8-4c61-a8f2-04a7437a945e	7	36441873	52729544	10602	-0.703
dff30a92-8ee8-4c61-a8f2-04a7437a945e	7	52736084	53336518	419	0.1871
dff30a92-8ee8-4c61-a8f2-04a7437a945e	7	53336612	54706610	788	-0.7077
dff30a92-8ee8-4c61-a8f2-04a7437a945e	7	54712259	55344712	610	0.192
dff30a92-8ee8-4c61-a8f2-04a7437a945e	7	55347293	55379240	19	-0.6956
dff30a92-8ee8-4c61-a8f2-04a7437a945e	7	55386440	55424278	28	0.2011
dff30a92-8ee8-4c61-a8f2-04a7437a945e	7	55426315	55436521	13	0.435
dff30a92-8ee8-4c61-a8f2-04a7437a945e	7	55436936	55496187	42	0.1261
dff30a92-8ee8-4c61-a8f2-04a7437a945e	7	55507063	56388107	348	-0.6629
dff30a92-8ee8-4c61-a8f2-04a7437a945e	7	56402166	69976722	2729	0.1866
dff30a92-8ee8-4c61-a8f2-04a7437a945e	7	69980355	70058249	50	-0.6194
dff30a92-8ee8-4c61-a8f2-04a7437a945e	7	70058955	79271169	3861	0.1852
dff30a92-8ee8-4c61-a8f2-04a7437a945e	7	79273268	90897185	5638	0.2202
dff30a92-8ee8-4c61-a8f2-04a7437a945e	7	90897378	91386146	371	0.1858
dff30a92-8ee8-4c61-a8f2-04a7437a945e	7	91388140	91418251	20	-0.5805
dff30a92-8ee8-4c61-a8f2-04a7437a945e	7	91422238	100037159	4817	0.1964
dff30a92-8ee8-4c61-a8f2-04a7437a945e	7	100041822	101681406	503	0.1216
dff30a92-8ee8-4c61-a8f2-04a7437a945e	7	101686892	145677625	23696	0.201
dff30a92-8ee8-4c61-a8f2-04a7437a945e	7	145682363	145689284	2	-1.1943
dff30a92-8ee8-4c61-a8f2-04a7437a945e	7	145689768	158592540	6817	0.1902
dff30a92-8ee8-4c61-a8f2-04a7437a945e	8	667625	144182542	82219	0.0615
dff30a92-8ee8-4c61-a8f2-04a7437a945e	9	789794	21874960	13623	0.0724
dff30a92-8ee8-4c61-a8f2-04a7437a945e	9	21881964	22019733	99	-0.9453
dff30a92-8ee8-4c61-a8f2-04a7437a945e	9	22020524	119919302	44922	0.0575
dff30a92-8ee8-4c61-a8f2-04a7437a945e	9	119919553	138024491	9828	0.0253
dff30a92-8ee8-4c61-a8f2-04a7437a945e	9	138037117	138044505	10	-1.175
dff30a92-8ee8-4c61-a8f2-04a7437a945e	10	366509	36735824	25155	-0.9669
dff30a92-8ee8-4c61-a8f2-04a7437a945e	10	36735993	38367959	895	-0.8519
dff30a92-8ee8-4c61-a8f2-04a7437a945e	10	38373018	38675153	40	-0.5241
dff30a92-8ee8-4c61-a8f2-04a7437a945e	10	38675612	38770869	24	-0.3235
dff30a92-8ee8-4c61-a8f2-04a7437a945e	10	38770921	50928165	3559	0.0527
dff30a92-8ee8-4c61-a8f2-04a7437a945e	10	50928449	66139508	9680	0.0866
dff30a92-8ee8-4c61-a8f2-04a7437a945e	10	66142072	133411599	41801	0.0598
dff30a92-8ee8-4c61-a8f2-04a7437a945e	11	456012	17372097	10434	0.0495
dff30a92-8ee8-4c61-a8f2-04a7437a945e	11	17377058	17386478	11	-0.778
dff30a92-8ee8-4c61-a8f2-04a7437a945e	11	17387083	43782880	17193	0.0619
dff30a92-8ee8-4c61-a8f2-04a7437a945e	11	43783955	79627432	14508	0.0364
dff30a92-8ee8-4c61-a8f2-04a7437a945e	11	79627573	110082250	18641	0.065
dff30a92-8ee8-4c61-a8f2-04a7437a945e	11	110083208	110791435	471	0.6573
dff30a92-8ee8-4c61-a8f2-04a7437a945e	11	110795745	134272740	16313	0.0436
dff30a92-8ee8-4c61-a8f2-04a7437a945e	12	780472	7285363	3970	0.0687
dff30a92-8ee8-4c61-a8f2-04a7437a945e	12	7288728	47695758	20655	0.111
dff30a92-8ee8-4c61-a8f2-04a7437a945e	12	47699032	56202659	4482	0.0767
dff30a92-8ee8-4c61-a8f2-04a7437a945e	12	56207514	56207601	2	-2.8969
dff30a92-8ee8-4c61-a8f2-04a7437a945e	12	56207955	58175863	942	0.0669
dff30a92-8ee8-4c61-a8f2-04a7437a945e	12	58176018	97506602	24359	0.1053
dff30a92-8ee8-4c61-a8f2-04a7437a945e	12	97506985	97506999	2	-1.9672
dff30a92-8ee8-4c61-a8f2-04a7437a945e	12	97510570	108133784	6835	0.1001
dff30a92-8ee8-4c61-a8f2-04a7437a945e	12	108134684	132605822	13085	0.0713
dff30a92-8ee8-4c61-a8f2-04a7437a945e	13	18874255	33439321	8968	0.0636
dff30a92-8ee8-4c61-a8f2-04a7437a945e	13	33439822	33447806	3	-1.5501
dff30a92-8ee8-4c61-a8f2-04a7437a945e	13	33449179	114226675	48024	0.0724
dff30a92-8ee8-4c61-a8f2-04a7437a945e	14	20033191	50211644	15570	0.0685
dff30a92-8ee8-4c61-a8f2-04a7437a945e	14	50217615	50240494	17	-0.9148
dff30a92-8ee8-4c61-a8f2-04a7437a945e	14	50247476	51936966	1166	0.0629
dff30a92-8ee8-4c61-a8f2-04a7437a945e	14	51940032	51952341	8	-0.9004
dff30a92-8ee8-4c61-a8f2-04a7437a945e	14	51952566	105533894	33035	0.0611
dff30a92-8ee8-4c61-a8f2-04a7437a945e	15	23437561	28315870	2729	0.071
dff30a92-8ee8-4c61-a8f2-04a7437a945e	15	30839824	32702555	625	-0.9512
dff30a92-8ee8-4c61-a8f2-04a7437a945e	15	32702705	32705925	3	-5.0552
dff30a92-8ee8-4c61-a8f2-04a7437a945e	15	32706613	39175232	4435	-0.9757
dff30a92-8ee8-4c61-a8f2-04a7437a945e	15	39175270	39175597	2	-3.8802
dff30a92-8ee8-4c61-a8f2-04a7437a945e	15	39176146	50376532	6026	-0.949
dff30a92-8ee8-4c61-a8f2-04a7437a945e	15	50385312	101344124	30906	0.0588
dff30a92-8ee8-4c61-a8f2-04a7437a945e	16	603333	30295647	13463	0.0435
dff30a92-8ee8-4c61-a8f2-04a7437a945e	16	30308694	30479533	49	-0.5237
dff30a92-8ee8-4c61-a8f2-04a7437a945e	16	30527776	51205597	3260	0.0404
dff30a92-8ee8-4c61-a8f2-04a7437a945e	16	51206487	83829031	21830	0.0609
dff30a92-8ee8-4c61-a8f2-04a7437a945e	16	83830329	89317317	2613	0.0275
dff30a92-8ee8-4c61-a8f2-04a7437a945e	17	1074619	48090539	18729	0.045
dff30a92-8ee8-4c61-a8f2-04a7437a945e	17	48090563	72267221	13945	0.059
dff30a92-8ee8-4c61-a8f2-04a7437a945e	17	72269720	82959812	4608	0.0275
dff30a92-8ee8-4c61-a8f2-04a7437a945e	18	326691	79349796	42968	0.0694
dff30a92-8ee8-4c61-a8f2-04a7437a945e	19	283868	58370362	24154	0.0353
dff30a92-8ee8-4c61-a8f2-04a7437a945e	20	472817	3552215	2004	0.5951
dff30a92-8ee8-4c61-a8f2-04a7437a945e	20	3552851	9384594	3351	0.6272
dff30a92-8ee8-4c61-a8f2-04a7437a945e	20	9384732	9388326	2	-0.5824
dff30a92-8ee8-4c61-a8f2-04a7437a945e	20	9389584	10729460	1085	0.6255
dff30a92-8ee8-4c61-a8f2-04a7437a945e	20	10729753	10729767	2	-0.651
dff30a92-8ee8-4c61-a8f2-04a7437a945e	20	10734756	21586079	7798	0.6315
dff30a92-8ee8-4c61-a8f2-04a7437a945e	20	21586667	36965075	5383	0.599
dff30a92-8ee8-4c61-a8f2-04a7437a945e	20	36967009	37147626	178	0.4746
dff30a92-8ee8-4c61-a8f2-04a7437a945e	20	37148663	48229971	7439	0.6006
dff30a92-8ee8-4c61-a8f2-04a7437a945e	20	48231239	48231517	2	-0.9144
dff30a92-8ee8-4c61-a8f2-04a7437a945e	20	48231765	51484560	1965	0.5825
dff30a92-8ee8-4c61-a8f2-04a7437a945e	20	51484907	61286224	7294	0.6195
dff30a92-8ee8-4c61-a8f2-04a7437a945e	20	61286661	63588502	1056	0.568
dff30a92-8ee8-4c61-a8f2-04a7437a945e	21	13974127	46262057	20497	-0.9543
dff30a92-8ee8-4c61-a8f2-04a7437a945e	22	16934932	17307832	214	0.5621
dff30a92-8ee8-4c61-a8f2-04a7437a945e	22	17308120	18131162	555	-0.9486
dff30a92-8ee8-4c61-a8f2-04a7437a945e	22	21741482	24823963	613	0.0439
dff30a92-8ee8-4c61-a8f2-04a7437a945e	22	24825363	24828987	2	-1.0039
dff30a92-8ee8-4c61-a8f2-04a7437a945e	22	24829281	25129843	225	0.0666
dff30a92-8ee8-4c61-a8f2-04a7437a945e	22	25133481	26110918	610	-1.0017
dff30a92-8ee8-4c61-a8f2-04a7437a945e	22	26117076	26142610	20	-0.0351
dff30a92-8ee8-4c61-a8f2-04a7437a945e	22	26147321	26147727	3	-0.9482
dff30a92-8ee8-4c61-a8f2-04a7437a945e	22	26154194	26934013	698	0.0272
dff30a92-8ee8-4c61-a8f2-04a7437a945e	22	26936627	29928938	2073	-0.9721
dff30a92-8ee8-4c61-a8f2-04a7437a945e	22	29976004	33138747	1983	0.5963
dff30a92-8ee8-4c61-a8f2-04a7437a945e	22	33142334	33733191	536	-0.97
dff30a92-8ee8-4c61-a8f2-04a7437a945e	22	33734927	33776814	53	-5.6012
dff30a92-8ee8-4c61-a8f2-04a7437a945e	22	33787327	33808800	32	-3.2898
dff30a92-8ee8-4c61-a8f2-04a7437a945e	22	33810157	33875794	83	-5.5921
dff30a92-8ee8-4c61-a8f2-04a7437a945e	22	33875853	36767036	1960	-0.9858
dff30a92-8ee8-4c61-a8f2-04a7437a945e	22	36770413	36770630	2	-3.8966
dff30a92-8ee8-4c61-a8f2-04a7437a945e	22	36771430	37575759	479	-1.0272
dff30a92-8ee8-4c61-a8f2-04a7437a945e	22	37581172	37992219	167	0.5278
dff30a92-8ee8-4c61-a8f2-04a7437a945e	22	38000274	39118350	492	1.2407
dff30a92-8ee8-4c61-a8f2-04a7437a945e	22	39119125	39448300	146	0.9397
dff30a92-8ee8-4c61-a8f2-04a7437a945e	22	39448788	39822758	178	0.6191
dff30a92-8ee8-4c61-a8f2-04a7437a945e	22	39823706	39912696	43	0.0544
dff30a92-8ee8-4c61-a8f2-04a7437a945e	22	39979144	40195167	92	0.6508
dff30a92-8ee8-4c61-a8f2-04a7437a945e	22	40204483	40515733	145	1.525
dff30a92-8ee8-4c61-a8f2-04a7437a945e	22	40520378	40640633	56	1.0504
dff30a92-8ee8-4c61-a8f2-04a7437a945e	22	40641476	41049427	200	1.5215
dff30a92-8ee8-4c61-a8f2-04a7437a945e	22	41066952	41536411	370	0.9563
dff30a92-8ee8-4c61-a8f2-04a7437a945e	22	41539908	43852624	1204	-0.9735
dff30a92-8ee8-4c61-a8f2-04a7437a945e	22	43852721	43853583	3	-3.5775
dff30a92-8ee8-4c61-a8f2-04a7437a945e	22	43854025	48940621	3765	-1.0191
dff30a92-8ee8-4c61-a8f2-04a7437a945e	X	3236359	51191193	21442	-0.6425
dff30a92-8ee8-4c61-a8f2-04a7437a945e	X	51193756	58291715	2444	-0.5805
dff30a92-8ee8-4c61-a8f2-04a7437a945e	X	62952913	131996734	29398	0.386
dff30a92-8ee8-4c61-a8f2-04a7437a945e	X	131997058	131998063	2	1.7292
dff30a92-8ee8-4c61-a8f2-04a7437a945e	X	132005867	155677414	10540	0.3878
