GDC_Aliquot	Chromosome	Start	End	Num_Probes	Segment_Mean
bd151865-0220-4dee-8337-f8c52b131f50	1	3301765	5433332	1484	-0.0241
bd151865-0220-4dee-8337-f8c52b131f50	1	5434820	14299029	4549	0.0436
bd151865-0220-4dee-8337-f8c52b131f50	1	14301230	14757019	356	-0.4024
bd151865-0220-4dee-8337-f8c52b131f50	1	14758650	24485999	5471	0.055
bd151865-0220-4dee-8337-f8c52b131f50	1	24486665	41673722	8738	0.0243
bd151865-0220-4dee-8337-f8c52b131f50	1	41676718	44538073	1730	0.0684
bd151865-0220-4dee-8337-f8c52b131f50	1	44538221	50322421	2956	0.0201
bd151865-0220-4dee-8337-f8c52b131f50	1	50322660	51029129	253	0.0698
bd151865-0220-4dee-8337-f8c52b131f50	1	51037672	59022351	5384	-0.3741
bd151865-0220-4dee-8337-f8c52b131f50	1	59023124	69259975	7063	-0.3552
bd151865-0220-4dee-8337-f8c52b131f50	1	69261156	82742037	7675	-0.3897
bd151865-0220-4dee-8337-f8c52b131f50	1	82742463	86095431	2211	-0.3265
bd151865-0220-4dee-8337-f8c52b131f50	1	86096369	92280877	3835	-0.3892
bd151865-0220-4dee-8337-f8c52b131f50	1	92281590	96877921	2790	-0.2981
bd151865-0220-4dee-8337-f8c52b131f50	1	96884869	104670775	4323	-0.3693
bd151865-0220-4dee-8337-f8c52b131f50	1	104672277	108753349	2294	-0.3049
bd151865-0220-4dee-8337-f8c52b131f50	1	108753559	109349456	274	-0.3635
bd151865-0220-4dee-8337-f8c52b131f50	1	109352071	109353500	2	-1.6972
bd151865-0220-4dee-8337-f8c52b131f50	1	109357863	112101158	1830	-0.387
bd151865-0220-4dee-8337-f8c52b131f50	1	112108806	119984738	4883	-0.3378
bd151865-0220-4dee-8337-f8c52b131f50	1	119984772	150002511	39	0.2216
bd151865-0220-4dee-8337-f8c52b131f50	1	150004041	150864342	304	0.3249
bd151865-0220-4dee-8337-f8c52b131f50	1	150873363	157616458	3396	0.7606
bd151865-0220-4dee-8337-f8c52b131f50	1	157618540	157626296	10	-0.3677
bd151865-0220-4dee-8337-f8c52b131f50	1	157632415	158544407	642	0.7229
bd151865-0220-4dee-8337-f8c52b131f50	1	158544421	158545233	11	0.2535
bd151865-0220-4dee-8337-f8c52b131f50	1	158545295	159423207	513	0.759
bd151865-0220-4dee-8337-f8c52b131f50	1	159429978	160056150	444	0.4585
bd151865-0220-4dee-8337-f8c52b131f50	1	160063353	163625473	2407	0.978
bd151865-0220-4dee-8337-f8c52b131f50	1	163625805	165303635	1234	1.0436
bd151865-0220-4dee-8337-f8c52b131f50	1	165305097	179842250	9463	0.9857
bd151865-0220-4dee-8337-f8c52b131f50	1	179845171	180987849	685	0.8048
bd151865-0220-4dee-8337-f8c52b131f50	1	180987933	183620665	1864	0.7398
bd151865-0220-4dee-8337-f8c52b131f50	1	183620933	192436491	5189	0.7846
bd151865-0220-4dee-8337-f8c52b131f50	1	192436531	192850094	290	1.0068
bd151865-0220-4dee-8337-f8c52b131f50	1	192850186	192872160	15	0.4641
bd151865-0220-4dee-8337-f8c52b131f50	1	192875825	192894619	15	0.9461
bd151865-0220-4dee-8337-f8c52b131f50	1	192898397	193211517	244	0.3736
bd151865-0220-4dee-8337-f8c52b131f50	1	193211573	193398103	138	0.2262
bd151865-0220-4dee-8337-f8c52b131f50	1	193398687	194309613	647	0.4242
bd151865-0220-4dee-8337-f8c52b131f50	1	194311377	194335529	10	1.0832
bd151865-0220-4dee-8337-f8c52b131f50	1	194338990	194353114	11	0.4657
bd151865-0220-4dee-8337-f8c52b131f50	1	194353195	199494377	2796	1.0436
bd151865-0220-4dee-8337-f8c52b131f50	1	199502267	201262339	1118	0.4365
bd151865-0220-4dee-8337-f8c52b131f50	1	201264679	205184184	2657	0.9796
bd151865-0220-4dee-8337-f8c52b131f50	1	205186853	207282056	1120	0.406
bd151865-0220-4dee-8337-f8c52b131f50	1	207283129	208370660	800	0.4469
bd151865-0220-4dee-8337-f8c52b131f50	1	208371270	210283179	1444	0.5131
bd151865-0220-4dee-8337-f8c52b131f50	1	210285516	215244284	3388	0.4409
bd151865-0220-4dee-8337-f8c52b131f50	1	215244867	215720078	215	0.606
bd151865-0220-4dee-8337-f8c52b131f50	1	215720217	217850966	1515	0.4621
bd151865-0220-4dee-8337-f8c52b131f50	1	217851148	238765951	13719	0.4218
bd151865-0220-4dee-8337-f8c52b131f50	1	238766225	245843137	4635	0.3493
bd151865-0220-4dee-8337-f8c52b131f50	1	245843320	246026700	157	0.0754
bd151865-0220-4dee-8337-f8c52b131f50	1	246435044	247644025	432	0.3325
bd151865-0220-4dee-8337-f8c52b131f50	1	247646986	247650984	4	0.8857
bd151865-0220-4dee-8337-f8c52b131f50	2	480597	2675709	750	0.1079
bd151865-0220-4dee-8337-f8c52b131f50	2	2684076	5036154	1588	0.2571
bd151865-0220-4dee-8337-f8c52b131f50	2	5036657	5511203	392	-0.0262
bd151865-0220-4dee-8337-f8c52b131f50	2	5511439	6065040	451	0.1917
bd151865-0220-4dee-8337-f8c52b131f50	2	6065354	7752183	1239	0.2309
bd151865-0220-4dee-8337-f8c52b131f50	2	7752513	10818059	2074	0.2878
bd151865-0220-4dee-8337-f8c52b131f50	2	10818132	11314289	324	0.2405
bd151865-0220-4dee-8337-f8c52b131f50	2	11316454	12727866	1123	0.2019
bd151865-0220-4dee-8337-f8c52b131f50	2	12731066	14963848	1291	0.2742
bd151865-0220-4dee-8337-f8c52b131f50	2	14963930	14967431	4	-0.6955
bd151865-0220-4dee-8337-f8c52b131f50	2	14967672	15955562	721	0.2683
bd151865-0220-4dee-8337-f8c52b131f50	2	15955768	21215922	3644	0.3207
bd151865-0220-4dee-8337-f8c52b131f50	2	21215991	31395136	5863	0.2826
bd151865-0220-4dee-8337-f8c52b131f50	2	31396096	31405658	2	-1.2168
bd151865-0220-4dee-8337-f8c52b131f50	2	31405839	32347411	368	0.2947
bd151865-0220-4dee-8337-f8c52b131f50	2	32347914	34997138	1239	0.2418
bd151865-0220-4dee-8337-f8c52b131f50	2	35008785	46468368	6838	0.3135
bd151865-0220-4dee-8337-f8c52b131f50	2	46468663	59287611	7010	0.2796
bd151865-0220-4dee-8337-f8c52b131f50	2	59287994	70876533	6987	0.3074
bd151865-0220-4dee-8337-f8c52b131f50	2	70881650	78002984	3903	0.2611
bd151865-0220-4dee-8337-f8c52b131f50	2	78003396	78125254	86	-0.1296
bd151865-0220-4dee-8337-f8c52b131f50	2	78126446	78718466	248	0.2832
bd151865-0220-4dee-8337-f8c52b131f50	2	78722449	80977887	1149	0.2088
bd151865-0220-4dee-8337-f8c52b131f50	2	80978000	88403681	3267	0.2647
bd151865-0220-4dee-8337-f8c52b131f50	2	88404642	88504367	43	0.1292
bd151865-0220-4dee-8337-f8c52b131f50	2	88504403	88824635	154	0.2357
bd151865-0220-4dee-8337-f8c52b131f50	2	88824666	100060160	1962	0.1164
bd151865-0220-4dee-8337-f8c52b131f50	2	100060462	100103107	15	0.0371
bd151865-0220-4dee-8337-f8c52b131f50	2	100111978	104165864	2578	-0.1896
bd151865-0220-4dee-8337-f8c52b131f50	2	104171363	104425141	155	0.0765
bd151865-0220-4dee-8337-f8c52b131f50	2	104426043	132649260	13749	-0.1824
bd151865-0220-4dee-8337-f8c52b131f50	2	132649417	141006595	4731	0.1366
bd151865-0220-4dee-8337-f8c52b131f50	2	141007124	141055647	43	-1.9876
bd151865-0220-4dee-8337-f8c52b131f50	2	141059604	141256043	109	-3.6423
bd151865-0220-4dee-8337-f8c52b131f50	2	141256097	141258057	4	-2.1354
bd151865-0220-4dee-8337-f8c52b131f50	2	141260251	141304609	32	0.0035
bd151865-0220-4dee-8337-f8c52b131f50	2	141307419	141551545	191	-2.0235
bd151865-0220-4dee-8337-f8c52b131f50	2	141557383	141749744	152	0.1913
bd151865-0220-4dee-8337-f8c52b131f50	2	141749955	141778982	25	-1.9149
bd151865-0220-4dee-8337-f8c52b131f50	2	141782143	143622058	1132	0.2064
bd151865-0220-4dee-8337-f8c52b131f50	2	143622973	151791518	4672	0.1516
bd151865-0220-4dee-8337-f8c52b131f50	2	151792791	157459117	3178	0.1961
bd151865-0220-4dee-8337-f8c52b131f50	2	157464145	157464484	2	-1.2002
bd151865-0220-4dee-8337-f8c52b131f50	2	157465223	160569352	1890	0.2161
bd151865-0220-4dee-8337-f8c52b131f50	2	160571159	163700950	1738	0.1596
bd151865-0220-4dee-8337-f8c52b131f50	2	163702822	167608360	2191	0.1988
bd151865-0220-4dee-8337-f8c52b131f50	2	167612295	167651513	26	-0.2166
bd151865-0220-4dee-8337-f8c52b131f50	2	167651616	171792082	2682	0.1804
bd151865-0220-4dee-8337-f8c52b131f50	2	171795286	176748035	3159	0.5236
bd151865-0220-4dee-8337-f8c52b131f50	2	176751198	176751488	3	-0.5159
bd151865-0220-4dee-8337-f8c52b131f50	2	176753478	177100071	292	0.5409
bd151865-0220-4dee-8337-f8c52b131f50	2	177102850	179440815	1332	0.2029
bd151865-0220-4dee-8337-f8c52b131f50	2	179443056	183145479	2319	0.463
bd151865-0220-4dee-8337-f8c52b131f50	2	183147261	188683155	2242	0.1621
bd151865-0220-4dee-8337-f8c52b131f50	2	188683289	192673516	2292	0.5181
bd151865-0220-4dee-8337-f8c52b131f50	2	192674094	205257823	6360	0.4595
bd151865-0220-4dee-8337-f8c52b131f50	2	205258156	205451611	142	0.111
bd151865-0220-4dee-8337-f8c52b131f50	2	205461868	212829275	4417	0.4405
bd151865-0220-4dee-8337-f8c52b131f50	2	212830978	212920108	59	0.1078
bd151865-0220-4dee-8337-f8c52b131f50	2	212920715	221261939	5222	0.4551
bd151865-0220-4dee-8337-f8c52b131f50	2	221263992	224252108	1993	-0.3302
bd151865-0220-4dee-8337-f8c52b131f50	2	224252447	224563279	221	-2.055
bd151865-0220-4dee-8337-f8c52b131f50	2	224563582	224583704	6	-1.158
bd151865-0220-4dee-8337-f8c52b131f50	2	224588648	233491721	5021	-0.3175
bd151865-0220-4dee-8337-f8c52b131f50	2	233493480	235513170	1468	-0.2609
bd151865-0220-4dee-8337-f8c52b131f50	2	235513180	235828489	203	-0.3709
bd151865-0220-4dee-8337-f8c52b131f50	2	235828510	235829279	2	-1.6459
bd151865-0220-4dee-8337-f8c52b131f50	2	235829507	235908875	52	-0.2847
bd151865-0220-4dee-8337-f8c52b131f50	2	235908985	236036216	78	-2.0988
bd151865-0220-4dee-8337-f8c52b131f50	2	236040178	241537572	3210	-0.3851
bd151865-0220-4dee-8337-f8c52b131f50	3	2170634	8149676	3353	-0.4534
bd151865-0220-4dee-8337-f8c52b131f50	3	8155547	8396891	146	-0.7494
bd151865-0220-4dee-8337-f8c52b131f50	3	8397392	13013995	3028	-0.4456
bd151865-0220-4dee-8337-f8c52b131f50	3	13014076	14631130	1096	-0.5186
bd151865-0220-4dee-8337-f8c52b131f50	3	14633214	16771264	1446	-0.448
bd151865-0220-4dee-8337-f8c52b131f50	3	16771545	26437314	5253	-0.4023
bd151865-0220-4dee-8337-f8c52b131f50	3	26438456	47029007	12462	-0.496
bd151865-0220-4dee-8337-f8c52b131f50	3	47034288	54048192	3008	-0.4474
bd151865-0220-4dee-8337-f8c52b131f50	3	54049248	61183782	3955	-0.4933
bd151865-0220-4dee-8337-f8c52b131f50	3	61185008	61268214	59	0.3233
bd151865-0220-4dee-8337-f8c52b131f50	3	61274343	64972566	2884	-0.4733
bd151865-0220-4dee-8337-f8c52b131f50	3	64972713	70145108	3676	-0.5307
bd151865-0220-4dee-8337-f8c52b131f50	3	70149945	84153666	7890	-0.4838
bd151865-0220-4dee-8337-f8c52b131f50	3	84154343	84159213	2	-1.9793
bd151865-0220-4dee-8337-f8c52b131f50	3	84159395	86212375	983	-0.5266
bd151865-0220-4dee-8337-f8c52b131f50	3	86216052	86216665	2	-2.2758
bd151865-0220-4dee-8337-f8c52b131f50	3	86221012	90453712	1984	-0.5202
bd151865-0220-4dee-8337-f8c52b131f50	3	91390926	98584338	2339	0.4271
bd151865-0220-4dee-8337-f8c52b131f50	3	98584723	98767448	97	0.1485
bd151865-0220-4dee-8337-f8c52b131f50	3	98776984	103448368	2429	0.4062
bd151865-0220-4dee-8337-f8c52b131f50	3	103448572	103997088	319	0.1175
bd151865-0220-4dee-8337-f8c52b131f50	3	104000409	114915287	6263	0.3846
bd151865-0220-4dee-8337-f8c52b131f50	3	114921349	115593036	371	-0.2643
bd151865-0220-4dee-8337-f8c52b131f50	3	115597686	116535872	655	0.3792
bd151865-0220-4dee-8337-f8c52b131f50	3	116544247	116834824	266	-0.3606
bd151865-0220-4dee-8337-f8c52b131f50	3	116839023	117318206	364	0.3754
bd151865-0220-4dee-8337-f8c52b131f50	3	117326159	117371025	34	0.1076
bd151865-0220-4dee-8337-f8c52b131f50	3	117371687	126503514	5328	0.3803
bd151865-0220-4dee-8337-f8c52b131f50	3	126506410	129547882	1608	0.3291
bd151865-0220-4dee-8337-f8c52b131f50	3	129548101	144813699	8474	0.3846
bd151865-0220-4dee-8337-f8c52b131f50	3	144814559	157779055	6944	0.8661
bd151865-0220-4dee-8337-f8c52b131f50	3	157780317	158026653	136	1.0969
bd151865-0220-4dee-8337-f8c52b131f50	3	158040764	165791562	3725	0.8577
bd151865-0220-4dee-8337-f8c52b131f50	3	165795786	177466320	5714	1.0406
bd151865-0220-4dee-8337-f8c52b131f50	3	177472708	184382287	3441	1.1573
bd151865-0220-4dee-8337-f8c52b131f50	3	184382716	184390100	2	-0.2867
bd151865-0220-4dee-8337-f8c52b131f50	3	184461455	185793700	670	1.1607
bd151865-0220-4dee-8337-f8c52b131f50	3	185793899	188194504	1789	1.0964
bd151865-0220-4dee-8337-f8c52b131f50	3	188194600	197812401	4905	1.1579
bd151865-0220-4dee-8337-f8c52b131f50	4	1059384	7419771	3554	-0.1456
bd151865-0220-4dee-8337-f8c52b131f50	4	7465589	10486932	1408	0.1587
bd151865-0220-4dee-8337-f8c52b131f50	4	10486944	11365549	739	0.2306
bd151865-0220-4dee-8337-f8c52b131f50	4	11371332	13501532	1544	-0.1364
bd151865-0220-4dee-8337-f8c52b131f50	4	13504983	14960027	1155	-0.6504
bd151865-0220-4dee-8337-f8c52b131f50	4	14960040	15028497	27	-0.1521
bd151865-0220-4dee-8337-f8c52b131f50	4	15046764	20430875	3552	-0.6228
bd151865-0220-4dee-8337-f8c52b131f50	4	20433587	20512816	47	-0.9566
bd151865-0220-4dee-8337-f8c52b131f50	4	20514718	22073971	1123	-0.6377
bd151865-0220-4dee-8337-f8c52b131f50	4	22075951	22109540	25	-1.3435
bd151865-0220-4dee-8337-f8c52b131f50	4	22113599	31331994	5854	-0.6353
bd151865-0220-4dee-8337-f8c52b131f50	4	31332385	31332933	3	-1.8564
bd151865-0220-4dee-8337-f8c52b131f50	4	31333749	37149318	3304	-0.6087
bd151865-0220-4dee-8337-f8c52b131f50	4	37152027	38085174	733	-0.1078
bd151865-0220-4dee-8337-f8c52b131f50	4	38085484	41405348	1891	-0.5702
bd151865-0220-4dee-8337-f8c52b131f50	4	41405382	45425269	2035	-0.6469
bd151865-0220-4dee-8337-f8c52b131f50	4	45428993	46094346	330	-0.1092
bd151865-0220-4dee-8337-f8c52b131f50	4	46107187	53989513	2320	-0.2774
bd151865-0220-4dee-8337-f8c52b131f50	4	53990468	55616156	1247	-0.1971
bd151865-0220-4dee-8337-f8c52b131f50	4	55618088	66045485	5792	-0.3036
bd151865-0220-4dee-8337-f8c52b131f50	4	66054306	67356290	778	-0.8841
bd151865-0220-4dee-8337-f8c52b131f50	4	67362372	85561430	10064	-0.2724
bd151865-0220-4dee-8337-f8c52b131f50	4	85564579	87949424	1491	-0.2125
bd151865-0220-4dee-8337-f8c52b131f50	4	87949599	91175281	1860	-0.269
bd151865-0220-4dee-8337-f8c52b131f50	4	91190912	91654350	211	-0.5967
bd151865-0220-4dee-8337-f8c52b131f50	4	91655735	96853666	2852	-0.2988
bd151865-0220-4dee-8337-f8c52b131f50	4	96854654	105730008	4855	-0.2569
bd151865-0220-4dee-8337-f8c52b131f50	4	105736261	139068020	18079	-0.2982
bd151865-0220-4dee-8337-f8c52b131f50	4	139068182	156474336	9938	-0.2557
bd151865-0220-4dee-8337-f8c52b131f50	4	156480996	163576450	4118	-0.2974
bd151865-0220-4dee-8337-f8c52b131f50	4	163576523	170733958	3800	-0.252
bd151865-0220-4dee-8337-f8c52b131f50	4	170734415	180604429	5438	-0.3194
bd151865-0220-4dee-8337-f8c52b131f50	4	181157671	181272779	92	-0.9501
bd151865-0220-4dee-8337-f8c52b131f50	4	181273212	181278370	11	-1.9996
bd151865-0220-4dee-8337-f8c52b131f50	4	181278956	181328806	37	-1.0976
bd151865-0220-4dee-8337-f8c52b131f50	4	181331840	181374523	56	-0.8215
bd151865-0220-4dee-8337-f8c52b131f50	4	181374613	181493444	83	-0.5964
bd151865-0220-4dee-8337-f8c52b131f50	4	181493825	181511620	17	-0.7983
bd151865-0220-4dee-8337-f8c52b131f50	4	181511766	183599775	1043	-0.3606
bd151865-0220-4dee-8337-f8c52b131f50	4	183602465	187461725	1669	-0.2895
bd151865-0220-4dee-8337-f8c52b131f50	4	187462413	187842528	232	-0.3336
bd151865-0220-4dee-8337-f8c52b131f50	5	913983	4361278	2178	0.2812
bd151865-0220-4dee-8337-f8c52b131f50	5	4361828	8957162	3642	0.3532
bd151865-0220-4dee-8337-f8c52b131f50	5	8957455	15264197	4107	0.4275
bd151865-0220-4dee-8337-f8c52b131f50	5	15267607	20623500	2468	0.3572
bd151865-0220-4dee-8337-f8c52b131f50	5	20623528	29069734	4351	0.2198
bd151865-0220-4dee-8337-f8c52b131f50	5	29076365	29104292	30	-0.1251
bd151865-0220-4dee-8337-f8c52b131f50	5	29105899	30961698	1096	0.2325
bd151865-0220-4dee-8337-f8c52b131f50	5	30968633	33530252	1818	0.4934
bd151865-0220-4dee-8337-f8c52b131f50	5	33531527	36745157	1714	0.1937
bd151865-0220-4dee-8337-f8c52b131f50	5	36745695	39707569	1785	0.265
bd151865-0220-4dee-8337-f8c52b131f50	5	39710027	42270412	1516	0.1829
bd151865-0220-4dee-8337-f8c52b131f50	5	42270445	43786939	737	0.2654
bd151865-0220-4dee-8337-f8c52b131f50	5	43790391	51941538	1267	0.2025
bd151865-0220-4dee-8337-f8c52b131f50	5	51946539	54310465	1515	0.3014
bd151865-0220-4dee-8337-f8c52b131f50	5	54311064	59054389	3145	0.2454
bd151865-0220-4dee-8337-f8c52b131f50	5	59055501	59390853	250	-0.0948
bd151865-0220-4dee-8337-f8c52b131f50	5	59392086	60414206	621	0.264
bd151865-0220-4dee-8337-f8c52b131f50	5	60477652	60943616	227	-0.5683
bd151865-0220-4dee-8337-f8c52b131f50	5	60981243	62889530	1158	0.253
bd151865-0220-4dee-8337-f8c52b131f50	5	62889598	101454818	19680	-0.5789
bd151865-0220-4dee-8337-f8c52b131f50	5	101459526	117649503	9354	0.2382
bd151865-0220-4dee-8337-f8c52b131f50	5	117651491	126184347	5002	0.2771
bd151865-0220-4dee-8337-f8c52b131f50	5	126184518	139136396	7585	0.2431
bd151865-0220-4dee-8337-f8c52b131f50	5	139140747	139287177	71	0.5261
bd151865-0220-4dee-8337-f8c52b131f50	5	139299493	141494301	863	0.24
bd151865-0220-4dee-8337-f8c52b131f50	5	141496833	142192565	431	0.1526
bd151865-0220-4dee-8337-f8c52b131f50	5	142193700	153207275	7286	0.2264
bd151865-0220-4dee-8337-f8c52b131f50	5	153208656	157137445	2569	0.1839
bd151865-0220-4dee-8337-f8c52b131f50	5	157137780	158454312	932	0.2418
bd151865-0220-4dee-8337-f8c52b131f50	5	158457891	179887432	13158	0.1894
bd151865-0220-4dee-8337-f8c52b131f50	5	179888218	180934240	489	0.2252
bd151865-0220-4dee-8337-f8c52b131f50	6	1011760	8944434	5855	-0.6181
bd151865-0220-4dee-8337-f8c52b131f50	6	8944499	13022496	2791	-0.5648
bd151865-0220-4dee-8337-f8c52b131f50	6	13023115	16671653	2515	-0.6659
bd151865-0220-4dee-8337-f8c52b131f50	6	16672529	16672579	2	-2.1874
bd151865-0220-4dee-8337-f8c52b131f50	6	16673367	16994704	284	-0.6543
bd151865-0220-4dee-8337-f8c52b131f50	6	17001056	17484060	231	-0.5978
bd151865-0220-4dee-8337-f8c52b131f50	6	17484122	17484280	2	-1.9445
bd151865-0220-4dee-8337-f8c52b131f50	6	17484438	18224670	415	-0.5524
bd151865-0220-4dee-8337-f8c52b131f50	6	18224729	18284485	88	-0.3452
bd151865-0220-4dee-8337-f8c52b131f50	6	18286379	19127274	651	-0.5335
bd151865-0220-4dee-8337-f8c52b131f50	6	19128016	19129447	2	-0.1418
bd151865-0220-4dee-8337-f8c52b131f50	6	19134336	19217408	66	0.3645
bd151865-0220-4dee-8337-f8c52b131f50	6	19261531	19327296	55	0.1531
bd151865-0220-4dee-8337-f8c52b131f50	6	19327887	19594482	204	-0.5367
bd151865-0220-4dee-8337-f8c52b131f50	6	19596759	19790748	127	2.8759
bd151865-0220-4dee-8337-f8c52b131f50	6	19793444	20196192	346	2.6912
bd151865-0220-4dee-8337-f8c52b131f50	6	20196330	20918020	483	2.9017
bd151865-0220-4dee-8337-f8c52b131f50	6	20918522	20996081	33	3.5287
bd151865-0220-4dee-8337-f8c52b131f50	6	20998233	21279257	208	2.7256
bd151865-0220-4dee-8337-f8c52b131f50	6	21279823	21288986	11	0.1492
bd151865-0220-4dee-8337-f8c52b131f50	6	21292601	21506299	123	-0.5402
bd151865-0220-4dee-8337-f8c52b131f50	6	21510113	21521683	8	0.0707
bd151865-0220-4dee-8337-f8c52b131f50	6	21524342	21654733	55	0.4309
bd151865-0220-4dee-8337-f8c52b131f50	6	21661506	21699111	18	0.0803
bd151865-0220-4dee-8337-f8c52b131f50	6	21704720	21845988	85	-0.5374
bd151865-0220-4dee-8337-f8c52b131f50	6	21850423	21876423	13	0.2593
bd151865-0220-4dee-8337-f8c52b131f50	6	21887045	22032781	146	-0.4796
bd151865-0220-4dee-8337-f8c52b131f50	6	22032892	22056453	32	0.3641
bd151865-0220-4dee-8337-f8c52b131f50	6	22064410	23554255	1148	-0.5652
bd151865-0220-4dee-8337-f8c52b131f50	6	23558300	23603870	55	0.3018
bd151865-0220-4dee-8337-f8c52b131f50	6	23604314	27085103	1864	-0.6021
bd151865-0220-4dee-8337-f8c52b131f50	6	27087450	27285802	57	0.0817
bd151865-0220-4dee-8337-f8c52b131f50	6	27290248	28529112	472	0.438
bd151865-0220-4dee-8337-f8c52b131f50	6	28534773	39125357	4535	-0.2683
bd151865-0220-4dee-8337-f8c52b131f50	6	39128566	42755056	2492	-0.7373
bd151865-0220-4dee-8337-f8c52b131f50	6	42756071	52739256	5791	-0.417
bd151865-0220-4dee-8337-f8c52b131f50	6	52739552	54569658	1256	-0.365
bd151865-0220-4dee-8337-f8c52b131f50	6	54572420	65889003	3717	-0.4283
bd151865-0220-4dee-8337-f8c52b131f50	6	65889045	67824174	1178	-0.3462
bd151865-0220-4dee-8337-f8c52b131f50	6	67824855	72091131	2446	-0.4189
bd151865-0220-4dee-8337-f8c52b131f50	6	72097319	72097605	2	-2.0903
bd151865-0220-4dee-8337-f8c52b131f50	6	72097661	77328300	3048	-0.4541
bd151865-0220-4dee-8337-f8c52b131f50	6	77331110	89175868	6586	-0.4076
bd151865-0220-4dee-8337-f8c52b131f50	6	89176711	98771449	4939	-0.4465
bd151865-0220-4dee-8337-f8c52b131f50	6	98771646	98771975	2	-2.7943
bd151865-0220-4dee-8337-f8c52b131f50	6	98772159	127507217	16382	-0.4282
bd151865-0220-4dee-8337-f8c52b131f50	6	127507317	129249068	1079	-0.3421
bd151865-0220-4dee-8337-f8c52b131f50	6	129249693	134487144	3575	-0.4576
bd151865-0220-4dee-8337-f8c52b131f50	6	134487942	143809641	5559	-0.3976
bd151865-0220-4dee-8337-f8c52b131f50	6	143810100	153152097	6283	-0.4473
bd151865-0220-4dee-8337-f8c52b131f50	6	153156584	159010058	3667	-0.4129
bd151865-0220-4dee-8337-f8c52b131f50	6	159010747	163093091	2481	-0.4584
bd151865-0220-4dee-8337-f8c52b131f50	6	163095310	169230342	2993	-0.5351
bd151865-0220-4dee-8337-f8c52b131f50	6	169233704	170596889	608	-0.4447
bd151865-0220-4dee-8337-f8c52b131f50	7	664936	3144023	882	-0.0693
bd151865-0220-4dee-8337-f8c52b131f50	7	3144222	4134710	380	-0.1448
bd151865-0220-4dee-8337-f8c52b131f50	7	4134848	10661069	2662	-0.0441
bd151865-0220-4dee-8337-f8c52b131f50	7	10661657	10662114	2	-1.2343
bd151865-0220-4dee-8337-f8c52b131f50	7	10662626	12189889	1140	-0.0417
bd151865-0220-4dee-8337-f8c52b131f50	7	12190933	12544522	243	-1.2224
bd151865-0220-4dee-8337-f8c52b131f50	7	12552153	13391537	523	-0.0123
bd151865-0220-4dee-8337-f8c52b131f50	7	13394922	21163209	4491	-0.0574
bd151865-0220-4dee-8337-f8c52b131f50	7	21165246	23310399	1570	-0.0036
bd151865-0220-4dee-8337-f8c52b131f50	7	23314794	26331353	2126	-0.0672
bd151865-0220-4dee-8337-f8c52b131f50	7	26331659	33817886	4762	-0.013
bd151865-0220-4dee-8337-f8c52b131f50	7	33819020	45258279	7011	-0.0515
bd151865-0220-4dee-8337-f8c52b131f50	7	45258867	49834394	3184	-0.105
bd151865-0220-4dee-8337-f8c52b131f50	7	49837397	66210141	5188	-0.0618
bd151865-0220-4dee-8337-f8c52b131f50	7	66211052	66303542	38	-0.4452
bd151865-0220-4dee-8337-f8c52b131f50	7	66311635	73460539	3506	-0.0511
bd151865-0220-4dee-8337-f8c52b131f50	7	73461351	77519547	1112	-0.0046
bd151865-0220-4dee-8337-f8c52b131f50	7	77521287	77720614	97	-0.3955
bd151865-0220-4dee-8337-f8c52b131f50	7	77722388	80625554	1938	-0.003
bd151865-0220-4dee-8337-f8c52b131f50	7	80650876	80675182	23	0.5373
bd151865-0220-4dee-8337-f8c52b131f50	7	80676102	90889953	4793	-0.0007
bd151865-0220-4dee-8337-f8c52b131f50	7	90891796	91065764	128	-0.4655
bd151865-0220-4dee-8337-f8c52b131f50	7	91072926	114975364	12417	-0.0182
bd151865-0220-4dee-8337-f8c52b131f50	7	114982890	115023445	24	-0.5567
bd151865-0220-4dee-8337-f8c52b131f50	7	115024251	122504866	4221	-0.0189
bd151865-0220-4dee-8337-f8c52b131f50	7	122508487	123742455	709	0.1826
bd151865-0220-4dee-8337-f8c52b131f50	7	123743407	123872218	77	-0.0713
bd151865-0220-4dee-8337-f8c52b131f50	7	123881598	124083694	111	0.1712
bd151865-0220-4dee-8337-f8c52b131f50	7	124084103	126797843	1471	-0.044
bd151865-0220-4dee-8337-f8c52b131f50	7	126798645	126799329	3	-1.0252
bd151865-0220-4dee-8337-f8c52b131f50	7	126801200	133185633	3469	-0.0311
bd151865-0220-4dee-8337-f8c52b131f50	7	133185693	141113257	4745	0.0142
bd151865-0220-4dee-8337-f8c52b131f50	7	141113672	148700991	3868	-0.0589
bd151865-0220-4dee-8337-f8c52b131f50	7	148706220	152281450	1646	-0.0188
bd151865-0220-4dee-8337-f8c52b131f50	7	152281856	158592540	3317	-0.0677
bd151865-0220-4dee-8337-f8c52b131f50	8	667625	1961403	643	-1.4757
bd151865-0220-4dee-8337-f8c52b131f50	8	1961912	1964968	2	-7.1511
bd151865-0220-4dee-8337-f8c52b131f50	8	1965581	3548056	771	-1.4064
bd151865-0220-4dee-8337-f8c52b131f50	8	3548061	4123120	421	-4.6956
bd151865-0220-4dee-8337-f8c52b131f50	8	4220531	5315113	700	-1.4166
bd151865-0220-4dee-8337-f8c52b131f50	8	5315135	5315470	4	-3.3898
bd151865-0220-4dee-8337-f8c52b131f50	8	5316253	6348805	86	-1.3724
bd151865-0220-4dee-8337-f8c52b131f50	8	6350198	8962623	1087	-0.5437
bd151865-0220-4dee-8337-f8c52b131f50	8	8963972	9876554	446	-0.0667
bd151865-0220-4dee-8337-f8c52b131f50	8	9881959	9893342	21	-0.7107
bd151865-0220-4dee-8337-f8c52b131f50	8	9902366	11707578	974	-0.0868
bd151865-0220-4dee-8337-f8c52b131f50	8	11712290	11739597	27	0.875
bd151865-0220-4dee-8337-f8c52b131f50	8	11739715	12994541	262	0.5183
bd151865-0220-4dee-8337-f8c52b131f50	8	12998792	14473064	1109	-1.2817
bd151865-0220-4dee-8337-f8c52b131f50	8	14473346	37758165	15540	-0.5044
bd151865-0220-4dee-8337-f8c52b131f50	8	37785605	37946944	51	0.2253
bd151865-0220-4dee-8337-f8c52b131f50	8	37947874	40029109	936	-0.0793
bd151865-0220-4dee-8337-f8c52b131f50	8	40032650	41623789	1101	0.0935
bd151865-0220-4dee-8337-f8c52b131f50	8	41630366	42259530	379	0.501
bd151865-0220-4dee-8337-f8c52b131f50	8	42275584	42300125	50	0.2394
bd151865-0220-4dee-8337-f8c52b131f50	8	42300300	43026230	392	0.4607
bd151865-0220-4dee-8337-f8c52b131f50	8	43028711	53592753	3673	0.1003
bd151865-0220-4dee-8337-f8c52b131f50	8	53593337	55044866	884	0.0724
bd151865-0220-4dee-8337-f8c52b131f50	8	55056284	60049262	3080	0.018
bd151865-0220-4dee-8337-f8c52b131f50	8	60049360	69740058	5675	0.0662
bd151865-0220-4dee-8337-f8c52b131f50	8	69740614	76807799	4274	0.1234
bd151865-0220-4dee-8337-f8c52b131f50	8	76812699	81495627	2576	0.6422
bd151865-0220-4dee-8337-f8c52b131f50	8	81495750	88570396	3583	0.5899
bd151865-0220-4dee-8337-f8c52b131f50	8	88572035	89309483	477	0.6388
bd151865-0220-4dee-8337-f8c52b131f50	8	89309653	89409221	79	0.346
bd151865-0220-4dee-8337-f8c52b131f50	8	89411845	89786771	185	0.6051
bd151865-0220-4dee-8337-f8c52b131f50	8	89789246	89977465	99	0.0906
bd151865-0220-4dee-8337-f8c52b131f50	8	89977863	93883526	2197	0.5953
bd151865-0220-4dee-8337-f8c52b131f50	8	93886259	105355223	6860	0.65
bd151865-0220-4dee-8337-f8c52b131f50	8	105356118	107932832	1288	0.7166
bd151865-0220-4dee-8337-f8c52b131f50	8	107933120	115211943	3696	0.6544
bd151865-0220-4dee-8337-f8c52b131f50	8	115215234	125949454	7158	0.6096
bd151865-0220-4dee-8337-f8c52b131f50	8	125950362	126580371	418	0.6479
bd151865-0220-4dee-8337-f8c52b131f50	8	126580541	127404434	622	0.7019
bd151865-0220-4dee-8337-f8c52b131f50	8	127407996	131206319	2643	0.636
bd151865-0220-4dee-8337-f8c52b131f50	8	131206942	134831057	2887	0.591
bd151865-0220-4dee-8337-f8c52b131f50	8	134837529	139302777	3254	0.5352
bd151865-0220-4dee-8337-f8c52b131f50	8	139306124	144182542	1525	0.6008
bd151865-0220-4dee-8337-f8c52b131f50	9	789794	1627666	235	0.5931
bd151865-0220-4dee-8337-f8c52b131f50	9	1630175	2949527	1288	0.6436
bd151865-0220-4dee-8337-f8c52b131f50	9	2949545	9195670	3758	0.5633
bd151865-0220-4dee-8337-f8c52b131f50	9	9196072	10002871	390	0.2776
bd151865-0220-4dee-8337-f8c52b131f50	9	10003764	10369733	161	0.7498
bd151865-0220-4dee-8337-f8c52b131f50	9	10370371	10575711	128	0.5963
bd151865-0220-4dee-8337-f8c52b131f50	9	10579056	11055048	268	0.3053
bd151865-0220-4dee-8337-f8c52b131f50	9	11061981	11275227	120	0.4897
bd151865-0220-4dee-8337-f8c52b131f50	9	12527414	12748317	122	1.1213
bd151865-0220-4dee-8337-f8c52b131f50	9	12748487	12848470	61	0.8349
bd151865-0220-4dee-8337-f8c52b131f50	9	12849814	13345537	286	1.0451
bd151865-0220-4dee-8337-f8c52b131f50	9	13345643	13957272	544	0.6742
bd151865-0220-4dee-8337-f8c52b131f50	9	13959670	14364591	339	0.9088
bd151865-0220-4dee-8337-f8c52b131f50	9	14365201	14546382	184	0.6733
bd151865-0220-4dee-8337-f8c52b131f50	9	14547495	14837988	260	1.0736
bd151865-0220-4dee-8337-f8c52b131f50	9	14838862	16063956	841	0.6304
bd151865-0220-4dee-8337-f8c52b131f50	9	16063992	20330257	3557	0.5776
bd151865-0220-4dee-8337-f8c52b131f50	9	20332561	23480749	2080	0.6383
bd151865-0220-4dee-8337-f8c52b131f50	9	23480776	23981614	382	0.5538
bd151865-0220-4dee-8337-f8c52b131f50	9	23983370	23984547	4	-0.1336
bd151865-0220-4dee-8337-f8c52b131f50	9	23988397	24960895	567	0.5848
bd151865-0220-4dee-8337-f8c52b131f50	9	24961894	27756627	1735	0.6179
bd151865-0220-4dee-8337-f8c52b131f50	9	27757961	27830075	54	0.8595
bd151865-0220-4dee-8337-f8c52b131f50	9	27831957	29702075	831	0.6634
bd151865-0220-4dee-8337-f8c52b131f50	9	29702409	68423153	5389	0.3348
bd151865-0220-4dee-8337-f8c52b131f50	9	68424128	75608590	4909	-0.4521
bd151865-0220-4dee-8337-f8c52b131f50	9	75610449	85558965	7163	-0.5155
bd151865-0220-4dee-8337-f8c52b131f50	9	85563609	89973157	2960	-0.4536
bd151865-0220-4dee-8337-f8c52b131f50	9	89974087	95684890	3605	-0.4156
bd151865-0220-4dee-8337-f8c52b131f50	9	95685601	102278981	3986	-0.4898
bd151865-0220-4dee-8337-f8c52b131f50	9	102280342	113167068	7324	-0.4519
bd151865-0220-4dee-8337-f8c52b131f50	9	113167463	120248934	5338	-0.4965
bd151865-0220-4dee-8337-f8c52b131f50	9	120249005	120251722	2	-2.1565
bd151865-0220-4dee-8337-f8c52b131f50	9	120254630	131089088	6273	-0.4612
bd151865-0220-4dee-8337-f8c52b131f50	9	131089802	131091908	2	-2.6987
bd151865-0220-4dee-8337-f8c52b131f50	9	131092123	133699000	1645	-0.4625
bd151865-0220-4dee-8337-f8c52b131f50	9	133700190	135815881	1031	-0.5405
bd151865-0220-4dee-8337-f8c52b131f50	9	135824293	138044505	609	-0.4546
bd151865-0220-4dee-8337-f8c52b131f50	10	366509	4093463	2208	-0.4479
bd151865-0220-4dee-8337-f8c52b131f50	10	4093593	6898325	2109	-0.3824
bd151865-0220-4dee-8337-f8c52b131f50	10	6898416	8193836	1072	-0.479
bd151865-0220-4dee-8337-f8c52b131f50	10	8194201	9130721	781	-0.3964
bd151865-0220-4dee-8337-f8c52b131f50	10	9136200	9893722	415	-0.4396
bd151865-0220-4dee-8337-f8c52b131f50	10	9893803	13797729	3063	-0.4964
bd151865-0220-4dee-8337-f8c52b131f50	10	13797738	16754920	2332	-0.4547
bd151865-0220-4dee-8337-f8c52b131f50	10	16755034	18853517	1511	-0.5295
bd151865-0220-4dee-8337-f8c52b131f50	10	18855536	32387756	9074	-0.417
bd151865-0220-4dee-8337-f8c52b131f50	10	32390904	36616496	2639	-0.0823
bd151865-0220-4dee-8337-f8c52b131f50	10	36618981	49643128	4395	-0.1424
bd151865-0220-4dee-8337-f8c52b131f50	10	49644786	59097252	5185	-0.0929
bd151865-0220-4dee-8337-f8c52b131f50	10	59097772	61924337	2007	-0.0205
bd151865-0220-4dee-8337-f8c52b131f50	10	61925395	82209529	12012	-0.0778
bd151865-0220-4dee-8337-f8c52b131f50	10	82209588	86740608	3224	-0.1242
bd151865-0220-4dee-8337-f8c52b131f50	10	86740837	93165346	3653	-0.0645
bd151865-0220-4dee-8337-f8c52b131f50	10	93166335	93609654	330	-0.4748
bd151865-0220-4dee-8337-f8c52b131f50	10	93609889	106529098	7572	-0.0739
bd151865-0220-4dee-8337-f8c52b131f50	10	106534239	119626523	8867	-0.1262
bd151865-0220-4dee-8337-f8c52b131f50	10	119627936	121718336	1803	-0.087
bd151865-0220-4dee-8337-f8c52b131f50	10	121718343	123014923	856	-0.0284
bd151865-0220-4dee-8337-f8c52b131f50	10	123015640	124654372	1160	-0.1265
bd151865-0220-4dee-8337-f8c52b131f50	10	124656815	124666456	6	0.1165
bd151865-0220-4dee-8337-f8c52b131f50	10	124666560	124828775	80	0.4733
bd151865-0220-4dee-8337-f8c52b131f50	10	124837549	133411599	4891	0.2024
bd151865-0220-4dee-8337-f8c52b131f50	11	456012	25067166	15945	-0.4972
bd151865-0220-4dee-8337-f8c52b131f50	11	25067219	39186774	8582	-0.4673
bd151865-0220-4dee-8337-f8c52b131f50	11	39187170	41050942	1242	-0.5345
bd151865-0220-4dee-8337-f8c52b131f50	11	41051109	41051412	3	-1.6835
bd151865-0220-4dee-8337-f8c52b131f50	11	41051665	41369838	227	-0.5498
bd151865-0220-4dee-8337-f8c52b131f50	11	41372168	42379509	680	0.3079
bd151865-0220-4dee-8337-f8c52b131f50	11	42382197	46284279	2626	-0.5299
bd151865-0220-4dee-8337-f8c52b131f50	11	46284367	46428133	51	0.189
bd151865-0220-4dee-8337-f8c52b131f50	11	46434534	50092125	1264	-0.4411
bd151865-0220-4dee-8337-f8c52b131f50	11	50096159	60828138	2614	0.2339
bd151865-0220-4dee-8337-f8c52b131f50	11	60828366	66088674	1958	0.2807
bd151865-0220-4dee-8337-f8c52b131f50	11	66097565	66184136	52	-0.4816
bd151865-0220-4dee-8337-f8c52b131f50	11	66186586	68869202	865	0.2763
bd151865-0220-4dee-8337-f8c52b131f50	11	68872519	72839990	2073	0.2321
bd151865-0220-4dee-8337-f8c52b131f50	11	72841397	74481257	799	0.2814
bd151865-0220-4dee-8337-f8c52b131f50	11	74484325	79222139	2765	0.4664
bd151865-0220-4dee-8337-f8c52b131f50	11	79222676	79735522	440	0.383
bd151865-0220-4dee-8337-f8c52b131f50	11	79735599	79890553	87	0.3074
bd151865-0220-4dee-8337-f8c52b131f50	11	79902560	80179243	229	-0.0067
bd151865-0220-4dee-8337-f8c52b131f50	11	80180357	80220375	28	-0.4289
bd151865-0220-4dee-8337-f8c52b131f50	11	80220550	80373221	118	-1.115
bd151865-0220-4dee-8337-f8c52b131f50	11	80375408	80592437	175	-0.2797
bd151865-0220-4dee-8337-f8c52b131f50	11	80592502	80752668	110	-0.6544
bd151865-0220-4dee-8337-f8c52b131f50	11	80765032	80836172	35	-0.9804
bd151865-0220-4dee-8337-f8c52b131f50	11	80839796	80955416	91	-0.7335
bd151865-0220-4dee-8337-f8c52b131f50	11	80955800	80981498	15	-0.4443
bd151865-0220-4dee-8337-f8c52b131f50	11	80991406	81134548	128	-0.0953
bd151865-0220-4dee-8337-f8c52b131f50	11	81135441	81138533	4	-1.1127
bd151865-0220-4dee-8337-f8c52b131f50	11	81142073	81223113	45	-0.0478
bd151865-0220-4dee-8337-f8c52b131f50	11	81226161	81489722	168	-1.5132
bd151865-0220-4dee-8337-f8c52b131f50	11	81489772	81837716	233	-0.6562
bd151865-0220-4dee-8337-f8c52b131f50	11	81864971	82261261	272	0.2628
bd151865-0220-4dee-8337-f8c52b131f50	11	82262614	82524136	168	0.5415
bd151865-0220-4dee-8337-f8c52b131f50	11	82648805	83540649	504	0.2732
bd151865-0220-4dee-8337-f8c52b131f50	11	83544682	83634327	75	-0.1162
bd151865-0220-4dee-8337-f8c52b131f50	11	83635812	85888018	1195	0.2197
bd151865-0220-4dee-8337-f8c52b131f50	11	85888102	94210994	4861	0.2648
bd151865-0220-4dee-8337-f8c52b131f50	11	94211396	97916849	2548	0.3109
bd151865-0220-4dee-8337-f8c52b131f50	11	97916915	98116516	111	0.4773
bd151865-0220-4dee-8337-f8c52b131f50	11	98121595	98490759	144	0.2856
bd151865-0220-4dee-8337-f8c52b131f50	11	98490852	101483594	2345	0.2204
bd151865-0220-4dee-8337-f8c52b131f50	11	101483904	110655449	5222	0.2726
bd151865-0220-4dee-8337-f8c52b131f50	11	110656776	111705434	785	0.3389
bd151865-0220-4dee-8337-f8c52b131f50	11	111708249	112329148	311	0.2869
bd151865-0220-4dee-8337-f8c52b131f50	11	112330380	112482431	99	0.1817
bd151865-0220-4dee-8337-f8c52b131f50	11	112483392	122134395	6846	0.2398
bd151865-0220-4dee-8337-f8c52b131f50	11	122138998	123038918	658	0.1576
bd151865-0220-4dee-8337-f8c52b131f50	11	123039069	124248600	900	-0.2119
bd151865-0220-4dee-8337-f8c52b131f50	11	124250415	125720315	980	0.1833
bd151865-0220-4dee-8337-f8c52b131f50	11	125720498	126112810	266	0.319
bd151865-0220-4dee-8337-f8c52b131f50	11	126119712	128910587	2266	0.1971
bd151865-0220-4dee-8337-f8c52b131f50	11	128910802	131100708	1276	0.2693
bd151865-0220-4dee-8337-f8c52b131f50	11	131101729	134272740	2028	0.1733
bd151865-0220-4dee-8337-f8c52b131f50	12	780472	2434958	648	-0.2378
bd151865-0220-4dee-8337-f8c52b131f50	12	2435620	2439108	3	-1.0282
bd151865-0220-4dee-8337-f8c52b131f50	12	2439290	2543114	78	-0.2936
bd151865-0220-4dee-8337-f8c52b131f50	12	2544274	2831697	143	-0.0151
bd151865-0220-4dee-8337-f8c52b131f50	12	2832460	5472953	2035	-0.2494
bd151865-0220-4dee-8337-f8c52b131f50	12	5477259	13551521	4261	-0.1777
bd151865-0220-4dee-8337-f8c52b131f50	12	13552294	13552343	2	-1.6467
bd151865-0220-4dee-8337-f8c52b131f50	12	13555838	16871065	2061	-0.1935
bd151865-0220-4dee-8337-f8c52b131f50	12	16871285	23901582	4337	-0.2343
bd151865-0220-4dee-8337-f8c52b131f50	12	23901625	25261414	849	-0.1425
bd151865-0220-4dee-8337-f8c52b131f50	12	25261804	45717835	9093	-0.2348
bd151865-0220-4dee-8337-f8c52b131f50	12	45719811	55645241	5300	-0.2072
bd151865-0220-4dee-8337-f8c52b131f50	12	55645553	55845472	94	-0.4921
bd151865-0220-4dee-8337-f8c52b131f50	12	55851361	63195927	4345	-0.2027
bd151865-0220-4dee-8337-f8c52b131f50	12	63198798	63203201	2	-1.6965
bd151865-0220-4dee-8337-f8c52b131f50	12	63203991	64801239	786	-0.1931
bd151865-0220-4dee-8337-f8c52b131f50	12	64802197	78631283	8794	-0.2419
bd151865-0220-4dee-8337-f8c52b131f50	12	78636188	80498688	1073	-0.1633
bd151865-0220-4dee-8337-f8c52b131f50	12	80499308	101760421	13045	-0.2452
bd151865-0220-4dee-8337-f8c52b131f50	12	101760438	105366648	2379	-0.2088
bd151865-0220-4dee-8337-f8c52b131f50	12	105367884	110310617	3080	-0.2625
bd151865-0220-4dee-8337-f8c52b131f50	12	110316292	110428043	48	0.8098
bd151865-0220-4dee-8337-f8c52b131f50	12	110434443	112927471	1304	-0.2138
bd151865-0220-4dee-8337-f8c52b131f50	12	112927648	115531623	1634	-0.2971
bd151865-0220-4dee-8337-f8c52b131f50	12	115537315	126183995	6285	-0.2473
bd151865-0220-4dee-8337-f8c52b131f50	12	126185069	132605822	2593	-0.3027
bd151865-0220-4dee-8337-f8c52b131f50	13	18874255	24276185	2721	-0.2518
bd151865-0220-4dee-8337-f8c52b131f50	13	24276572	29335219	3401	0.1686
bd151865-0220-4dee-8337-f8c52b131f50	13	29341099	37157982	5320	-0.2269
bd151865-0220-4dee-8337-f8c52b131f50	13	37158127	42471918	3607	-0.174
bd151865-0220-4dee-8337-f8c52b131f50	13	42472058	47102157	2880	-0.2203
bd151865-0220-4dee-8337-f8c52b131f50	13	47110259	54117897	3373	-0.1779
bd151865-0220-4dee-8337-f8c52b131f50	13	54118023	54211013	86	-0.6332
bd151865-0220-4dee-8337-f8c52b131f50	13	54212650	54542680	178	-0.217
bd151865-0220-4dee-8337-f8c52b131f50	13	54544560	54547379	5	-1.0147
bd151865-0220-4dee-8337-f8c52b131f50	13	54548784	60603802	2830	-0.2291
bd151865-0220-4dee-8337-f8c52b131f50	13	60604122	60605716	2	-1.6616
bd151865-0220-4dee-8337-f8c52b131f50	13	60606068	66635436	2778	-0.2166
bd151865-0220-4dee-8337-f8c52b131f50	13	66637500	66645983	9	-1.0398
bd151865-0220-4dee-8337-f8c52b131f50	13	66656559	69323661	1393	-0.2217
bd151865-0220-4dee-8337-f8c52b131f50	13	69329291	69329371	2	-1.6534
bd151865-0220-4dee-8337-f8c52b131f50	13	69329601	70450279	608	-0.2
bd151865-0220-4dee-8337-f8c52b131f50	13	70450424	70450705	2	-1.2882
bd151865-0220-4dee-8337-f8c52b131f50	13	70450742	70767375	178	-0.2207
bd151865-0220-4dee-8337-f8c52b131f50	13	70767541	72810208	1297	-0.1654
bd151865-0220-4dee-8337-f8c52b131f50	13	72813623	73269792	285	-0.2781
bd151865-0220-4dee-8337-f8c52b131f50	13	73272555	78151420	3337	-0.1639
bd151865-0220-4dee-8337-f8c52b131f50	13	78151589	82727713	2783	-0.2522
bd151865-0220-4dee-8337-f8c52b131f50	13	82730679	82733077	2	-2.384
bd151865-0220-4dee-8337-f8c52b131f50	13	82734679	83118709	248	-0.2155
bd151865-0220-4dee-8337-f8c52b131f50	13	83118988	83123792	3	-1.2332
bd151865-0220-4dee-8337-f8c52b131f50	13	83123800	84634526	820	-0.2278
bd151865-0220-4dee-8337-f8c52b131f50	13	84634747	84636207	2	-1.5789
bd151865-0220-4dee-8337-f8c52b131f50	13	84636567	89700800	2736	-0.1976
bd151865-0220-4dee-8337-f8c52b131f50	13	89702981	95497790	3883	0.4224
bd151865-0220-4dee-8337-f8c52b131f50	13	95500055	95500374	2	-2.2299
bd151865-0220-4dee-8337-f8c52b131f50	13	95502342	98432455	1780	0.5042
bd151865-0220-4dee-8337-f8c52b131f50	13	98432708	104600796	4490	0.4353
bd151865-0220-4dee-8337-f8c52b131f50	13	104601357	106820464	1186	0.4788
bd151865-0220-4dee-8337-f8c52b131f50	13	106824924	111439424	3514	0.4118
bd151865-0220-4dee-8337-f8c52b131f50	13	111441456	111446266	3	-0.788
bd151865-0220-4dee-8337-f8c52b131f50	13	111447481	114226675	1190	0.3964
bd151865-0220-4dee-8337-f8c52b131f50	14	20033191	24374848	1698	0.2194
bd151865-0220-4dee-8337-f8c52b131f50	14	24375565	31525955	4042	0.2734
bd151865-0220-4dee-8337-f8c52b131f50	14	31526513	31526531	2	-0.8659
bd151865-0220-4dee-8337-f8c52b131f50	14	31528707	32492211	603	0.2662
bd151865-0220-4dee-8337-f8c52b131f50	14	32492310	37766666	3433	0.3041
bd151865-0220-4dee-8337-f8c52b131f50	14	37774010	42252214	2359	0.2646
bd151865-0220-4dee-8337-f8c52b131f50	14	42252260	43109353	425	0.1924
bd151865-0220-4dee-8337-f8c52b131f50	14	43112665	43247384	83	-0.0188
bd151865-0220-4dee-8337-f8c52b131f50	14	43248985	43264666	3	-0.985
bd151865-0220-4dee-8337-f8c52b131f50	14	43268290	43318881	27	0.0845
bd151865-0220-4dee-8337-f8c52b131f50	14	43349029	44344656	168	-0.1609
bd151865-0220-4dee-8337-f8c52b131f50	14	44345314	44587168	74	0.0066
bd151865-0220-4dee-8337-f8c52b131f50	14	44595745	47308009	1061	0.2224
bd151865-0220-4dee-8337-f8c52b131f50	14	47308323	51954668	2776	0.3057
bd151865-0220-4dee-8337-f8c52b131f50	14	51954877	55112360	2071	0.2617
bd151865-0220-4dee-8337-f8c52b131f50	14	55112795	56995035	1316	0.3058
bd151865-0220-4dee-8337-f8c52b131f50	14	56995089	58346641	863	0.2316
bd151865-0220-4dee-8337-f8c52b131f50	14	58355211	64236712	3518	0.2959
bd151865-0220-4dee-8337-f8c52b131f50	14	64236727	66310077	1352	0.2327
bd151865-0220-4dee-8337-f8c52b131f50	14	66312313	69535743	1691	0.2683
bd151865-0220-4dee-8337-f8c52b131f50	14	69535968	73031366	2349	0.2114
bd151865-0220-4dee-8337-f8c52b131f50	14	73033406	75350861	1172	0.2578
bd151865-0220-4dee-8337-f8c52b131f50	14	75351844	75645389	228	0.4057
bd151865-0220-4dee-8337-f8c52b131f50	14	75658541	77664401	1305	0.2633
bd151865-0220-4dee-8337-f8c52b131f50	14	77665409	79714312	1499	0.2264
bd151865-0220-4dee-8337-f8c52b131f50	14	79716472	83935717	2730	0.295
bd151865-0220-4dee-8337-f8c52b131f50	14	83938902	87960293	2484	0.2241
bd151865-0220-4dee-8337-f8c52b131f50	14	87960415	88016590	47	0.2955
bd151865-0220-4dee-8337-f8c52b131f50	14	88016885	88272384	183	0.4131
bd151865-0220-4dee-8337-f8c52b131f50	14	88274581	92275162	2260	0.2871
bd151865-0220-4dee-8337-f8c52b131f50	14	92275770	97307824	3587	0.2379
bd151865-0220-4dee-8337-f8c52b131f50	14	97311067	99789643	1836	0.203
bd151865-0220-4dee-8337-f8c52b131f50	14	99792107	105533894	2521	0.252
bd151865-0220-4dee-8337-f8c52b131f50	15	23437561	31359784	3056	-0.1419
bd151865-0220-4dee-8337-f8c52b131f50	15	31360792	45640673	7762	-0.0743
bd151865-0220-4dee-8337-f8c52b131f50	15	45640981	49099092	2337	-0.1295
bd151865-0220-4dee-8337-f8c52b131f50	15	49102594	89434923	24315	-0.0677
bd151865-0220-4dee-8337-f8c52b131f50	15	89440423	89479821	29	0.4336
bd151865-0220-4dee-8337-f8c52b131f50	15	89481683	95102481	3384	0.1226
bd151865-0220-4dee-8337-f8c52b131f50	15	95103965	97014186	1412	0.0433
bd151865-0220-4dee-8337-f8c52b131f50	15	97016555	101344124	2460	0.1194
bd151865-0220-4dee-8337-f8c52b131f50	16	603333	603675	4	-0.3729
bd151865-0220-4dee-8337-f8c52b131f50	16	603845	1077342	91	-1.2766
bd151865-0220-4dee-8337-f8c52b131f50	16	1084267	2795637	466	-0.0616
bd151865-0220-4dee-8337-f8c52b131f50	16	2805024	5448443	1350	-1.2528
bd151865-0220-4dee-8337-f8c52b131f50	16	5450373	7082742	863	-0.1333
bd151865-0220-4dee-8337-f8c52b131f50	16	7316368	7317140	3	-2.4725
bd151865-0220-4dee-8337-f8c52b131f50	16	7319265	8442813	903	-0.1434
bd151865-0220-4dee-8337-f8c52b131f50	16	8443816	12967754	3359	0.2372
bd151865-0220-4dee-8337-f8c52b131f50	16	12972586	13144065	118	-0.5171
bd151865-0220-4dee-8337-f8c52b131f50	16	13144557	13187085	35	0.2637
bd151865-0220-4dee-8337-f8c52b131f50	16	13189627	13459800	214	-0.5669
bd151865-0220-4dee-8337-f8c52b131f50	16	13460286	19405190	1166	0.2689
bd151865-0220-4dee-8337-f8c52b131f50	16	19406858	25699521	2889	0.1867
bd151865-0220-4dee-8337-f8c52b131f50	16	25706861	27851814	1530	0.1346
bd151865-0220-4dee-8337-f8c52b131f50	16	27853438	47329836	1357	0.1842
bd151865-0220-4dee-8337-f8c52b131f50	16	47330703	47337251	3	0.6465
bd151865-0220-4dee-8337-f8c52b131f50	16	47344877	52246755	3196	0.0803
bd151865-0220-4dee-8337-f8c52b131f50	16	52246778	68061798	10269	0.1583
bd151865-0220-4dee-8337-f8c52b131f50	16	68066043	76467407	4311	0.1809
bd151865-0220-4dee-8337-f8c52b131f50	16	76467430	80715309	3760	0.136
bd151865-0220-4dee-8337-f8c52b131f50	16	80715363	82549057	1393	0.1902
bd151865-0220-4dee-8337-f8c52b131f50	16	82549259	86374356	2437	0.1399
bd151865-0220-4dee-8337-f8c52b131f50	16	86374607	87371254	946	0.0963
bd151865-0220-4dee-8337-f8c52b131f50	16	87375660	89317317	515	0.1452
bd151865-0220-4dee-8337-f8c52b131f50	17	1074619	5354196	1869	-0.4
bd151865-0220-4dee-8337-f8c52b131f50	17	5360808	18132758	6811	-0.5066
bd151865-0220-4dee-8337-f8c52b131f50	17	18139956	21399695	1052	-0.4364
bd151865-0220-4dee-8337-f8c52b131f50	17	21774057	27225574	80	-0.0835
bd151865-0220-4dee-8337-f8c52b131f50	17	27226847	30497694	1516	0.2549
bd151865-0220-4dee-8337-f8c52b131f50	17	30500074	31359767	273	-0.0235
bd151865-0220-4dee-8337-f8c52b131f50	17	31363075	31614947	122	0.2626
bd151865-0220-4dee-8337-f8c52b131f50	17	31615959	33068274	815	-0.0393
bd151865-0220-4dee-8337-f8c52b131f50	17	33071828	36732622	1516	-0.1016
bd151865-0220-4dee-8337-f8c52b131f50	17	36732717	47623967	4402	-0.0424
bd151865-0220-4dee-8337-f8c52b131f50	17	47624733	47753582	68	0.2185
bd151865-0220-4dee-8337-f8c52b131f50	17	47763635	50953235	1644	-0.0603
bd151865-0220-4dee-8337-f8c52b131f50	17	50955808	51896448	456	0.0957
bd151865-0220-4dee-8337-f8c52b131f50	17	51896575	55655998	2282	-0.0653
bd151865-0220-4dee-8337-f8c52b131f50	17	55656592	55973142	248	0.1307
bd151865-0220-4dee-8337-f8c52b131f50	17	55973301	57328761	1064	-0.0658
bd151865-0220-4dee-8337-f8c52b131f50	17	57328865	57561162	189	0.1451
bd151865-0220-4dee-8337-f8c52b131f50	17	57562511	64296166	3246	-0.0412
bd151865-0220-4dee-8337-f8c52b131f50	17	64299587	64511513	55	0.3418
bd151865-0220-4dee-8337-f8c52b131f50	17	64516353	68220575	2048	-0.0712
bd151865-0220-4dee-8337-f8c52b131f50	17	68220670	69486173	831	0.0049
bd151865-0220-4dee-8337-f8c52b131f50	17	69486212	70784841	899	-0.0473
bd151865-0220-4dee-8337-f8c52b131f50	17	70789148	70807787	21	0.2929
bd151865-0220-4dee-8337-f8c52b131f50	17	70808313	70902249	73	0.0772
bd151865-0220-4dee-8337-f8c52b131f50	17	70902401	71086645	172	0.3104
bd151865-0220-4dee-8337-f8c52b131f50	17	71090269	82959812	5527	-0.0531
bd151865-0220-4dee-8337-f8c52b131f50	18	326691	5267856	2551	0.3255
bd151865-0220-4dee-8337-f8c52b131f50	18	5275278	5282666	3	-0.6204
bd151865-0220-4dee-8337-f8c52b131f50	18	5290199	9680739	2708	-0.148
bd151865-0220-4dee-8337-f8c52b131f50	18	9684098	11901947	1640	-0.1987
bd151865-0220-4dee-8337-f8c52b131f50	18	11901987	13056084	581	-0.1493
bd151865-0220-4dee-8337-f8c52b131f50	18	13059876	13386036	219	0.2449
bd151865-0220-4dee-8337-f8c52b131f50	18	13387627	13387738	2	1.6439
bd151865-0220-4dee-8337-f8c52b131f50	18	13389228	13527342	121	0.2566
bd151865-0220-4dee-8337-f8c52b131f50	18	13529895	23324442	1545	-0.1584
bd151865-0220-4dee-8337-f8c52b131f50	18	23329937	26882647	2345	-0.5066
bd151865-0220-4dee-8337-f8c52b131f50	18	26889593	33357575	3970	0.55
bd151865-0220-4dee-8337-f8c52b131f50	18	33362611	36652647	1962	0.7616
bd151865-0220-4dee-8337-f8c52b131f50	18	36652953	38552965	1280	0.7023
bd151865-0220-4dee-8337-f8c52b131f50	18	38553265	40544401	1122	0.7691
bd151865-0220-4dee-8337-f8c52b131f50	18	40547569	46873175	3796	0.7108
bd151865-0220-4dee-8337-f8c52b131f50	18	46878141	49782008	1924	0.7508
bd151865-0220-4dee-8337-f8c52b131f50	18	49786827	52925027	2321	0.6768
bd151865-0220-4dee-8337-f8c52b131f50	18	52927448	53578110	386	0.7422
bd151865-0220-4dee-8337-f8c52b131f50	18	53588537	56177933	1568	0.7779
bd151865-0220-4dee-8337-f8c52b131f50	18	56178099	65532329	6093	0.7236
bd151865-0220-4dee-8337-f8c52b131f50	18	65532714	68234489	1190	0.5202
bd151865-0220-4dee-8337-f8c52b131f50	18	68238207	69713532	906	0.5997
bd151865-0220-4dee-8337-f8c52b131f50	18	69717000	71085534	751	0.5263
bd151865-0220-4dee-8337-f8c52b131f50	18	71085979	78284718	3357	0.4606
bd151865-0220-4dee-8337-f8c52b131f50	18	78289115	78454372	106	0.1225
bd151865-0220-4dee-8337-f8c52b131f50	18	78455035	78476912	18	0.4456
bd151865-0220-4dee-8337-f8c52b131f50	18	78480143	79349796	467	0.6468
bd151865-0220-4dee-8337-f8c52b131f50	19	283868	4406163	1004	-0.4624
bd151865-0220-4dee-8337-f8c52b131f50	19	4673369	9872134	2281	0.2719
bd151865-0220-4dee-8337-f8c52b131f50	19	9881532	14036451	1779	-0.447
bd151865-0220-4dee-8337-f8c52b131f50	19	14036781	16117614	1098	-0.3311
bd151865-0220-4dee-8337-f8c52b131f50	19	16118760	21228077	1660	-0.4429
bd151865-0220-4dee-8337-f8c52b131f50	19	21228753	22624927	553	-0.5384
bd151865-0220-4dee-8337-f8c52b131f50	19	22625090	23872082	688	-0.4218
bd151865-0220-4dee-8337-f8c52b131f50	19	27749470	32159595	3288	0.2306
bd151865-0220-4dee-8337-f8c52b131f50	19	32160405	34530808	1465	0.3169
bd151865-0220-4dee-8337-f8c52b131f50	19	34531414	34692265	115	0.2492
bd151865-0220-4dee-8337-f8c52b131f50	19	34696016	39965892	2638	0.7167
bd151865-0220-4dee-8337-f8c52b131f50	19	39968701	46683196	2766	0.2791
bd151865-0220-4dee-8337-f8c52b131f50	19	46684238	49550472	1162	0.4963
bd151865-0220-4dee-8337-f8c52b131f50	19	49557854	57862267	3385	0.4252
bd151865-0220-4dee-8337-f8c52b131f50	19	57884476	58370362	275	-0.1541
bd151865-0220-4dee-8337-f8c52b131f50	20	472817	5794125	3137	0.3023
bd151865-0220-4dee-8337-f8c52b131f50	20	5797597	12669665	4697	0.3634
bd151865-0220-4dee-8337-f8c52b131f50	20	12669678	15235318	1263	0.3208
bd151865-0220-4dee-8337-f8c52b131f50	20	15235549	15495022	211	0.652
bd151865-0220-4dee-8337-f8c52b131f50	20	15495315	18981605	2950	0.7598
bd151865-0220-4dee-8337-f8c52b131f50	20	18985681	23834662	3491	0.6249
bd151865-0220-4dee-8337-f8c52b131f50	20	23837405	37746669	4411	0.3676
bd151865-0220-4dee-8337-f8c52b131f50	20	37746995	39551009	1149	0.0735
bd151865-0220-4dee-8337-f8c52b131f50	20	39551867	39551886	2	-1.5319
bd151865-0220-4dee-8337-f8c52b131f50	20	39552181	39963212	331	0.086
bd151865-0220-4dee-8337-f8c52b131f50	20	39965286	43051186	2139	0.1461
bd151865-0220-4dee-8337-f8c52b131f50	20	43051412	45227383	1366	0.0661
bd151865-0220-4dee-8337-f8c52b131f50	20	45228057	49681321	2958	0.1299
bd151865-0220-4dee-8337-f8c52b131f50	20	49738173	49742021	2	-1.2256
bd151865-0220-4dee-8337-f8c52b131f50	20	49743359	51090524	791	0.1299
bd151865-0220-4dee-8337-f8c52b131f50	20	51090896	55771503	3377	0.0795
bd151865-0220-4dee-8337-f8c52b131f50	20	55771758	58546017	2079	0.1255
bd151865-0220-4dee-8337-f8c52b131f50	20	58546039	61891959	2548	0.0573
bd151865-0220-4dee-8337-f8c52b131f50	20	61892163	62863195	439	0.1341
bd151865-0220-4dee-8337-f8c52b131f50	20	62864183	63588502	211	0.056
bd151865-0220-4dee-8337-f8c52b131f50	21	13974127	15571745	1104	0.2678
bd151865-0220-4dee-8337-f8c52b131f50	21	15573242	15835762	36	0.4181
bd151865-0220-4dee-8337-f8c52b131f50	21	15839803	15840069	2	-0.8752
bd151865-0220-4dee-8337-f8c52b131f50	21	15840520	18768270	1824	0.3538
bd151865-0220-4dee-8337-f8c52b131f50	21	18770277	27291404	5545	0.2714
bd151865-0220-4dee-8337-f8c52b131f50	21	27292824	27293275	4	-0.7487
bd151865-0220-4dee-8337-f8c52b131f50	21	27293538	32795334	3542	0.315
bd151865-0220-4dee-8337-f8c52b131f50	21	32795915	45227667	8205	0.2806
bd151865-0220-4dee-8337-f8c52b131f50	21	45670561	46262057	317	-1.2168
bd151865-0220-4dee-8337-f8c52b131f50	22	16934932	21741482	772	0.4669
bd151865-0220-4dee-8337-f8c52b131f50	22	21742513	23507992	125	0.6414
bd151865-0220-4dee-8337-f8c52b131f50	22	23512471	23527204	15	-0.1031
bd151865-0220-4dee-8337-f8c52b131f50	22	23527597	23713755	64	0.464
bd151865-0220-4dee-8337-f8c52b131f50	22	23714294	23769479	19	0.0502
bd151865-0220-4dee-8337-f8c52b131f50	22	23775338	23795509	10	0.5098
bd151865-0220-4dee-8337-f8c52b131f50	22	23796114	24506638	245	0.1533
bd151865-0220-4dee-8337-f8c52b131f50	22	24506959	24762107	95	0.4872
bd151865-0220-4dee-8337-f8c52b131f50	22	24766857	24832610	50	0.1247
bd151865-0220-4dee-8337-f8c52b131f50	22	24832827	25111144	203	0.3784
bd151865-0220-4dee-8337-f8c52b131f50	22	25111179	28909355	2833	0.1547
bd151865-0220-4dee-8337-f8c52b131f50	22	28911170	29029444	90	-0.1167
bd151865-0220-4dee-8337-f8c52b131f50	22	29033381	29144142	98	0.6104
bd151865-0220-4dee-8337-f8c52b131f50	22	29153393	29683672	285	-0.0932
bd151865-0220-4dee-8337-f8c52b131f50	22	29685726	29708069	14	0.3894
bd151865-0220-4dee-8337-f8c52b131f50	22	29708920	29740918	10	-0.1771
bd151865-0220-4dee-8337-f8c52b131f50	22	29744837	29792256	30	0.359
bd151865-0220-4dee-8337-f8c52b131f50	22	29795648	29876634	45	-0.0755
bd151865-0220-4dee-8337-f8c52b131f50	22	29884173	30867641	567	0.3866
bd151865-0220-4dee-8337-f8c52b131f50	22	30870007	31920724	515	0.9072
bd151865-0220-4dee-8337-f8c52b131f50	22	31922632	32492133	385	0.3695
bd151865-0220-4dee-8337-f8c52b131f50	22	32508595	32598842	95	0.7443
bd151865-0220-4dee-8337-f8c52b131f50	22	32600989	34619305	1825	0.3418
bd151865-0220-4dee-8337-f8c52b131f50	22	34619834	35502271	708	0.5515
bd151865-0220-4dee-8337-f8c52b131f50	22	35502646	35874674	139	0.3833
bd151865-0220-4dee-8337-f8c52b131f50	22	35880519	37722238	1008	-0.1178
bd151865-0220-4dee-8337-f8c52b131f50	22	37736174	38177015	170	0.4369
bd151865-0220-4dee-8337-f8c52b131f50	22	38178059	38557009	201	0.5982
bd151865-0220-4dee-8337-f8c52b131f50	22	38567307	39157767	245	-0.1161
bd151865-0220-4dee-8337-f8c52b131f50	22	39158754	39233091	24	0.345
bd151865-0220-4dee-8337-f8c52b131f50	22	39255961	39287529	24	-0.1549
bd151865-0220-4dee-8337-f8c52b131f50	22	39291479	39316309	16	0.3511
bd151865-0220-4dee-8337-f8c52b131f50	22	39323080	39328132	6	-0.2565
bd151865-0220-4dee-8337-f8c52b131f50	22	39329682	39477465	62	0.3153
bd151865-0220-4dee-8337-f8c52b131f50	22	39478785	43875003	2324	-0.1084
bd151865-0220-4dee-8337-f8c52b131f50	22	43876356	43897774	19	-0.6893
bd151865-0220-4dee-8337-f8c52b131f50	22	43902377	44721554	697	-0.1827
bd151865-0220-4dee-8337-f8c52b131f50	22	44721714	47938521	2185	-0.1054
bd151865-0220-4dee-8337-f8c52b131f50	22	47943120	48940621	874	-0.1862
bd151865-0220-4dee-8337-f8c52b131f50	X	3236359	9299622	1264	0.0155
bd151865-0220-4dee-8337-f8c52b131f50	X	9300825	9300952	2	-3.3957
bd151865-0220-4dee-8337-f8c52b131f50	X	9301001	28802013	10153	0.0385
bd151865-0220-4dee-8337-f8c52b131f50	X	28804309	35693467	3052	-0.0242
bd151865-0220-4dee-8337-f8c52b131f50	X	35696818	36510345	483	0.0555
bd151865-0220-4dee-8337-f8c52b131f50	X	36510739	36511293	3	-1.4206
bd151865-0220-4dee-8337-f8c52b131f50	X	36513062	51489780	6696	0.0381
bd151865-0220-4dee-8337-f8c52b131f50	X	51491028	67025142	3709	-0.031
bd151865-0220-4dee-8337-f8c52b131f50	X	67027979	69258521	1070	0.0385
bd151865-0220-4dee-8337-f8c52b131f50	X	69260740	69260923	2	-4.0356
bd151865-0220-4dee-8337-f8c52b131f50	X	69261925	92270997	8798	0.0019
bd151865-0220-4dee-8337-f8c52b131f50	X	92271735	92271982	2	-3.9334
bd151865-0220-4dee-8337-f8c52b131f50	X	92281019	142309955	22418	0.0289
bd151865-0220-4dee-8337-f8c52b131f50	X	142311181	142334305	15	-3.871
bd151865-0220-4dee-8337-f8c52b131f50	X	142334365	142392113	41	-1.6842
bd151865-0220-4dee-8337-f8c52b131f50	X	142394433	142408672	11	-4.8926
bd151865-0220-4dee-8337-f8c52b131f50	X	142409704	145236451	1559	-0.0217
bd151865-0220-4dee-8337-f8c52b131f50	X	145237450	145244831	8	-1.0575
bd151865-0220-4dee-8337-f8c52b131f50	X	145251163	146319745	697	-0.0379
bd151865-0220-4dee-8337-f8c52b131f50	X	146321743	146322064	2	-2.3273
bd151865-0220-4dee-8337-f8c52b131f50	X	146326422	147142604	511	0.0054
bd151865-0220-4dee-8337-f8c52b131f50	X	147148619	147194352	30	-2.2418
bd151865-0220-4dee-8337-f8c52b131f50	X	147197388	155677414	3334	0.0254
