GDC_Aliquot	Chromosome	Start	End	Num_Probes	Segment_Mean
6f6a5220-5d0c-4954-a95e-f25060179734	1	3301765	8400744	3239	0.1649
6f6a5220-5d0c-4954-a95e-f25060179734	1	8405609	8630844	102	-0.2945
6f6a5220-5d0c-4954-a95e-f25060179734	1	8658852	12255588	1767	0.1403
6f6a5220-5d0c-4954-a95e-f25060179734	1	12256314	21040276	4973	0.179
6f6a5220-5d0c-4954-a95e-f25060179734	1	21042805	23313056	1191	0.142
6f6a5220-5d0c-4954-a95e-f25060179734	1	23318962	23364180	27	-0.3517
6f6a5220-5d0c-4954-a95e-f25060179734	1	23364538	46623945	11912	0.1736
6f6a5220-5d0c-4954-a95e-f25060179734	1	46625477	52527749	2962	0.2356
6f6a5220-5d0c-4954-a95e-f25060179734	1	52528277	55101604	1615	0.1794
6f6a5220-5d0c-4954-a95e-f25060179734	1	55101737	64837707	7109	0.2734
6f6a5220-5d0c-4954-a95e-f25060179734	1	64838744	65277440	425	0.1788
6f6a5220-5d0c-4954-a95e-f25060179734	1	65279246	82351556	10096	0.2616
6f6a5220-5d0c-4954-a95e-f25060179734	1	82351766	86509720	2754	0.3046
6f6a5220-5d0c-4954-a95e-f25060179734	1	86510433	95102482	5272	0.2645
6f6a5220-5d0c-4954-a95e-f25060179734	1	95102609	99592794	2705	0.3282
6f6a5220-5d0c-4954-a95e-f25060179734	1	99592995	101768573	1389	0.2647
6f6a5220-5d0c-4954-a95e-f25060179734	1	101769408	104048386	1013	-0.2018
6f6a5220-5d0c-4954-a95e-f25060179734	1	104048489	117111220	7907	-0.2519
6f6a5220-5d0c-4954-a95e-f25060179734	1	117112016	119737931	1556	-0.18
6f6a5220-5d0c-4954-a95e-f25060179734	1	119765652	149906351	142	1.0004
6f6a5220-5d0c-4954-a95e-f25060179734	1	149907993	152440885	1064	0.7893
6f6a5220-5d0c-4954-a95e-f25060179734	1	152441223	153302849	573	0.8873
6f6a5220-5d0c-4954-a95e-f25060179734	1	153303030	156916588	1641	0.7431
6f6a5220-5d0c-4954-a95e-f25060179734	1	156917379	158341447	962	0.8329
6f6a5220-5d0c-4954-a95e-f25060179734	1	158341960	159646491	846	0.2706
6f6a5220-5d0c-4954-a95e-f25060179734	1	159649566	161746380	1172	0.1938
6f6a5220-5d0c-4954-a95e-f25060179734	1	161747029	164379450	1970	0.2938
6f6a5220-5d0c-4954-a95e-f25060179734	1	164381231	168558617	3213	0.2521
6f6a5220-5d0c-4954-a95e-f25060179734	1	168558662	169380527	678	0.3252
6f6a5220-5d0c-4954-a95e-f25060179734	1	169387110	169483672	55	-0.0351
6f6a5220-5d0c-4954-a95e-f25060179734	1	169486633	173314005	2571	0.3252
6f6a5220-5d0c-4954-a95e-f25060179734	1	173314165	185807555	7651	0.2788
6f6a5220-5d0c-4954-a95e-f25060179734	1	185810907	188613027	1803	0.3581
6f6a5220-5d0c-4954-a95e-f25060179734	1	188614310	199809515	6369	0.6708
6f6a5220-5d0c-4954-a95e-f25060179734	1	199809815	200904392	686	0.5956
6f6a5220-5d0c-4954-a95e-f25060179734	1	200905024	206543529	3565	0.5358
6f6a5220-5d0c-4954-a95e-f25060179734	1	206545085	209583366	2228	0.5928
6f6a5220-5d0c-4954-a95e-f25060179734	1	209585172	209826915	238	1.0204
6f6a5220-5d0c-4954-a95e-f25060179734	1	209829611	210187230	226	0.6741
6f6a5220-5d0c-4954-a95e-f25060179734	1	210194458	212991307	1848	0.5857
6f6a5220-5d0c-4954-a95e-f25060179734	1	212994420	225686357	8252	0.635
6f6a5220-5d0c-4954-a95e-f25060179734	1	225687307	230419488	2753	0.5556
6f6a5220-5d0c-4954-a95e-f25060179734	1	230424679	233823659	2460	0.608
6f6a5220-5d0c-4954-a95e-f25060179734	1	233827424	233828272	2	1.738
6f6a5220-5d0c-4954-a95e-f25060179734	1	233830577	234469407	521	0.6345
6f6a5220-5d0c-4954-a95e-f25060179734	1	234469808	236960879	1579	0.5906
6f6a5220-5d0c-4954-a95e-f25060179734	1	236961327	238726651	1449	0.6469
6f6a5220-5d0c-4954-a95e-f25060179734	1	238726812	238753099	24	0.2543
6f6a5220-5d0c-4954-a95e-f25060179734	1	238755113	247650984	5256	0.6059
6f6a5220-5d0c-4954-a95e-f25060179734	2	480597	489329	4	0.0611
6f6a5220-5d0c-4954-a95e-f25060179734	2	494424	3143365	1105	0.5419
6f6a5220-5d0c-4954-a95e-f25060179734	2	3293235	4102986	590	0.2152
6f6a5220-5d0c-4954-a95e-f25060179734	2	4106961	6744393	2049	0.5829
6f6a5220-5d0c-4954-a95e-f25060179734	2	6745046	9860076	2073	0.5455
6f6a5220-5d0c-4954-a95e-f25060179734	2	9863064	9865179	2	-0.6422
6f6a5220-5d0c-4954-a95e-f25060179734	2	9867602	10774116	622	0.5311
6f6a5220-5d0c-4954-a95e-f25060179734	2	10776544	10782099	6	-0.2115
6f6a5220-5d0c-4954-a95e-f25060179734	2	10782175	12210676	1101	0.5516
6f6a5220-5d0c-4954-a95e-f25060179734	2	12212558	17932766	3764	0.5904
6f6a5220-5d0c-4954-a95e-f25060179734	2	17933516	22897087	3277	0.6369
6f6a5220-5d0c-4954-a95e-f25060179734	2	22897124	23459860	447	0.5825
6f6a5220-5d0c-4954-a95e-f25060179734	2	23460263	30341629	3618	0.546
6f6a5220-5d0c-4954-a95e-f25060179734	2	30342403	34223001	2045	0.594
6f6a5220-5d0c-4954-a95e-f25060179734	2	34223095	34223655	2	-0.9808
6f6a5220-5d0c-4954-a95e-f25060179734	2	34224686	40116643	2968	0.6179
6f6a5220-5d0c-4954-a95e-f25060179734	2	40117602	41819654	1068	0.6845
6f6a5220-5d0c-4954-a95e-f25060179734	2	41819681	55294680	7937	0.6086
6f6a5220-5d0c-4954-a95e-f25060179734	2	55295249	59746822	2580	0.3101
6f6a5220-5d0c-4954-a95e-f25060179734	2	59747066	65564634	3085	0.2651
6f6a5220-5d0c-4954-a95e-f25060179734	2	65566659	69085477	2419	0.3076
6f6a5220-5d0c-4954-a95e-f25060179734	2	69085837	75171823	3439	0.2246
6f6a5220-5d0c-4954-a95e-f25060179734	2	75174488	77578993	1418	0.3315
6f6a5220-5d0c-4954-a95e-f25060179734	2	77580432	81707483	2057	0.2813
6f6a5220-5d0c-4954-a95e-f25060179734	2	81707752	84943347	1776	0.3421
6f6a5220-5d0c-4954-a95e-f25060179734	2	84947002	98039517	2208	0.2235
6f6a5220-5d0c-4954-a95e-f25060179734	2	98039776	98392716	235	0.2967
6f6a5220-5d0c-4954-a95e-f25060179734	2	98394379	120181814	11723	-0.2168
6f6a5220-5d0c-4954-a95e-f25060179734	2	120183583	121346285	735	-0.3017
6f6a5220-5d0c-4954-a95e-f25060179734	2	121346428	126844222	2535	-0.1947
6f6a5220-5d0c-4954-a95e-f25060179734	2	126847357	136408573	4703	-0.2632
6f6a5220-5d0c-4954-a95e-f25060179734	2	136408581	140656542	2214	-0.1581
6f6a5220-5d0c-4954-a95e-f25060179734	2	140656871	150595528	5705	-0.2153
6f6a5220-5d0c-4954-a95e-f25060179734	2	150595811	151930887	954	-0.1521
6f6a5220-5d0c-4954-a95e-f25060179734	2	151931183	153725772	1103	-0.1987
6f6a5220-5d0c-4954-a95e-f25060179734	2	153726051	171263619	10253	-0.1345
6f6a5220-5d0c-4954-a95e-f25060179734	2	171263693	177210948	3800	-0.1979
6f6a5220-5d0c-4954-a95e-f25060179734	2	177214225	177239188	12	-0.8944
6f6a5220-5d0c-4954-a95e-f25060179734	2	177242685	178232893	586	-0.1888
6f6a5220-5d0c-4954-a95e-f25060179734	2	178235884	200625031	11411	-0.1373
6f6a5220-5d0c-4954-a95e-f25060179734	2	200625536	202823788	1031	-0.2143
6f6a5220-5d0c-4954-a95e-f25060179734	2	202826447	215715828	7780	-0.1451
6f6a5220-5d0c-4954-a95e-f25060179734	2	215715848	217845657	1523	-0.2033
6f6a5220-5d0c-4954-a95e-f25060179734	2	217845908	219705123	906	-0.2689
6f6a5220-5d0c-4954-a95e-f25060179734	2	219706204	220906326	870	-0.1981
6f6a5220-5d0c-4954-a95e-f25060179734	2	220906670	229556889	5634	-0.1618
6f6a5220-5d0c-4954-a95e-f25060179734	2	229557466	237584475	4688	-0.2363
6f6a5220-5d0c-4954-a95e-f25060179734	2	237584539	241537572	2189	-0.3066
6f6a5220-5d0c-4954-a95e-f25060179734	3	2170634	2292979	88	-1.2374
6f6a5220-5d0c-4954-a95e-f25060179734	3	2296547	3232153	408	0.2666
6f6a5220-5d0c-4954-a95e-f25060179734	3	3232524	3233131	3	-0.681
6f6a5220-5d0c-4954-a95e-f25060179734	3	3234744	3244690	15	0.3894
6f6a5220-5d0c-4954-a95e-f25060179734	3	3244970	3284281	37	0.1178
6f6a5220-5d0c-4954-a95e-f25060179734	3	3284513	3575445	296	0.3101
6f6a5220-5d0c-4954-a95e-f25060179734	3	3577820	3578284	5	-0.4396
6f6a5220-5d0c-4954-a95e-f25060179734	3	3578610	8665808	2890	0.2703
6f6a5220-5d0c-4954-a95e-f25060179734	3	8666298	16594673	5200	0.2138
6f6a5220-5d0c-4954-a95e-f25060179734	3	16594895	22871881	3121	0.2859
6f6a5220-5d0c-4954-a95e-f25060179734	3	22874496	24295091	856	0.2173
6f6a5220-5d0c-4954-a95e-f25060179734	3	24297492	27872782	2216	0.2816
6f6a5220-5d0c-4954-a95e-f25060179734	3	27873035	31086591	2241	0.3382
6f6a5220-5d0c-4954-a95e-f25060179734	3	31086990	33588189	1520	0.257
6f6a5220-5d0c-4954-a95e-f25060179734	3	33592487	36675692	1815	0.2977
6f6a5220-5d0c-4954-a95e-f25060179734	3	36677182	41214205	2925	0.2431
6f6a5220-5d0c-4954-a95e-f25060179734	3	41216001	41244752	91	-0.6996
6f6a5220-5d0c-4954-a95e-f25060179734	3	41246202	41276177	26	-1.1097
6f6a5220-5d0c-4954-a95e-f25060179734	3	41283371	41442154	94	0.2984
6f6a5220-5d0c-4954-a95e-f25060179734	3	41446649	41701795	87	-0.1662
6f6a5220-5d0c-4954-a95e-f25060179734	3	41707541	46673894	2746	0.2247
6f6a5220-5d0c-4954-a95e-f25060179734	3	46675671	50658239	1506	0.1382
6f6a5220-5d0c-4954-a95e-f25060179734	3	50661106	51842639	505	0.2418
6f6a5220-5d0c-4954-a95e-f25060179734	3	51845858	52589583	269	0.1149
6f6a5220-5d0c-4954-a95e-f25060179734	3	52594610	53429877	448	0.2109
6f6a5220-5d0c-4954-a95e-f25060179734	3	53431701	56424132	2301	0.2818
6f6a5220-5d0c-4954-a95e-f25060179734	3	56425933	64242072	4316	0.2489
6f6a5220-5d0c-4954-a95e-f25060179734	3	64244162	70524825	4620	0.3064
6f6a5220-5d0c-4954-a95e-f25060179734	3	70527791	70527805	2	-1.4165
6f6a5220-5d0c-4954-a95e-f25060179734	3	70529073	71182593	447	0.3035
6f6a5220-5d0c-4954-a95e-f25060179734	3	71183117	73211996	1415	0.2012
6f6a5220-5d0c-4954-a95e-f25060179734	3	73212073	80383223	3919	0.2747
6f6a5220-5d0c-4954-a95e-f25060179734	3	80387646	80388124	2	-1.0928
6f6a5220-5d0c-4954-a95e-f25060179734	3	80388436	83190798	1525	0.2925
6f6a5220-5d0c-4954-a95e-f25060179734	3	83195370	83202909	3	-0.8599
6f6a5220-5d0c-4954-a95e-f25060179734	3	83206056	100799806	6769	0.2903
6f6a5220-5d0c-4954-a95e-f25060179734	3	100803009	111251549	5810	0.3228
6f6a5220-5d0c-4954-a95e-f25060179734	3	111252522	117211469	3808	0.2689
6f6a5220-5d0c-4954-a95e-f25060179734	3	117214340	124764022	4402	0.5775
6f6a5220-5d0c-4954-a95e-f25060179734	3	124764242	130212605	2880	0.5014
6f6a5220-5d0c-4954-a95e-f25060179734	3	130212780	144594249	8134	0.5761
6f6a5220-5d0c-4954-a95e-f25060179734	3	144595434	146618821	1158	0.6131
6f6a5220-5d0c-4954-a95e-f25060179734	3	146620268	148946965	870	0.6883
6f6a5220-5d0c-4954-a95e-f25060179734	3	148947294	160961478	6781	0.6156
6f6a5220-5d0c-4954-a95e-f25060179734	3	160963452	160968000	2	-1.2285
6f6a5220-5d0c-4954-a95e-f25060179734	3	160968648	166668911	2401	0.6063
6f6a5220-5d0c-4954-a95e-f25060179734	3	166673353	166673676	2	-1.1612
6f6a5220-5d0c-4954-a95e-f25060179734	3	166675789	179066745	6326	0.6439
6f6a5220-5d0c-4954-a95e-f25060179734	3	179067741	179870501	575	0.5679
6f6a5220-5d0c-4954-a95e-f25060179734	3	179870844	182984925	1629	0.6341
6f6a5220-5d0c-4954-a95e-f25060179734	3	182985059	187292482	2148	0.542
6f6a5220-5d0c-4954-a95e-f25060179734	3	187294107	187728173	333	0.6281
6f6a5220-5d0c-4954-a95e-f25060179734	3	187728260	188275068	380	0.554
6f6a5220-5d0c-4954-a95e-f25060179734	3	188281749	193834901	3499	0.6368
6f6a5220-5d0c-4954-a95e-f25060179734	3	193839023	197812401	1356	0.5178
6f6a5220-5d0c-4954-a95e-f25060179734	4	1059384	10572531	5029	-0.2746
6f6a5220-5d0c-4954-a95e-f25060179734	4	10572699	12789555	1697	-0.132
6f6a5220-5d0c-4954-a95e-f25060179734	4	12791438	18761068	4300	-0.2048
6f6a5220-5d0c-4954-a95e-f25060179734	4	18761509	20502576	1010	-0.1146
6f6a5220-5d0c-4954-a95e-f25060179734	4	20505858	36603292	9996	-0.1832
6f6a5220-5d0c-4954-a95e-f25060179734	4	36604375	36604380	2	1.3625
6f6a5220-5d0c-4954-a95e-f25060179734	4	36604879	38939212	1684	-0.1943
6f6a5220-5d0c-4954-a95e-f25060179734	4	38942187	38943842	5	-1.1467
6f6a5220-5d0c-4954-a95e-f25060179734	4	38944377	67725105	13971	-0.173
6f6a5220-5d0c-4954-a95e-f25060179734	4	67728622	76760805	4590	-0.1366
6f6a5220-5d0c-4954-a95e-f25060179734	4	76767263	76773868	8	-0.9049
6f6a5220-5d0c-4954-a95e-f25060179734	4	76773914	82435080	3407	-0.1344
6f6a5220-5d0c-4954-a95e-f25060179734	4	82437609	83936767	908	-0.2076
6f6a5220-5d0c-4954-a95e-f25060179734	4	83936803	94312801	5813	-0.1343
6f6a5220-5d0c-4954-a95e-f25060179734	4	94316461	94317527	3	0.999
6f6a5220-5d0c-4954-a95e-f25060179734	4	94319718	107049704	7143	-0.1295
6f6a5220-5d0c-4954-a95e-f25060179734	4	107050632	112753289	3269	-0.1878
6f6a5220-5d0c-4954-a95e-f25060179734	4	112754185	116675152	2303	-0.1169
6f6a5220-5d0c-4954-a95e-f25060179734	4	116675809	123108454	3637	-0.1674
6f6a5220-5d0c-4954-a95e-f25060179734	4	123112177	129254594	3208	-0.1318
6f6a5220-5d0c-4954-a95e-f25060179734	4	129255330	129258419	3	-2.0534
6f6a5220-5d0c-4954-a95e-f25060179734	4	129259069	148811548	10611	-0.1648
6f6a5220-5d0c-4954-a95e-f25060179734	4	148811961	148852490	26	-0.8999
6f6a5220-5d0c-4954-a95e-f25060179734	4	148852786	148898751	23	-0.0752
6f6a5220-5d0c-4954-a95e-f25060179734	4	148899935	148923931	11	-0.7328
6f6a5220-5d0c-4954-a95e-f25060179734	4	148928480	154137849	2750	-0.1726
6f6a5220-5d0c-4954-a95e-f25060179734	4	154137945	161254386	4216	-0.1187
6f6a5220-5d0c-4954-a95e-f25060179734	4	161257138	164560663	1994	-0.1774
6f6a5220-5d0c-4954-a95e-f25060179734	4	164562792	164562994	4	-1.2344
6f6a5220-5d0c-4954-a95e-f25060179734	4	164568992	176145278	6114	-0.1564
6f6a5220-5d0c-4954-a95e-f25060179734	4	176147291	186980063	5253	-0.2131
6f6a5220-5d0c-4954-a95e-f25060179734	4	186982258	186995876	13	-0.9288
6f6a5220-5d0c-4954-a95e-f25060179734	4	187001590	187842528	526	-0.2119
6f6a5220-5d0c-4954-a95e-f25060179734	5	913983	2973598	1058	1.2172
6f6a5220-5d0c-4954-a95e-f25060179734	5	2974878	6010478	2540	1.1725
6f6a5220-5d0c-4954-a95e-f25060179734	5	6010533	6818731	664	1.0884
6f6a5220-5d0c-4954-a95e-f25060179734	5	6818763	8067860	904	1.1596
6f6a5220-5d0c-4954-a95e-f25060179734	5	8070518	11048283	2098	1.2262
6f6a5220-5d0c-4954-a95e-f25060179734	5	11048576	11750696	579	1.2788
6f6a5220-5d0c-4954-a95e-f25060179734	5	11757259	11757549	3	-0.0318
6f6a5220-5d0c-4954-a95e-f25060179734	5	11757851	15331010	2120	1.2707
6f6a5220-5d0c-4954-a95e-f25060179734	5	15331022	15333229	12	0.5808
6f6a5220-5d0c-4954-a95e-f25060179734	5	15333744	16515607	341	1.2973
6f6a5220-5d0c-4954-a95e-f25060179734	5	16524346	17256447	473	1.1588
6f6a5220-5d0c-4954-a95e-f25060179734	5	17260723	17416546	79	1.2537
6f6a5220-5d0c-4954-a95e-f25060179734	5	17418221	20150712	1370	1.3787
6f6a5220-5d0c-4954-a95e-f25060179734	5	20150972	21325041	480	1.2361
6f6a5220-5d0c-4954-a95e-f25060179734	5	21325164	21361673	11	0.5584
6f6a5220-5d0c-4954-a95e-f25060179734	5	21391680	26701735	2804	1.2207
6f6a5220-5d0c-4954-a95e-f25060179734	5	26705703	27187299	272	1.3542
6f6a5220-5d0c-4954-a95e-f25060179734	5	27189142	27189243	2	-0.264
6f6a5220-5d0c-4954-a95e-f25060179734	5	27191586	29461100	1176	1.4124
6f6a5220-5d0c-4954-a95e-f25060179734	5	29462822	30898035	842	1.271
6f6a5220-5d0c-4954-a95e-f25060179734	5	30898868	34758050	2199	1.1934
6f6a5220-5d0c-4954-a95e-f25060179734	5	34758196	39427122	2967	1.3883
6f6a5220-5d0c-4954-a95e-f25060179734	5	39428444	39430709	2	3.41
6f6a5220-5d0c-4954-a95e-f25060179734	5	39430876	40094889	446	1.3633
6f6a5220-5d0c-4954-a95e-f25060179734	5	40096054	40138979	34	1.8507
6f6a5220-5d0c-4954-a95e-f25060179734	5	40140276	40393503	163	1.3369
6f6a5220-5d0c-4954-a95e-f25060179734	5	40394834	40750600	199	1.1617
6f6a5220-5d0c-4954-a95e-f25060179734	5	40752982	43418418	1477	1.3548
6f6a5220-5d0c-4954-a95e-f25060179734	5	43419690	44542043	498	1.587
6f6a5220-5d0c-4954-a95e-f25060179734	5	44545703	45383300	330	1.3618
6f6a5220-5d0c-4954-a95e-f25060179734	5	50828231	51826631	522	-0.1674
6f6a5220-5d0c-4954-a95e-f25060179734	5	51827417	52058519	133	0.166
6f6a5220-5d0c-4954-a95e-f25060179734	5	52065317	52070472	2	-1.2963
6f6a5220-5d0c-4954-a95e-f25060179734	5	52070868	52386425	164	0.2105
6f6a5220-5d0c-4954-a95e-f25060179734	5	52389521	76207945	13397	-0.1739
6f6a5220-5d0c-4954-a95e-f25060179734	5	76208489	81480216	3171	-0.2108
6f6a5220-5d0c-4954-a95e-f25060179734	5	81480384	108421651	13465	-0.1388
6f6a5220-5d0c-4954-a95e-f25060179734	5	108422470	123665483	9212	-0.1671
6f6a5220-5d0c-4954-a95e-f25060179734	5	123665520	126414940	1690	-0.1231
6f6a5220-5d0c-4954-a95e-f25060179734	5	126415978	126817053	232	-0.2448
6f6a5220-5d0c-4954-a95e-f25060179734	5	126821398	131144498	2391	-0.1175
6f6a5220-5d0c-4954-a95e-f25060179734	5	131145383	135471693	2598	-0.2212
6f6a5220-5d0c-4954-a95e-f25060179734	5	135471710	137200513	1190	-0.1604
6f6a5220-5d0c-4954-a95e-f25060179734	5	137202028	143687854	3477	-0.2192
6f6a5220-5d0c-4954-a95e-f25060179734	5	143688082	144881437	729	-0.1446
6f6a5220-5d0c-4954-a95e-f25060179734	5	144882423	144883383	6	-1.1018
6f6a5220-5d0c-4954-a95e-f25060179734	5	144896661	148748469	2467	-0.1527
6f6a5220-5d0c-4954-a95e-f25060179734	5	148748768	149262552	406	-0.209
6f6a5220-5d0c-4954-a95e-f25060179734	5	149262718	151733956	1647	-0.2532
6f6a5220-5d0c-4954-a95e-f25060179734	5	151736127	157038245	3453	-0.1949
6f6a5220-5d0c-4954-a95e-f25060179734	5	157038938	157570844	378	-0.2814
6f6a5220-5d0c-4954-a95e-f25060179734	5	157570860	160891155	2215	-0.1798
6f6a5220-5d0c-4954-a95e-f25060179734	5	160891981	162046397	693	-0.1188
6f6a5220-5d0c-4954-a95e-f25060179734	5	162047550	167832205	3656	-0.1892
6f6a5220-5d0c-4954-a95e-f25060179734	5	167832528	175468191	5363	-0.2452
6f6a5220-5d0c-4954-a95e-f25060179734	5	175468399	180934240	2341	-0.3027
6f6a5220-5d0c-4954-a95e-f25060179734	6	1011760	2935343	1460	0.5804
6f6a5220-5d0c-4954-a95e-f25060179734	6	2935535	3076735	152	0.4425
6f6a5220-5d0c-4954-a95e-f25060179734	6	3077640	8058406	3624	0.573
6f6a5220-5d0c-4954-a95e-f25060179734	6	8058784	13216763	3592	0.6251
6f6a5220-5d0c-4954-a95e-f25060179734	6	13217760	14729138	1135	0.5332
6f6a5220-5d0c-4954-a95e-f25060179734	6	14729357	15540946	364	0.4359
6f6a5220-5d0c-4954-a95e-f25060179734	6	15550859	15678277	70	0.5815
6f6a5220-5d0c-4954-a95e-f25060179734	6	15678292	15678460	2	-0.3664
6f6a5220-5d0c-4954-a95e-f25060179734	6	15678493	18225070	1725	0.5538
6f6a5220-5d0c-4954-a95e-f25060179734	6	18226470	18293160	86	0.3755
6f6a5220-5d0c-4954-a95e-f25060179734	6	18293601	21553502	2331	0.6278
6f6a5220-5d0c-4954-a95e-f25060179734	6	21557362	24513408	2163	0.3408
6f6a5220-5d0c-4954-a95e-f25060179734	6	24514341	29704752	2172	0.2397
6f6a5220-5d0c-4954-a95e-f25060179734	6	29706420	37796631	3220	0.1856
6f6a5220-5d0c-4954-a95e-f25060179734	6	37799091	40464026	1940	0.2583
6f6a5220-5d0c-4954-a95e-f25060179734	6	40464040	44262108	2232	0.1957
6f6a5220-5d0c-4954-a95e-f25060179734	6	44262851	44679637	319	0.2508
6f6a5220-5d0c-4954-a95e-f25060179734	6	44679738	46810362	1160	0.3106
6f6a5220-5d0c-4954-a95e-f25060179734	6	46817236	46854748	22	-0.1893
6f6a5220-5d0c-4954-a95e-f25060179734	6	46854852	48945525	1322	0.3476
6f6a5220-5d0c-4954-a95e-f25060179734	6	48945818	53951415	3055	0.2948
6f6a5220-5d0c-4954-a95e-f25060179734	6	53952880	56457022	1603	0.3696
6f6a5220-5d0c-4954-a95e-f25060179734	6	56460844	56462101	5	-1.0828
6f6a5220-5d0c-4954-a95e-f25060179734	6	56464867	56981317	250	-0.179
6f6a5220-5d0c-4954-a95e-f25060179734	6	56981536	69616133	4449	-0.9217
6f6a5220-5d0c-4954-a95e-f25060179734	6	69616725	69625400	6	-2.987
6f6a5220-5d0c-4954-a95e-f25060179734	6	69625475	71445998	1000	-0.9906
6f6a5220-5d0c-4954-a95e-f25060179734	6	71448100	73051035	1063	-0.9236
6f6a5220-5d0c-4954-a95e-f25060179734	6	73052108	73052154	2	-4.2526
6f6a5220-5d0c-4954-a95e-f25060179734	6	73056090	86750947	7553	-0.915
6f6a5220-5d0c-4954-a95e-f25060179734	6	86751036	91451336	2858	-1.017
6f6a5220-5d0c-4954-a95e-f25060179734	6	91452461	91461501	6	-3.471
6f6a5220-5d0c-4954-a95e-f25060179734	6	91461608	154704323	37344	-0.9544
6f6a5220-5d0c-4954-a95e-f25060179734	6	154707479	170596889	8612	-1.0477
6f6a5220-5d0c-4954-a95e-f25060179734	7	664936	2972777	748	0.8224
6f6a5220-5d0c-4954-a95e-f25060179734	7	2984996	3325809	299	0.9051
6f6a5220-5d0c-4954-a95e-f25060179734	7	3469994	4081946	183	1.0169
6f6a5220-5d0c-4954-a95e-f25060179734	7	4082213	6735057	1073	0.8561
6f6a5220-5d0c-4954-a95e-f25060179734	7	6736405	15751663	5292	1.0384
6f6a5220-5d0c-4954-a95e-f25060179734	7	15751943	16398851	452	1.1329
6f6a5220-5d0c-4954-a95e-f25060179734	7	16399183	20320838	1665	1.0475
6f6a5220-5d0c-4954-a95e-f25060179734	7	20321307	20351760	26	0.8844
6f6a5220-5d0c-4954-a95e-f25060179734	7	20352241	23995508	2584	0.7667
6f6a5220-5d0c-4954-a95e-f25060179734	7	24000259	24000764	2	2.1886
6f6a5220-5d0c-4954-a95e-f25060179734	7	24001198	24346376	369	0.7611
6f6a5220-5d0c-4954-a95e-f25060179734	7	24356854	27406121	2077	0.7007
6f6a5220-5d0c-4954-a95e-f25060179734	7	27406580	27677750	177	0.7576
6f6a5220-5d0c-4954-a95e-f25060179734	7	27678097	28285847	397	0.4815
6f6a5220-5d0c-4954-a95e-f25060179734	7	28291967	31139860	1671	0.7384
6f6a5220-5d0c-4954-a95e-f25060179734	7	31144874	32152196	785	0.7936
6f6a5220-5d0c-4954-a95e-f25060179734	7	32152416	43723970	7276	0.7146
6f6a5220-5d0c-4954-a95e-f25060179734	7	43724830	45910847	1100	0.6197
6f6a5220-5d0c-4954-a95e-f25060179734	7	45913798	55094643	6554	0.751
6f6a5220-5d0c-4954-a95e-f25060179734	7	55096021	56612139	815	0.6453
6f6a5220-5d0c-4954-a95e-f25060179734	7	56615394	56636689	21	0.8191
6f6a5220-5d0c-4954-a95e-f25060179734	7	56641562	57184979	29	0.4035
6f6a5220-5d0c-4954-a95e-f25060179734	7	57185111	72854426	4088	-0.0026
6f6a5220-5d0c-4954-a95e-f25060179734	7	72859231	77130464	921	-0.0925
6f6a5220-5d0c-4954-a95e-f25060179734	7	77135653	78355748	811	0.0199
6f6a5220-5d0c-4954-a95e-f25060179734	7	78356266	82735723	2734	0.0629
6f6a5220-5d0c-4954-a95e-f25060179734	7	82736157	85728559	1804	0.1267
6f6a5220-5d0c-4954-a95e-f25060179734	7	85730842	96992355	5620	0.0677
6f6a5220-5d0c-4954-a95e-f25060179734	7	96993408	97193169	92	0.5768
6f6a5220-5d0c-4954-a95e-f25060179734	7	97196139	97664992	270	0.0446
6f6a5220-5d0c-4954-a95e-f25060179734	7	97665774	98167323	231	0.0181
6f6a5220-5d0c-4954-a95e-f25060179734	7	98167922	102832716	1659	-0.0742
6f6a5220-5d0c-4954-a95e-f25060179734	7	102834492	104755202	1193	0.0087
6f6a5220-5d0c-4954-a95e-f25060179734	7	104755214	105906065	607	-0.0616
6f6a5220-5d0c-4954-a95e-f25060179734	7	105906291	105906472	2	1.1141
6f6a5220-5d0c-4954-a95e-f25060179734	7	105906556	109732078	2288	-0.0508
6f6a5220-5d0c-4954-a95e-f25060179734	7	109732390	119531074	4977	0.0356
6f6a5220-5d0c-4954-a95e-f25060179734	7	119531546	119533381	3	-0.8115
6f6a5220-5d0c-4954-a95e-f25060179734	7	119537791	120269173	325	0.0404
6f6a5220-5d0c-4954-a95e-f25060179734	7	120269853	125668934	3108	0.7219
6f6a5220-5d0c-4954-a95e-f25060179734	7	125672812	127743116	1149	0.6599
6f6a5220-5d0c-4954-a95e-f25060179734	7	127744458	127899419	84	0.8565
6f6a5220-5d0c-4954-a95e-f25060179734	7	127899814	129790171	813	0.5642
6f6a5220-5d0c-4954-a95e-f25060179734	7	129791154	136170108	3842	0.3029
6f6a5220-5d0c-4954-a95e-f25060179734	7	136170811	137773290	1083	0.3687
6f6a5220-5d0c-4954-a95e-f25060179734	7	137775636	144019340	2948	0.3089
6f6a5220-5d0c-4954-a95e-f25060179734	7	144019376	148838494	2846	0.3636
6f6a5220-5d0c-4954-a95e-f25060179734	7	148838678	158592540	4878	0.2935
6f6a5220-5d0c-4954-a95e-f25060179734	8	667625	13129116	5609	-0.4347
6f6a5220-5d0c-4954-a95e-f25060179734	8	13129297	19505425	4859	-0.3457
6f6a5220-5d0c-4954-a95e-f25060179734	8	19505426	19506452	2	-4.6949
6f6a5220-5d0c-4954-a95e-f25060179734	8	19506495	19582967	61	-0.2963
6f6a5220-5d0c-4954-a95e-f25060179734	8	19583557	23794189	2901	-0.4258
6f6a5220-5d0c-4954-a95e-f25060179734	8	23794846	27096950	2335	-0.3711
6f6a5220-5d0c-4954-a95e-f25060179734	8	27098489	30794513	2382	-0.424
6f6a5220-5d0c-4954-a95e-f25060179734	8	30794984	35633356	2902	-0.3461
6f6a5220-5d0c-4954-a95e-f25060179734	8	35635466	35645787	6	-0.0344
6f6a5220-5d0c-4954-a95e-f25060179734	8	35649516	35703404	39	0.2148
6f6a5220-5d0c-4954-a95e-f25060179734	8	35703504	39278700	1699	-0.1228
6f6a5220-5d0c-4954-a95e-f25060179734	8	39278712	40856618	994	-0.0217
6f6a5220-5d0c-4954-a95e-f25060179734	8	40859198	42946512	1249	-0.1415
6f6a5220-5d0c-4954-a95e-f25060179734	8	42949116	53418126	3608	-0.0797
6f6a5220-5d0c-4954-a95e-f25060179734	8	53418246	53423305	3	-1.5773
6f6a5220-5d0c-4954-a95e-f25060179734	8	53423317	56919746	2058	-0.0903
6f6a5220-5d0c-4954-a95e-f25060179734	8	56921399	56921798	2	-3.6494
6f6a5220-5d0c-4954-a95e-f25060179734	8	56926528	61621424	3047	-0.0672
6f6a5220-5d0c-4954-a95e-f25060179734	8	61622730	84547541	13101	-0.0248
6f6a5220-5d0c-4954-a95e-f25060179734	8	84551830	85828939	517	-0.0751
6f6a5220-5d0c-4954-a95e-f25060179734	8	85829000	89857181	2223	-0.9374
6f6a5220-5d0c-4954-a95e-f25060179734	8	89858006	89859461	2	-3.1054
6f6a5220-5d0c-4954-a95e-f25060179734	8	89859722	91541767	901	-0.949
6f6a5220-5d0c-4954-a95e-f25060179734	8	91548433	106833629	8759	-0.0525
6f6a5220-5d0c-4954-a95e-f25060179734	8	106833670	122281054	9096	-0.0238
6f6a5220-5d0c-4954-a95e-f25060179734	8	122282756	125488266	2122	-0.094
6f6a5220-5d0c-4954-a95e-f25060179734	8	125492293	139958711	10771	0.3939
6f6a5220-5d0c-4954-a95e-f25060179734	8	139963211	140160476	142	-0.0905
6f6a5220-5d0c-4954-a95e-f25060179734	8	140166393	144182542	824	0.2957
6f6a5220-5d0c-4954-a95e-f25060179734	9	789794	4991135	3035	-1.0254
6f6a5220-5d0c-4954-a95e-f25060179734	9	4991748	5058806	101	-0.6314
6f6a5220-5d0c-4954-a95e-f25060179734	9	5058991	5793195	278	-0.9254
6f6a5220-5d0c-4954-a95e-f25060179734	9	5797714	9077934	1737	-1.0403
6f6a5220-5d0c-4954-a95e-f25060179734	9	9085115	21899356	8389	-0.9571
6f6a5220-5d0c-4954-a95e-f25060179734	9	21900125	22024352	97	-2.9859
6f6a5220-5d0c-4954-a95e-f25060179734	9	22027005	29780388	4524	-0.9745
6f6a5220-5d0c-4954-a95e-f25060179734	9	30001540	32066963	1185	-0.1468
6f6a5220-5d0c-4954-a95e-f25060179734	9	32068380	33552883	1036	0.6042
6f6a5220-5d0c-4954-a95e-f25060179734	9	33556546	36000001	1252	0.2154
6f6a5220-5d0c-4954-a95e-f25060179734	9	36002884	38747691	1834	-1.0203
6f6a5220-5d0c-4954-a95e-f25060179734	9	38752071	69118752	623	-0.2962
6f6a5220-5d0c-4954-a95e-f25060179734	9	69125255	69127809	3	0.818
6f6a5220-5d0c-4954-a95e-f25060179734	9	69131137	82916343	9472	-0.2862
6f6a5220-5d0c-4954-a95e-f25060179734	9	82918168	99421977	10911	-0.3357
6f6a5220-5d0c-4954-a95e-f25060179734	9	99428648	107297874	4713	-0.2637
6f6a5220-5d0c-4954-a95e-f25060179734	9	107297962	107842480	420	-0.3652
6f6a5220-5d0c-4954-a95e-f25060179734	9	107843735	112833758	3662	-0.2776
6f6a5220-5d0c-4954-a95e-f25060179734	9	112835318	114705273	1267	0.1686
6f6a5220-5d0c-4954-a95e-f25060179734	9	114708041	116103702	954	0.2407
6f6a5220-5d0c-4954-a95e-f25060179734	9	116105389	118243594	1710	0.1774
6f6a5220-5d0c-4954-a95e-f25060179734	9	118244453	120144193	1496	0.2372
6f6a5220-5d0c-4954-a95e-f25060179734	9	120144427	127407595	4457	0.1653
6f6a5220-5d0c-4954-a95e-f25060179734	9	127436587	138044505	5209	0.0727
6f6a5220-5d0c-4954-a95e-f25060179734	10	366509	3117338	1343	0.2832
6f6a5220-5d0c-4954-a95e-f25060179734	10	3120218	3949557	737	0.211
6f6a5220-5d0c-4954-a95e-f25060179734	10	3950694	5349700	1159	0.295
6f6a5220-5d0c-4954-a95e-f25060179734	10	5349923	8687788	2625	0.25
6f6a5220-5d0c-4954-a95e-f25060179734	10	8688497	11206000	1894	0.2941
6f6a5220-5d0c-4954-a95e-f25060179734	10	11206376	15473483	3288	0.2297
6f6a5220-5d0c-4954-a95e-f25060179734	10	15478941	16602916	808	0.2718
6f6a5220-5d0c-4954-a95e-f25060179734	10	16607611	16707917	104	-0.2048
6f6a5220-5d0c-4954-a95e-f25060179734	10	16708512	19971535	2293	0.2849
6f6a5220-5d0c-4954-a95e-f25060179734	10	19972869	20002974	22	-0.1365
6f6a5220-5d0c-4954-a95e-f25060179734	10	20003292	31733418	7914	0.2721
6f6a5220-5d0c-4954-a95e-f25060179734	10	31734168	31737324	2	-1.0784
6f6a5220-5d0c-4954-a95e-f25060179734	10	31739194	37636241	3607	0.2809
6f6a5220-5d0c-4954-a95e-f25060179734	10	37637025	49152757	3476	0.214
6f6a5220-5d0c-4954-a95e-f25060179734	10	49153166	50825940	509	0.2558
6f6a5220-5d0c-4954-a95e-f25060179734	10	50826346	67630149	10226	0.3325
6f6a5220-5d0c-4954-a95e-f25060179734	10	67642104	68987711	697	0.2433
6f6a5220-5d0c-4954-a95e-f25060179734	10	68991609	72098791	2211	0.1875
6f6a5220-5d0c-4954-a95e-f25060179734	10	72102274	75528287	1492	0.2376
6f6a5220-5d0c-4954-a95e-f25060179734	10	75530692	77219069	1240	0.3142
6f6a5220-5d0c-4954-a95e-f25060179734	10	77219133	80812165	2286	0.2129
6f6a5220-5d0c-4954-a95e-f25060179734	10	80812353	86019557	3708	0.2968
6f6a5220-5d0c-4954-a95e-f25060179734	10	86020995	87958134	1026	0.2322
6f6a5220-5d0c-4954-a95e-f25060179734	10	87958155	96206172	4918	0.2989
6f6a5220-5d0c-4954-a95e-f25060179734	10	96211228	98419517	1460	0.2252
6f6a5220-5d0c-4954-a95e-f25060179734	10	98422191	99344631	519	0.3053
6f6a5220-5d0c-4954-a95e-f25060179734	10	99344955	103890182	2283	0.211
6f6a5220-5d0c-4954-a95e-f25060179734	10	103891546	104267601	274	0.2663
6f6a5220-5d0c-4954-a95e-f25060179734	10	104271437	104454566	122	0.6263
6f6a5220-5d0c-4954-a95e-f25060179734	10	104455984	111245906	4491	0.275
6f6a5220-5d0c-4954-a95e-f25060179734	10	111246023	116366911	3617	0.3087
6f6a5220-5d0c-4954-a95e-f25060179734	10	116367322	118836909	1681	0.254
6f6a5220-5d0c-4954-a95e-f25060179734	10	118837165	119685483	540	0.1685
6f6a5220-5d0c-4954-a95e-f25060179734	10	119687191	122623940	2376	0.2832
6f6a5220-5d0c-4954-a95e-f25060179734	10	122623964	125125751	1679	0.218
6f6a5220-5d0c-4954-a95e-f25060179734	10	125126467	127927112	2110	0.2596
6f6a5220-5d0c-4954-a95e-f25060179734	10	127930408	133411599	2595	0.2103
6f6a5220-5d0c-4954-a95e-f25060179734	11	456120	2107079	437	-1.0911
6f6a5220-5d0c-4954-a95e-f25060179734	11	2113932	3875801	717	-0.2986
6f6a5220-5d0c-4954-a95e-f25060179734	11	3876460	8024003	2786	-0.2128
6f6a5220-5d0c-4954-a95e-f25060179734	11	8029153	8064105	23	0.3061
6f6a5220-5d0c-4954-a95e-f25060179734	11	8065440	24471163	11573	-0.2024
6f6a5220-5d0c-4954-a95e-f25060179734	11	24471934	24472330	3	-0.7035
6f6a5220-5d0c-4954-a95e-f25060179734	11	24472919	29875428	3366	-0.144
6f6a5220-5d0c-4954-a95e-f25060179734	11	29875550	43712853	8692	-0.2093
6f6a5220-5d0c-4954-a95e-f25060179734	11	43716480	48213328	2531	-0.2715
6f6a5220-5d0c-4954-a95e-f25060179734	11	48215001	50092125	519	-0.1578
6f6a5220-5d0c-4954-a95e-f25060179734	11	50096159	57168325	566	0.3278
6f6a5220-5d0c-4954-a95e-f25060179734	11	57173060	60487021	1870	0.2505
6f6a5220-5d0c-4954-a95e-f25060179734	11	60489820	60699108	103	0.3244
6f6a5220-5d0c-4954-a95e-f25060179734	11	60699176	73295564	5242	0.1722
6f6a5220-5d0c-4954-a95e-f25060179734	11	73296391	78010916	2492	0.2183
6f6a5220-5d0c-4954-a95e-f25060179734	11	78013628	78470358	263	0.1658
6f6a5220-5d0c-4954-a95e-f25060179734	11	78471339	79634979	959	0.2473
6f6a5220-5d0c-4954-a95e-f25060179734	11	79636086	81214908	1144	0.3043
6f6a5220-5d0c-4954-a95e-f25060179734	11	81217428	90229566	5156	-0.1663
6f6a5220-5d0c-4954-a95e-f25060179734	11	90230187	90230247	2	-2.0458
6f6a5220-5d0c-4954-a95e-f25060179734	11	90238494	99119480	5615	-0.1772
6f6a5220-5d0c-4954-a95e-f25060179734	11	99119651	107043413	5086	-0.126
6f6a5220-5d0c-4954-a95e-f25060179734	11	107045688	111241049	2487	-0.1705
6f6a5220-5d0c-4954-a95e-f25060179734	11	111241521	117120407	4106	-0.2179
6f6a5220-5d0c-4954-a95e-f25060179734	11	117121210	123642374	4578	-0.2578
6f6a5220-5d0c-4954-a95e-f25060179734	11	123642505	134272740	7260	-0.2263
6f6a5220-5d0c-4954-a95e-f25060179734	12	780472	889199	52	-0.1316
6f6a5220-5d0c-4954-a95e-f25060179734	12	889224	8957016	4534	-0.2439
6f6a5220-5d0c-4954-a95e-f25060179734	12	8957691	12629967	2014	-0.1954
6f6a5220-5d0c-4954-a95e-f25060179734	12	12629981	23938048	7013	-0.1356
6f6a5220-5d0c-4954-a95e-f25060179734	12	23939448	31797512	5110	-0.2024
6f6a5220-5d0c-4954-a95e-f25060179734	12	31798303	33140973	912	0.2012
6f6a5220-5d0c-4954-a95e-f25060179734	12	33246810	33368172	88	-0.1547
6f6a5220-5d0c-4954-a95e-f25060179734	12	33368216	47708313	4918	0.257
6f6a5220-5d0c-4954-a95e-f25060179734	12	47708853	54744189	3670	0.1605
6f6a5220-5d0c-4954-a95e-f25060179734	12	54744723	55573218	494	0.2686
6f6a5220-5d0c-4954-a95e-f25060179734	12	55573234	57646056	969	0.1269
6f6a5220-5d0c-4954-a95e-f25060179734	12	57652787	58191848	310	0.5219
6f6a5220-5d0c-4954-a95e-f25060179734	12	58194706	62016658	2412	0.2848
6f6a5220-5d0c-4954-a95e-f25060179734	12	62024308	77401395	9478	0.2428
6f6a5220-5d0c-4954-a95e-f25060179734	12	77405105	84263665	4256	0.2829
6f6a5220-5d0c-4954-a95e-f25060179734	12	84263941	103697090	11983	-0.1988
6f6a5220-5d0c-4954-a95e-f25060179734	12	103697191	115076070	6814	-0.2539
6f6a5220-5d0c-4954-a95e-f25060179734	12	115076408	116239228	1007	-0.1895
6f6a5220-5d0c-4954-a95e-f25060179734	12	116243489	120743191	2755	-0.2563
6f6a5220-5d0c-4954-a95e-f25060179734	12	120743259	120746031	4	-1.3188
6f6a5220-5d0c-4954-a95e-f25060179734	12	120748746	122588869	858	-0.277
6f6a5220-5d0c-4954-a95e-f25060179734	12	122595219	122765973	69	0.1978
6f6a5220-5d0c-4954-a95e-f25060179734	12	122768593	125099367	1194	-0.2857
6f6a5220-5d0c-4954-a95e-f25060179734	12	125103651	127354465	1612	-0.2175
6f6a5220-5d0c-4954-a95e-f25060179734	12	127355234	132605822	1835	-0.3147
6f6a5220-5d0c-4954-a95e-f25060179734	13	18874255	25704159	3460	-0.2206
6f6a5220-5d0c-4954-a95e-f25060179734	13	25705956	31367073	4108	-0.2658
6f6a5220-5d0c-4954-a95e-f25060179734	13	31368471	33788101	1648	-0.2034
6f6a5220-5d0c-4954-a95e-f25060179734	13	33788143	39301655	3765	-0.1753
6f6a5220-5d0c-4954-a95e-f25060179734	13	39301794	53468404	7965	-0.225
6f6a5220-5d0c-4954-a95e-f25060179734	13	53470840	58860359	2435	-0.1763
6f6a5220-5d0c-4954-a95e-f25060179734	13	58860838	68462516	4642	-0.2232
6f6a5220-5d0c-4954-a95e-f25060179734	13	68465098	90880614	13661	-0.17
6f6a5220-5d0c-4954-a95e-f25060179734	13	90883987	93782811	1976	-0.1993
6f6a5220-5d0c-4954-a95e-f25060179734	13	93785503	93896041	62	-1.0144
6f6a5220-5d0c-4954-a95e-f25060179734	13	93904187	100870412	4355	-0.2222
6f6a5220-5d0c-4954-a95e-f25060179734	13	100870513	100870716	2	-2.174
6f6a5220-5d0c-4954-a95e-f25060179734	13	100871172	102849670	1604	-0.2281
6f6a5220-5d0c-4954-a95e-f25060179734	13	102849982	102850493	3	-1.4218
6f6a5220-5d0c-4954-a95e-f25060179734	13	102850972	110309121	5318	-0.2248
6f6a5220-5d0c-4954-a95e-f25060179734	13	110309495	111517720	880	-0.2986
6f6a5220-5d0c-4954-a95e-f25060179734	13	111518677	111518766	2	1.0815
6f6a5220-5d0c-4954-a95e-f25060179734	13	111521972	111597077	57	-0.3468
6f6a5220-5d0c-4954-a95e-f25060179734	13	111597394	111597763	3	-1.4609
6f6a5220-5d0c-4954-a95e-f25060179734	13	111598047	114226675	1059	-0.2974
6f6a5220-5d0c-4954-a95e-f25060179734	14	20033191	20766609	484	0.1915
6f6a5220-5d0c-4954-a95e-f25060179734	14	20766839	23756060	900	0.1081
6f6a5220-5d0c-4954-a95e-f25060179734	14	23756361	23938512	125	0.2452
6f6a5220-5d0c-4954-a95e-f25060179734	14	23938707	24597388	269	0.0747
6f6a5220-5d0c-4954-a95e-f25060179734	14	24598367	25745751	844	0.2192
6f6a5220-5d0c-4954-a95e-f25060179734	14	25750311	25750970	4	-1.0451
6f6a5220-5d0c-4954-a95e-f25060179734	14	25753531	34123486	5095	0.2199
6f6a5220-5d0c-4954-a95e-f25060179734	14	34123818	35448061	618	0.1361
6f6a5220-5d0c-4954-a95e-f25060179734	14	35449490	37894612	1510	0.2387
6f6a5220-5d0c-4954-a95e-f25060179734	14	37894862	38661027	423	0.3428
6f6a5220-5d0c-4954-a95e-f25060179734	14	38661717	38706579	21	0.1924
6f6a5220-5d0c-4954-a95e-f25060179734	14	38707617	49449778	4897	0.0407
6f6a5220-5d0c-4954-a95e-f25060179734	14	49450006	62013530	8014	0.002
6f6a5220-5d0c-4954-a95e-f25060179734	14	62015750	62844150	585	0.076
6f6a5220-5d0c-4954-a95e-f25060179734	14	62847873	66368629	2141	-0.0135
6f6a5220-5d0c-4954-a95e-f25060179734	14	66369265	67166309	273	0.0616
6f6a5220-5d0c-4954-a95e-f25060179734	14	67167041	67292719	60	0.3856
6f6a5220-5d0c-4954-a95e-f25060179734	14	67293348	67391669	49	-0.0055
6f6a5220-5d0c-4954-a95e-f25060179734	14	67398027	78155916	6733	-0.0457
6f6a5220-5d0c-4954-a95e-f25060179734	14	78156135	88034807	6384	-0.0032
6f6a5220-5d0c-4954-a95e-f25060179734	14	88035508	103060796	9533	-0.0818
6f6a5220-5d0c-4954-a95e-f25060179734	14	103066816	103100567	9	-0.8563
6f6a5220-5d0c-4954-a95e-f25060179734	14	103113312	103398376	163	-0.0804
6f6a5220-5d0c-4954-a95e-f25060179734	14	103402929	103403291	2	-1.6562
6f6a5220-5d0c-4954-a95e-f25060179734	14	103403512	105533894	668	-0.1407
6f6a5220-5d0c-4954-a95e-f25060179734	15	23437561	35320606	5161	-0.2339
6f6a5220-5d0c-4954-a95e-f25060179734	15	35326100	35574119	115	-0.9082
6f6a5220-5d0c-4954-a95e-f25060179734	15	35578651	40084018	3155	-0.1519
6f6a5220-5d0c-4954-a95e-f25060179734	15	40084195	45739953	2483	-0.2474
6f6a5220-5d0c-4954-a95e-f25060179734	15	45741168	52816530	4392	-0.1924
6f6a5220-5d0c-4954-a95e-f25060179734	15	52819315	55010318	1678	-0.1412
6f6a5220-5d0c-4954-a95e-f25060179734	15	55010921	62007604	4709	-0.1959
6f6a5220-5d0c-4954-a95e-f25060179734	15	62012452	63896165	1321	-0.2337
6f6a5220-5d0c-4954-a95e-f25060179734	15	63896507	70368841	3865	-0.2691
6f6a5220-5d0c-4954-a95e-f25060179734	15	70369514	73631839	1849	-0.2127
6f6a5220-5d0c-4954-a95e-f25060179734	15	73634402	79977833	3349	-0.282
6f6a5220-5d0c-4954-a95e-f25060179734	15	79980476	92222361	7248	-0.2409
6f6a5220-5d0c-4954-a95e-f25060179734	15	92222389	95482589	1893	-0.2021
6f6a5220-5d0c-4954-a95e-f25060179734	15	95483141	95487297	3	-1.6273
6f6a5220-5d0c-4954-a95e-f25060179734	15	95488078	100205806	2992	-0.2135
6f6a5220-5d0c-4954-a95e-f25060179734	15	100205908	100206996	2	-1.562
6f6a5220-5d0c-4954-a95e-f25060179734	15	100207347	101344124	585	-0.2756
6f6a5220-5d0c-4954-a95e-f25060179734	16	603333	5102861	1704	-0.3068
6f6a5220-5d0c-4954-a95e-f25060179734	16	5109479	10485223	3563	-0.2426
6f6a5220-5d0c-4954-a95e-f25060179734	16	10488767	10543699	37	-0.8364
6f6a5220-5d0c-4954-a95e-f25060179734	16	10546027	12929761	1724	-0.2909
6f6a5220-5d0c-4954-a95e-f25060179734	16	12929899	13616280	524	-0.2168
6f6a5220-5d0c-4954-a95e-f25060179734	16	13616294	13618735	3	-1.5115
6f6a5220-5d0c-4954-a95e-f25060179734	16	13619199	20019510	1356	-0.1959
6f6a5220-5d0c-4954-a95e-f25060179734	16	20023898	26861423	3544	-0.2656
6f6a5220-5d0c-4954-a95e-f25060179734	16	26867700	31549369	1449	-0.3202
6f6a5220-5d0c-4954-a95e-f25060179734	16	31554195	49388177	1668	-0.2105
6f6a5220-5d0c-4954-a95e-f25060179734	16	49389016	51266101	1228	-0.2771
6f6a5220-5d0c-4954-a95e-f25060179734	16	51271210	55592349	3370	-0.1893
6f6a5220-5d0c-4954-a95e-f25060179734	16	55592702	58803007	1937	-0.267
6f6a5220-5d0c-4954-a95e-f25060179734	16	58803289	66266473	4969	-0.1927
6f6a5220-5d0c-4954-a95e-f25060179734	16	66266690	71322232	2057	-0.2611
6f6a5220-5d0c-4954-a95e-f25060179734	16	71322493	71325697	2	-4.0227
6f6a5220-5d0c-4954-a95e-f25060179734	16	71327558	75819502	2513	-0.235
6f6a5220-5d0c-4954-a95e-f25060179734	16	75821577	77568611	1403	-0.1599
6f6a5220-5d0c-4954-a95e-f25060179734	16	77568816	83757138	5448	-0.2396
6f6a5220-5d0c-4954-a95e-f25060179734	16	83757243	89317317	2703	-0.3111
6f6a5220-5d0c-4954-a95e-f25060179734	17	1074619	12039748	6020	-0.2718
6f6a5220-5d0c-4954-a95e-f25060179734	17	12053675	16913342	1971	-0.2218
6f6a5220-5d0c-4954-a95e-f25060179734	17	16913519	29888293	3078	-0.2621
6f6a5220-5d0c-4954-a95e-f25060179734	17	29894988	32014324	873	0.1951
6f6a5220-5d0c-4954-a95e-f25060179734	17	32017492	33551570	1086	0.5473
6f6a5220-5d0c-4954-a95e-f25060179734	17	33552571	33622050	71	0.891
6f6a5220-5d0c-4954-a95e-f25060179734	17	33626424	36067159	826	0.5176
6f6a5220-5d0c-4954-a95e-f25060179734	17	36567187	36763540	161	0.1852
6f6a5220-5d0c-4954-a95e-f25060179734	17	36765043	37322883	364	0.5473
6f6a5220-5d0c-4954-a95e-f25060179734	17	37326084	37478481	70	0.2082
6f6a5220-5d0c-4954-a95e-f25060179734	17	37478715	38254377	184	0.5845
6f6a5220-5d0c-4954-a95e-f25060179734	17	38254553	38536412	125	0.1133
6f6a5220-5d0c-4954-a95e-f25060179734	17	38542361	39114078	278	-0.3085
6f6a5220-5d0c-4954-a95e-f25060179734	17	39116480	39683156	230	0.1281
6f6a5220-5d0c-4954-a95e-f25060179734	17	39689951	39707240	30	0.3354
6f6a5220-5d0c-4954-a95e-f25060179734	17	39707332	40587994	388	0.4772
6f6a5220-5d0c-4954-a95e-f25060179734	17	40594044	40785527	117	0.2753
6f6a5220-5d0c-4954-a95e-f25060179734	17	40787067	41815756	546	0.5851
6f6a5220-5d0c-4954-a95e-f25060179734	17	41820295	43904392	959	0.1554
6f6a5220-5d0c-4954-a95e-f25060179734	17	43904644	44277949	165	-0.3274
6f6a5220-5d0c-4954-a95e-f25060179734	17	44278400	45461373	503	0.1405
6f6a5220-5d0c-4954-a95e-f25060179734	17	46733528	47110660	198	-0.2818
6f6a5220-5d0c-4954-a95e-f25060179734	17	47113202	51204217	2034	0.1781
6f6a5220-5d0c-4954-a95e-f25060179734	17	51205855	56261394	3127	-0.188
6f6a5220-5d0c-4954-a95e-f25060179734	17	56262124	59142249	1816	0.2187
6f6a5220-5d0c-4954-a95e-f25060179734	17	59158117	60163681	453	0.5339
6f6a5220-5d0c-4954-a95e-f25060179734	17	60164834	60987773	398	0.2306
6f6a5220-5d0c-4954-a95e-f25060179734	17	60992834	60993202	5	-1.0122
6f6a5220-5d0c-4954-a95e-f25060179734	17	60993411	62245492	630	0.2378
6f6a5220-5d0c-4954-a95e-f25060179734	17	62247491	62323963	35	0.5138
6f6a5220-5d0c-4954-a95e-f25060179734	17	62327545	62430026	47	0.8092
6f6a5220-5d0c-4954-a95e-f25060179734	17	62435834	63151360	311	0.5588
6f6a5220-5d0c-4954-a95e-f25060179734	17	63154333	63458947	127	0.7233
6f6a5220-5d0c-4954-a95e-f25060179734	17	63460041	63624488	80	0.486
6f6a5220-5d0c-4954-a95e-f25060179734	17	63625126	65545379	959	0.2063
6f6a5220-5d0c-4954-a95e-f25060179734	17	65551029	72300040	4445	-0.2233
6f6a5220-5d0c-4954-a95e-f25060179734	17	72300124	73814867	1140	-0.3063
6f6a5220-5d0c-4954-a95e-f25060179734	17	73817489	75761306	455	0.7115
6f6a5220-5d0c-4954-a95e-f25060179734	17	75768556	76324260	207	0.5023
6f6a5220-5d0c-4954-a95e-f25060179734	17	76337045	77376044	540	0.7268
6f6a5220-5d0c-4954-a95e-f25060179734	17	77378026	78464649	495	0.5013
6f6a5220-5d0c-4954-a95e-f25060179734	17	78474572	78563081	71	0.7553
6f6a5220-5d0c-4954-a95e-f25060179734	17	78732558	78820149	50	0.5096
6f6a5220-5d0c-4954-a95e-f25060179734	17	78821008	78881589	33	0.1555
6f6a5220-5d0c-4954-a95e-f25060179734	17	78889035	79430954	299	-0.3073
6f6a5220-5d0c-4954-a95e-f25060179734	17	79434511	79822638	95	0.1146
6f6a5220-5d0c-4954-a95e-f25060179734	17	79826944	81292757	674	0.1911
6f6a5220-5d0c-4954-a95e-f25060179734	17	81293745	81726133	127	0.0581
6f6a5220-5d0c-4954-a95e-f25060179734	17	81830747	82959812	397	-0.3359
6f6a5220-5d0c-4954-a95e-f25060179734	18	326691	8298075	4257	-0.1815
6f6a5220-5d0c-4954-a95e-f25060179734	18	8298090	23812714	5391	-0.2293
6f6a5220-5d0c-4954-a95e-f25060179734	18	23812728	29997088	3911	-0.1912
6f6a5220-5d0c-4954-a95e-f25060179734	18	30004572	45572707	9478	-0.9773
6f6a5220-5d0c-4954-a95e-f25060179734	18	45572740	45583247	7	-3.19
6f6a5220-5d0c-4954-a95e-f25060179734	18	45583861	46797041	749	-1.109
6f6a5220-5d0c-4954-a95e-f25060179734	18	46797328	47829700	572	-1.0073
6f6a5220-5d0c-4954-a95e-f25060179734	18	47832486	47935069	217	-0.7724
6f6a5220-5d0c-4954-a95e-f25060179734	18	47935796	50760375	1924	-1.0301
6f6a5220-5d0c-4954-a95e-f25060179734	18	50764959	61323713	6836	-0.9557
6f6a5220-5d0c-4954-a95e-f25060179734	18	61326062	61617666	234	-1.0441
6f6a5220-5d0c-4954-a95e-f25060179734	18	61618395	61618534	2	-3.2341
6f6a5220-5d0c-4954-a95e-f25060179734	18	61621785	61842580	118	-1.0202
6f6a5220-5d0c-4954-a95e-f25060179734	18	61850652	61859390	7	-2.3373
6f6a5220-5d0c-4954-a95e-f25060179734	18	61860558	73712988	5399	-0.9687
6f6a5220-5d0c-4954-a95e-f25060179734	18	73713071	78956161	3475	-1.0927
6f6a5220-5d0c-4954-a95e-f25060179734	18	78956864	79349796	220	-0.9339
6f6a5220-5d0c-4954-a95e-f25060179734	19	283868	2573902	484	0.1132
6f6a5220-5d0c-4954-a95e-f25060179734	19	2581839	6064554	1067	-1.0605
6f6a5220-5d0c-4954-a95e-f25060179734	19	6068017	6196362	81	0.1216
6f6a5220-5d0c-4954-a95e-f25060179734	19	6199972	6454913	116	-1.0191
6f6a5220-5d0c-4954-a95e-f25060179734	19	6481448	6854435	181	-0.3201
6f6a5220-5d0c-4954-a95e-f25060179734	19	6869670	8083355	450	0.1188
6f6a5220-5d0c-4954-a95e-f25060179734	19	8090962	10195193	1040	0.4603
6f6a5220-5d0c-4954-a95e-f25060179734	19	10199690	10909121	282	0.1006
6f6a5220-5d0c-4954-a95e-f25060179734	19	10909318	10912639	2	0.9583
6f6a5220-5d0c-4954-a95e-f25060179734	19	10914501	11053013	71	0.1054
6f6a5220-5d0c-4954-a95e-f25060179734	19	11057986	11058376	2	-1.0192
6f6a5220-5d0c-4954-a95e-f25060179734	19	11066732	11380014	140	0.1322
6f6a5220-5d0c-4954-a95e-f25060179734	19	11380520	14705973	1344	-0.9638
6f6a5220-5d0c-4954-a95e-f25060179734	19	14706250	17905387	1688	0.6732
6f6a5220-5d0c-4954-a95e-f25060179734	19	17909075	19789129	748	1.0302
6f6a5220-5d0c-4954-a95e-f25060179734	19	19793009	21310506	153	1.2189
6f6a5220-5d0c-4954-a95e-f25060179734	19	21312555	21730570	197	0.9443
6f6a5220-5d0c-4954-a95e-f25060179734	19	21735137	23405011	689	0.5428
6f6a5220-5d0c-4954-a95e-f25060179734	19	23406543	28679799	1022	0.8001
6f6a5220-5d0c-4954-a95e-f25060179734	19	28682916	35161452	4423	0.5231
6f6a5220-5d0c-4954-a95e-f25060179734	19	35161640	36401697	636	0.1334
6f6a5220-5d0c-4954-a95e-f25060179734	19	36402049	39464303	1442	0.4973
6f6a5220-5d0c-4954-a95e-f25060179734	19	39464815	44651342	2250	-0.2886
6f6a5220-5d0c-4954-a95e-f25060179734	19	44653320	56468506	4565	-0.3214
6f6a5220-5d0c-4954-a95e-f25060179734	19	56468508	58370362	1071	-0.2506
6f6a5220-5d0c-4954-a95e-f25060179734	20	472817	5280560	3002	0.2671
6f6a5220-5d0c-4954-a95e-f25060179734	20	5280753	5299398	14	0.3576
6f6a5220-5d0c-4954-a95e-f25060179734	20	5300098	5313273	5	0.8901
6f6a5220-5d0c-4954-a95e-f25060179734	20	5313388	6185841	423	0.3498
6f6a5220-5d0c-4954-a95e-f25060179734	20	6185988	8949374	1663	0.4044
6f6a5220-5d0c-4954-a95e-f25060179734	20	8949821	14065724	3649	0.3444
6f6a5220-5d0c-4954-a95e-f25060179734	20	14065905	16231272	1299	0.4105
6f6a5220-5d0c-4954-a95e-f25060179734	20	16231976	22354794	4673	0.3409
6f6a5220-5d0c-4954-a95e-f25060179734	20	22358129	23261130	777	0.2848
6f6a5220-5d0c-4954-a95e-f25060179734	20	23261195	31442908	1561	0.3244
6f6a5220-5d0c-4954-a95e-f25060179734	20	31446807	37092795	2720	0.265
6f6a5220-5d0c-4954-a95e-f25060179734	20	37093415	37093952	4	-0.8182
6f6a5220-5d0c-4954-a95e-f25060179734	20	37094427	39101991	1222	0.29
6f6a5220-5d0c-4954-a95e-f25060179734	20	39103384	43352477	2984	0.3457
6f6a5220-5d0c-4954-a95e-f25060179734	20	43355783	51963737	5567	0.2805
6f6a5220-5d0c-4954-a95e-f25060179734	20	51964331	56076984	2949	0.3729
6f6a5220-5d0c-4954-a95e-f25060179734	20	56080250	59498658	2585	0.2654
6f6a5220-5d0c-4954-a95e-f25060179734	20	59498865	61377357	1500	0.3293
6f6a5220-5d0c-4954-a95e-f25060179734	20	61379917	63588502	980	0.2292
6f6a5220-5d0c-4954-a95e-f25060179734	21	13974127	18763898	2963	-0.1242
6f6a5220-5d0c-4954-a95e-f25060179734	21	18764924	26427131	4834	-0.1641
6f6a5220-5d0c-4954-a95e-f25060179734	21	26427560	30700322	3010	-0.1292
6f6a5220-5d0c-4954-a95e-f25060179734	21	30705096	34872939	2559	-0.2107
6f6a5220-5d0c-4954-a95e-f25060179734	21	34883310	34884011	3	-1.2681
6f6a5220-5d0c-4954-a95e-f25060179734	21	34894945	35008246	100	-0.2004
6f6a5220-5d0c-4954-a95e-f25060179734	21	35008307	36266474	891	-0.1277
6f6a5220-5d0c-4954-a95e-f25060179734	21	36267229	37327850	604	-0.2195
6f6a5220-5d0c-4954-a95e-f25060179734	21	37331017	41394581	3261	-0.1475
6f6a5220-5d0c-4954-a95e-f25060179734	21	41395119	46152583	2320	-0.2472
6f6a5220-5d0c-4954-a95e-f25060179734	21	46158655	46168325	4	-1.8636
6f6a5220-5d0c-4954-a95e-f25060179734	21	46171868	46262057	55	-0.254
6f6a5220-5d0c-4954-a95e-f25060179734	22	16934932	26560845	2636	0.1772
6f6a5220-5d0c-4954-a95e-f25060179734	22	26563089	27446886	930	-0.2657
6f6a5220-5d0c-4954-a95e-f25060179734	22	27453257	27680211	236	0.186
6f6a5220-5d0c-4954-a95e-f25060179734	22	27680976	29002471	696	-0.1994
6f6a5220-5d0c-4954-a95e-f25060179734	22	29002653	32076727	1674	-0.2817
6f6a5220-5d0c-4954-a95e-f25060179734	22	32079096	35283097	2826	-0.2283
6f6a5220-5d0c-4954-a95e-f25060179734	22	35283945	48940621	8098	-0.2875
6f6a5220-5d0c-4954-a95e-f25060179734	X	3236359	36137107	14599	-0.1984
6f6a5220-5d0c-4954-a95e-f25060179734	X	36140179	36151990	6	-3.1801
6f6a5220-5d0c-4954-a95e-f25060179734	X	36153002	57884239	9033	-0.2018
6f6a5220-5d0c-4954-a95e-f25060179734	X	57898349	58291715	96	0.637
6f6a5220-5d0c-4954-a95e-f25060179734	X	62952913	65145311	750	-0.1776
6f6a5220-5d0c-4954-a95e-f25060179734	X	65147139	65387369	87	0.5473
6f6a5220-5d0c-4954-a95e-f25060179734	X	65390017	65501121	36	-0.256
6f6a5220-5d0c-4954-a95e-f25060179734	X	65504929	67260407	650	0.6569
6f6a5220-5d0c-4954-a95e-f25060179734	X	67261762	67899078	249	1.2063
6f6a5220-5d0c-4954-a95e-f25060179734	X	67901251	67951791	20	0.6965
6f6a5220-5d0c-4954-a95e-f25060179734	X	67952946	71936752	1678	-0.1829
6f6a5220-5d0c-4954-a95e-f25060179734	X	71937478	71941006	4	-3.2678
6f6a5220-5d0c-4954-a95e-f25060179734	X	71941232	80452255	2957	-0.1857
6f6a5220-5d0c-4954-a95e-f25060179734	X	80454596	89303528	4222	0.1517
6f6a5220-5d0c-4954-a95e-f25060179734	X	89305774	89310271	2	-2.0849
6f6a5220-5d0c-4954-a95e-f25060179734	X	89312108	99232833	3326	0.1314
6f6a5220-5d0c-4954-a95e-f25060179734	X	99233289	99233389	2	-2.1363
6f6a5220-5d0c-4954-a95e-f25060179734	X	99233449	104481524	2379	0.1611
6f6a5220-5d0c-4954-a95e-f25060179734	X	104481674	104483467	2	-3.0044
6f6a5220-5d0c-4954-a95e-f25060179734	X	104483923	112974570	4073	0.1505
6f6a5220-5d0c-4954-a95e-f25060179734	X	112974691	118671562	2580	0.2025
6f6a5220-5d0c-4954-a95e-f25060179734	X	118674790	121049176	1208	0.1078
6f6a5220-5d0c-4954-a95e-f25060179734	X	121049647	136026530	6630	0.1934
6f6a5220-5d0c-4954-a95e-f25060179734	X	136027710	155677414	8954	0.1259
