GDC_Aliquot	Chromosome	Start	End	Num_Probes	Segment_Mean
eb822df4-58af-442e-ad9b-d68618d6f4e8	1	3301765	37357318	18328	0.1965
eb822df4-58af-442e-ad9b-d68618d6f4e8	1	37374921	39013615	897	-0.1164
eb822df4-58af-442e-ad9b-d68618d6f4e8	1	39017457	40069170	489	2.277
eb822df4-58af-442e-ad9b-d68618d6f4e8	1	40073404	47522006	3936	-0.0961
eb822df4-58af-442e-ad9b-d68618d6f4e8	1	47522398	51143978	1901	-0.0254
eb822df4-58af-442e-ad9b-d68618d6f4e8	1	51144965	55048858	2158	-0.0789
eb822df4-58af-442e-ad9b-d68618d6f4e8	1	55050064	67891153	9420	-0.0187
eb822df4-58af-442e-ad9b-d68618d6f4e8	1	67891189	88617580	12362	0.0176
eb822df4-58af-442e-ad9b-d68618d6f4e8	1	88624621	93966033	3005	-0.0244
eb822df4-58af-442e-ad9b-d68618d6f4e8	1	93966413	99904217	3812	0.0353
eb822df4-58af-442e-ad9b-d68618d6f4e8	1	99906499	99906514	2	-1.5319
eb822df4-58af-442e-ad9b-d68618d6f4e8	1	99906686	103444883	2013	0.0267
eb822df4-58af-442e-ad9b-d68618d6f4e8	1	103458421	103524378	27	2.795
eb822df4-58af-442e-ad9b-d68618d6f4e8	1	103793015	103808944	8	0.0005
eb822df4-58af-442e-ad9b-d68618d6f4e8	1	103817466	104351917	297	2.1133
eb822df4-58af-442e-ad9b-d68618d6f4e8	1	104353539	109461767	2767	0.0204
eb822df4-58af-442e-ad9b-d68618d6f4e8	1	109467356	109960000	245	2.0548
eb822df4-58af-442e-ad9b-d68618d6f4e8	1	109970747	114675792	3026	-0.0263
eb822df4-58af-442e-ad9b-d68618d6f4e8	1	114677229	114677962	2	-1.7932
eb822df4-58af-442e-ad9b-d68618d6f4e8	1	114681879	115143181	307	-0.0149
eb822df4-58af-442e-ad9b-d68618d6f4e8	1	115144645	116179894	764	2.3104
eb822df4-58af-442e-ad9b-d68618d6f4e8	1	116181538	149952216	2327	0.0048
eb822df4-58af-442e-ad9b-d68618d6f4e8	1	149958935	151565936	596	0.3174
eb822df4-58af-442e-ad9b-d68618d6f4e8	1	151568809	153487977	1122	0.3993
eb822df4-58af-442e-ad9b-d68618d6f4e8	1	153488899	156725712	1450	0.3322
eb822df4-58af-442e-ad9b-d68618d6f4e8	1	156725745	160163120	2222	0.4064
eb822df4-58af-442e-ad9b-d68618d6f4e8	1	160164107	161976937	984	0.3608
eb822df4-58af-442e-ad9b-d68618d6f4e8	1	161978337	185819584	15993	0.4362
eb822df4-58af-442e-ad9b-d68618d6f4e8	1	185820718	199506368	8009	0.4714
eb822df4-58af-442e-ad9b-d68618d6f4e8	1	199510499	206773321	4559	0.3887
eb822df4-58af-442e-ad9b-d68618d6f4e8	1	206778859	213741571	4824	0.4376
eb822df4-58af-442e-ad9b-d68618d6f4e8	1	213741760	222151513	5824	0.4809
eb822df4-58af-442e-ad9b-d68618d6f4e8	1	222151895	226817303	2591	0.4378
eb822df4-58af-442e-ad9b-d68618d6f4e8	1	226819271	226819481	2	-2.9185
eb822df4-58af-442e-ad9b-d68618d6f4e8	1	226825995	236736803	6497	0.4497
eb822df4-58af-442e-ad9b-d68618d6f4e8	1	236736917	239876645	2447	0.4981
eb822df4-58af-442e-ad9b-d68618d6f4e8	1	239876798	247650984	4456	0.4587
eb822df4-58af-442e-ad9b-d68618d6f4e8	2	480597	88831240	50742	0.2711
eb822df4-58af-442e-ad9b-d68618d6f4e8	2	88831554	101686602	3019	-0.0706
eb822df4-58af-442e-ad9b-d68618d6f4e8	2	101692928	109373831	4722	-0.0066
eb822df4-58af-442e-ad9b-d68618d6f4e8	2	109375752	109376752	2	-1.589
eb822df4-58af-442e-ad9b-d68618d6f4e8	2	109376808	127164656	8502	-0.0136
eb822df4-58af-442e-ad9b-d68618d6f4e8	2	127164716	128554825	727	-0.0858
eb822df4-58af-442e-ad9b-d68618d6f4e8	2	128555570	137119628	4348	-0.0215
eb822df4-58af-442e-ad9b-d68618d6f4e8	2	137119649	162142342	14163	0.0175
eb822df4-58af-442e-ad9b-d68618d6f4e8	2	162142431	167587109	3032	0.0543
eb822df4-58af-442e-ad9b-d68618d6f4e8	2	167589408	178459917	6965	-0.0169
eb822df4-58af-442e-ad9b-d68618d6f4e8	2	178464062	195398860	8232	0.037
eb822df4-58af-442e-ad9b-d68618d6f4e8	2	195399215	200786819	3173	0.0039
eb822df4-58af-442e-ad9b-d68618d6f4e8	2	200787325	203675295	1257	-0.0549
eb822df4-58af-442e-ad9b-d68618d6f4e8	2	203679933	209908969	3926	-0.002
eb822df4-58af-442e-ad9b-d68618d6f4e8	2	209911905	217887089	5026	0.0291
eb822df4-58af-442e-ad9b-d68618d6f4e8	2	217889539	219548412	801	-0.0865
eb822df4-58af-442e-ad9b-d68618d6f4e8	2	219550356	229639176	6632	0.0167
eb822df4-58af-442e-ad9b-d68618d6f4e8	2	229639874	241537572	6818	-0.0531
eb822df4-58af-442e-ad9b-d68618d6f4e8	3	2170634	9081264	4057	0.0313
eb822df4-58af-442e-ad9b-d68618d6f4e8	3	9081406	16208561	4579	-0.0356
eb822df4-58af-442e-ad9b-d68618d6f4e8	3	16209067	31640421	9092	0.0374
eb822df4-58af-442e-ad9b-d68618d6f4e8	3	31645314	33175242	929	-0.0385
eb822df4-58af-442e-ad9b-d68618d6f4e8	3	33176555	33980383	397	0.014
eb822df4-58af-442e-ad9b-d68618d6f4e8	3	33980494	36232863	1393	0.0738
eb822df4-58af-442e-ad9b-d68618d6f4e8	3	36233472	40115204	2432	0.0159
eb822df4-58af-442e-ad9b-d68618d6f4e8	3	40117370	45694931	3132	-0.0167
eb822df4-58af-442e-ad9b-d68618d6f4e8	3	45695126	46410189	484	0.0417
eb822df4-58af-442e-ad9b-d68618d6f4e8	3	46411372	53414133	2878	-0.0798
eb822df4-58af-442e-ad9b-d68618d6f4e8	3	53415751	56704392	2453	0.0131
eb822df4-58af-442e-ad9b-d68618d6f4e8	3	56705551	58610096	1053	-0.0416
eb822df4-58af-442e-ad9b-d68618d6f4e8	3	58612238	68670067	6363	0.0309
eb822df4-58af-442e-ad9b-d68618d6f4e8	3	68671304	73397686	3388	-0.0101
eb822df4-58af-442e-ad9b-d68618d6f4e8	3	73401047	86212375	6644	0.0397
eb822df4-58af-442e-ad9b-d68618d6f4e8	3	86216052	86216665	2	-2.6507
eb822df4-58af-442e-ad9b-d68618d6f4e8	3	86221012	96511812	3248	0.0417
eb822df4-58af-442e-ad9b-d68618d6f4e8	3	96518539	97466347	448	0.6005
eb822df4-58af-442e-ad9b-d68618d6f4e8	3	97471285	124473847	15473	0.0334
eb822df4-58af-442e-ad9b-d68618d6f4e8	3	124474085	129971349	3075	-0.0167
eb822df4-58af-442e-ad9b-d68618d6f4e8	3	129972212	144055898	7887	0.0251
eb822df4-58af-442e-ad9b-d68618d6f4e8	3	144056516	148763675	2161	0.09
eb822df4-58af-442e-ad9b-d68618d6f4e8	3	148763777	160657779	6730	0.0453
eb822df4-58af-442e-ad9b-d68618d6f4e8	3	160657788	169803272	4301	0.0823
eb822df4-58af-442e-ad9b-d68618d6f4e8	3	169809802	172357977	1356	0.0282
eb822df4-58af-442e-ad9b-d68618d6f4e8	3	172358354	176360394	1886	0.0808
eb822df4-58af-442e-ad9b-d68618d6f4e8	3	176360672	176367078	2	-1.2875
eb822df4-58af-442e-ad9b-d68618d6f4e8	3	176375021	178963570	1325	0.0644
eb822df4-58af-442e-ad9b-d68618d6f4e8	3	178964180	179782640	572	-0.0142
eb822df4-58af-442e-ad9b-d68618d6f4e8	3	179783113	180055514	182	0.0556
eb822df4-58af-442e-ad9b-d68618d6f4e8	3	180055705	180058413	2	-1.1741
eb822df4-58af-442e-ad9b-d68618d6f4e8	3	180058994	183072913	1541	0.0482
eb822df4-58af-442e-ad9b-d68618d6f4e8	3	183075368	187143645	1973	-0.0292
eb822df4-58af-442e-ad9b-d68618d6f4e8	3	187145186	187145205	2	-1.8374
eb822df4-58af-442e-ad9b-d68618d6f4e8	3	187150537	187196071	27	-0.0962
eb822df4-58af-442e-ad9b-d68618d6f4e8	3	187196190	193946332	4377	0.0473
eb822df4-58af-442e-ad9b-d68618d6f4e8	3	193946982	197812401	1278	-0.0454
eb822df4-58af-442e-ad9b-d68618d6f4e8	4	1059384	10166147	4720	-0.4535
eb822df4-58af-442e-ad9b-d68618d6f4e8	4	10167911	12879376	2040	-0.3432
eb822df4-58af-442e-ad9b-d68618d6f4e8	4	12879447	17476033	3437	-0.3718
eb822df4-58af-442e-ad9b-d68618d6f4e8	4	17477384	17500784	33	-0.7081
eb822df4-58af-442e-ad9b-d68618d6f4e8	4	17501810	21178598	2246	-0.3585
eb822df4-58af-442e-ad9b-d68618d6f4e8	4	21178660	21179313	3	-1.7339
eb822df4-58af-442e-ad9b-d68618d6f4e8	4	21179372	27445644	4092	-0.3825
eb822df4-58af-442e-ad9b-d68618d6f4e8	4	27445767	32238024	2983	-0.3261
eb822df4-58af-442e-ad9b-d68618d6f4e8	4	32238795	32239659	2	-1.9496
eb822df4-58af-442e-ad9b-d68618d6f4e8	4	32240824	32392452	126	-0.2578
eb822df4-58af-442e-ad9b-d68618d6f4e8	4	32399891	32403692	2	1.1308
eb822df4-58af-442e-ad9b-d68618d6f4e8	4	32404261	34609837	1110	-0.3179
eb822df4-58af-442e-ad9b-d68618d6f4e8	4	34610723	37516941	1803	-0.0306
eb822df4-58af-442e-ad9b-d68618d6f4e8	4	37517408	41283277	2258	-0.121
eb822df4-58af-442e-ad9b-d68618d6f4e8	4	41284783	48046699	3446	-0.0427
eb822df4-58af-442e-ad9b-d68618d6f4e8	4	48047788	56454559	3016	0.0042
eb822df4-58af-442e-ad9b-d68618d6f4e8	4	56458060	57304976	492	-0.0365
eb822df4-58af-442e-ad9b-d68618d6f4e8	4	57304991	62928625	3197	0.0608
eb822df4-58af-442e-ad9b-d68618d6f4e8	4	62930341	63604211	253	0.3881
eb822df4-58af-442e-ad9b-d68618d6f4e8	4	63612798	63613726	4	-0.183
eb822df4-58af-442e-ad9b-d68618d6f4e8	4	63615477	70562007	3362	-0.311
eb822df4-58af-442e-ad9b-d68618d6f4e8	4	70565567	71361788	389	-0.677
eb822df4-58af-442e-ad9b-d68618d6f4e8	4	71365305	71523248	54	-0.1196
eb822df4-58af-442e-ad9b-d68618d6f4e8	4	71581029	72434248	470	1.0034
eb822df4-58af-442e-ad9b-d68618d6f4e8	4	72434821	72771538	210	1.4615
eb822df4-58af-442e-ad9b-d68618d6f4e8	4	72772633	72835775	56	1.9138
eb822df4-58af-442e-ad9b-d68618d6f4e8	4	72843709	73413832	297	1.554
eb822df4-58af-442e-ad9b-d68618d6f4e8	4	73414088	73472788	39	1.9365
eb822df4-58af-442e-ad9b-d68618d6f4e8	4	73474114	73591678	74	1.5254
eb822df4-58af-442e-ad9b-d68618d6f4e8	4	73592985	74001561	283	1.027
eb822df4-58af-442e-ad9b-d68618d6f4e8	4	74009218	75016682	577	-0.3441
eb822df4-58af-442e-ad9b-d68618d6f4e8	4	75021274	75021419	2	-1.9204
eb822df4-58af-442e-ad9b-d68618d6f4e8	4	75021672	82308912	4499	-0.3273
eb822df4-58af-442e-ad9b-d68618d6f4e8	4	82308949	83521681	684	-0.4142
eb822df4-58af-442e-ad9b-d68618d6f4e8	4	83527423	105398117	12315	-0.3097
eb822df4-58af-442e-ad9b-d68618d6f4e8	4	105404743	105419000	11	0.0415
eb822df4-58af-442e-ad9b-d68618d6f4e8	4	105422428	108845134	1932	0.2712
eb822df4-58af-442e-ad9b-d68618d6f4e8	4	108846675	112107829	1901	-0.0176
eb822df4-58af-442e-ad9b-d68618d6f4e8	4	112112018	133658140	11552	-0.3031
eb822df4-58af-442e-ad9b-d68618d6f4e8	4	133658299	139136382	3010	-0.6621
eb822df4-58af-442e-ad9b-d68618d6f4e8	4	139136458	140710474	940	-0.7551
eb822df4-58af-442e-ad9b-d68618d6f4e8	4	140711009	142189037	946	-0.6761
eb822df4-58af-442e-ad9b-d68618d6f4e8	4	142192518	143805015	963	-0.3046
eb822df4-58af-442e-ad9b-d68618d6f4e8	4	143805016	150493603	3478	-0.6844
eb822df4-58af-442e-ad9b-d68618d6f4e8	4	150496462	155788815	3009	-0.3358
eb822df4-58af-442e-ad9b-d68618d6f4e8	4	155789621	158617142	1694	-0.6343
eb822df4-58af-442e-ad9b-d68618d6f4e8	4	158621370	158829960	88	-0.3785
eb822df4-58af-442e-ad9b-d68618d6f4e8	4	158833208	176384223	9656	-0.677
eb822df4-58af-442e-ad9b-d68618d6f4e8	4	176387516	176387700	2	-2.9694
eb822df4-58af-442e-ad9b-d68618d6f4e8	4	176387772	182392722	3359	-0.6832
eb822df4-58af-442e-ad9b-d68618d6f4e8	4	182392938	187842528	2231	-0.35
eb822df4-58af-442e-ad9b-d68618d6f4e8	5	913983	7005836	4436	-0.0175
eb822df4-58af-442e-ad9b-d68618d6f4e8	5	7006141	23771798	9538	0.0249
eb822df4-58af-442e-ad9b-d68618d6f4e8	5	23772618	23773485	2	-1.4686
eb822df4-58af-442e-ad9b-d68618d6f4e8	5	23776508	31366184	4255	0.046
eb822df4-58af-442e-ad9b-d68618d6f4e8	5	31370117	38931625	4414	0.0066
eb822df4-58af-442e-ad9b-d68618d6f4e8	5	38932364	42892976	2369	0.0364
eb822df4-58af-442e-ad9b-d68618d6f4e8	5	42893823	43362735	235	-0.0495
eb822df4-58af-442e-ad9b-d68618d6f4e8	5	43364554	43366564	2	-1.5513
eb822df4-58af-442e-ad9b-d68618d6f4e8	5	43369286	45378354	853	0.0168
eb822df4-58af-442e-ad9b-d68618d6f4e8	5	45383300	53042120	1350	-0.3328
eb822df4-58af-442e-ad9b-d68618d6f4e8	5	53045234	54769204	1126	0.0126
eb822df4-58af-442e-ad9b-d68618d6f4e8	5	54774398	57617204	1760	-0.3949
eb822df4-58af-442e-ad9b-d68618d6f4e8	5	57618434	68874531	6656	-0.3409
eb822df4-58af-442e-ad9b-d68618d6f4e8	5	68883506	71837464	557	-0.4351
eb822df4-58af-442e-ad9b-d68618d6f4e8	5	71837658	76482351	2977	-0.3474
eb822df4-58af-442e-ad9b-d68618d6f4e8	5	76482732	76841210	180	-0.2181
eb822df4-58af-442e-ad9b-d68618d6f4e8	5	76842742	77396127	339	-0.4192
eb822df4-58af-442e-ad9b-d68618d6f4e8	5	77396857	84577876	4134	-0.2032
eb822df4-58af-442e-ad9b-d68618d6f4e8	5	84579709	84808846	111	-0.3879
eb822df4-58af-442e-ad9b-d68618d6f4e8	5	84811552	85219016	243	-0.1474
eb822df4-58af-442e-ad9b-d68618d6f4e8	5	85219177	91687946	3316	-0.4042
eb822df4-58af-442e-ad9b-d68618d6f4e8	5	91698635	91821741	66	-1.6619
eb822df4-58af-442e-ad9b-d68618d6f4e8	5	91831354	91833975	3	-6.9538
eb822df4-58af-442e-ad9b-d68618d6f4e8	5	91834061	92549133	309	-1.5767
eb822df4-58af-442e-ad9b-d68618d6f4e8	5	92554672	102484277	4430	-0.4068
eb822df4-58af-442e-ad9b-d68618d6f4e8	5	102485677	102630709	78	-0.0988
eb822df4-58af-442e-ad9b-d68618d6f4e8	5	102630885	113205017	6246	-0.4078
eb822df4-58af-442e-ad9b-d68618d6f4e8	5	113210645	115769442	1576	-0.3159
eb822df4-58af-442e-ad9b-d68618d6f4e8	5	115770635	115771803	2	-1.9687
eb822df4-58af-442e-ad9b-d68618d6f4e8	5	115771981	131048521	8791	-0.3187
eb822df4-58af-442e-ad9b-d68618d6f4e8	5	131051788	146829983	9253	-0.3918
eb822df4-58af-442e-ad9b-d68618d6f4e8	5	146831888	149239385	1627	-0.3327
eb822df4-58af-442e-ad9b-d68618d6f4e8	5	149240661	150154285	634	-0.4162
eb822df4-58af-442e-ad9b-d68618d6f4e8	5	150159322	151724108	1023	-0.5018
eb822df4-58af-442e-ad9b-d68618d6f4e8	5	151725432	160731218	5929	-0.462
eb822df4-58af-442e-ad9b-d68618d6f4e8	5	160731410	166765873	3720	-0.4139
eb822df4-58af-442e-ad9b-d68618d6f4e8	5	166766635	169810317	2263	-0.4742
eb822df4-58af-442e-ad9b-d68618d6f4e8	5	169811090	175919594	4092	-0.5201
eb822df4-58af-442e-ad9b-d68618d6f4e8	5	175919625	180934240	2045	-0.5823
eb822df4-58af-442e-ad9b-d68618d6f4e8	6	1011760	2217611	916	0.26
eb822df4-58af-442e-ad9b-d68618d6f4e8	6	2219494	8095003	4343	0.2175
eb822df4-58af-442e-ad9b-d68618d6f4e8	6	8095863	9823228	1162	0.277
eb822df4-58af-442e-ad9b-d68618d6f4e8	6	9823931	9929615	78	0.1963
eb822df4-58af-442e-ad9b-d68618d6f4e8	6	9932227	10149534	151	0.0053
eb822df4-58af-442e-ad9b-d68618d6f4e8	6	10149946	18352925	5560	0.2155
eb822df4-58af-442e-ad9b-d68618d6f4e8	6	18360294	24341129	4331	0.2735
eb822df4-58af-442e-ad9b-d68618d6f4e8	6	24341152	29845239	2384	0.2006
eb822df4-58af-442e-ad9b-d68618d6f4e8	6	29849329	37985363	3233	0.1602
eb822df4-58af-442e-ad9b-d68618d6f4e8	6	37986212	39426382	1091	0.2094
eb822df4-58af-442e-ad9b-d68618d6f4e8	6	39427366	40819720	1080	0.2653
eb822df4-58af-442e-ad9b-d68618d6f4e8	6	40821259	44278854	1920	0.1801
eb822df4-58af-442e-ad9b-d68618d6f4e8	6	44279029	67451592	11007	0.2686
eb822df4-58af-442e-ad9b-d68618d6f4e8	6	67457081	67457396	4	-1.4983
eb822df4-58af-442e-ad9b-d68618d6f4e8	6	67457837	68148224	340	0.2757
eb822df4-58af-442e-ad9b-d68618d6f4e8	6	68148358	73183954	3002	-0.0176
eb822df4-58af-442e-ad9b-d68618d6f4e8	6	73184655	73900713	399	-0.1236
eb822df4-58af-442e-ad9b-d68618d6f4e8	6	73901161	86616605	6997	-0.0196
eb822df4-58af-442e-ad9b-d68618d6f4e8	6	86621376	86637265	13	-0.1384
eb822df4-58af-442e-ad9b-d68618d6f4e8	6	86639445	86641855	3	-1.1956
eb822df4-58af-442e-ad9b-d68618d6f4e8	6	86642316	90529107	2426	-0.0668
eb822df4-58af-442e-ad9b-d68618d6f4e8	6	90529284	102468083	6202	-0.0144
eb822df4-58af-442e-ad9b-d68618d6f4e8	6	102468769	102468846	2	-1.5034
eb822df4-58af-442e-ad9b-d68618d6f4e8	6	102479729	105788206	1847	-0.0336
eb822df4-58af-442e-ad9b-d68618d6f4e8	6	105792287	112497140	4122	0.2347
eb822df4-58af-442e-ad9b-d68618d6f4e8	6	112497250	119495075	3687	0.303
eb822df4-58af-442e-ad9b-d68618d6f4e8	6	119495471	128247735	5009	-0.0163
eb822df4-58af-442e-ad9b-d68618d6f4e8	6	128248130	129503461	826	0.5504
eb822df4-58af-442e-ad9b-d68618d6f4e8	6	129508012	130402636	630	0.2749
eb822df4-58af-442e-ad9b-d68618d6f4e8	6	130402698	130419114	13	0.4673
eb822df4-58af-442e-ad9b-d68618d6f4e8	6	130421626	140039058	6370	-0.0511
eb822df4-58af-442e-ad9b-d68618d6f4e8	6	140043405	141736331	608	0.0252
eb822df4-58af-442e-ad9b-d68618d6f4e8	6	141738826	143090625	751	-0.0365
eb822df4-58af-442e-ad9b-d68618d6f4e8	6	143093658	145959832	1857	0.2751
eb822df4-58af-442e-ad9b-d68618d6f4e8	6	145965463	146194310	104	2.4016
eb822df4-58af-442e-ad9b-d68618d6f4e8	6	146194747	146229875	27	2.2261
eb822df4-58af-442e-ad9b-d68618d6f4e8	6	146236091	146392438	99	1.8887
eb822df4-58af-442e-ad9b-d68618d6f4e8	6	146392992	146822155	286	2.1687
eb822df4-58af-442e-ad9b-d68618d6f4e8	6	146831758	146934310	71	2.6609
eb822df4-58af-442e-ad9b-d68618d6f4e8	6	146937170	147759113	524	0.313
eb822df4-58af-442e-ad9b-d68618d6f4e8	6	147759298	148736360	762	-0.0414
eb822df4-58af-442e-ad9b-d68618d6f4e8	6	148750828	151072978	1588	0.2505
eb822df4-58af-442e-ad9b-d68618d6f4e8	6	151073226	151221052	88	0.4542
eb822df4-58af-442e-ad9b-d68618d6f4e8	6	151224370	151444221	145	0.1873
eb822df4-58af-442e-ad9b-d68618d6f4e8	6	151444376	154550946	2307	-0.0384
eb822df4-58af-442e-ad9b-d68618d6f4e8	6	154553352	154557246	3	-2.3714
eb822df4-58af-442e-ad9b-d68618d6f4e8	6	154557264	155818068	782	-0.1011
eb822df4-58af-442e-ad9b-d68618d6f4e8	6	155818421	155818511	2	-1.5847
eb822df4-58af-442e-ad9b-d68618d6f4e8	6	155819309	160351868	2848	-0.0904
eb822df4-58af-442e-ad9b-d68618d6f4e8	6	160353427	160353896	3	-1.3106
eb822df4-58af-442e-ad9b-d68618d6f4e8	6	160354493	170596889	5108	-0.0787
eb822df4-58af-442e-ad9b-d68618d6f4e8	7	664936	7115269	2311	0.1564
eb822df4-58af-442e-ad9b-d68618d6f4e8	7	7119014	8579226	951	0.2487
eb822df4-58af-442e-ad9b-d68618d6f4e8	7	8583231	20633375	6689	0.2916
eb822df4-58af-442e-ad9b-d68618d6f4e8	7	20633620	43552903	15003	0.2477
eb822df4-58af-442e-ad9b-d68618d6f4e8	7	43553352	45049388	684	0.1452
eb822df4-58af-442e-ad9b-d68618d6f4e8	7	45049768	72427837	11942	0.2498
eb822df4-58af-442e-ad9b-d68618d6f4e8	7	72430645	77178189	1005	0.1596
eb822df4-58af-442e-ad9b-d68618d6f4e8	7	77179907	78118941	593	0.2455
eb822df4-58af-442e-ad9b-d68618d6f4e8	7	78121172	79228077	828	0.3274
eb822df4-58af-442e-ad9b-d68618d6f4e8	7	79229046	87421902	4809	0.3665
eb822df4-58af-442e-ad9b-d68618d6f4e8	7	87422647	97756261	5148	0.3337
eb822df4-58af-442e-ad9b-d68618d6f4e8	7	97808401	100093067	957	0.2164
eb822df4-58af-442e-ad9b-d68618d6f4e8	7	100093384	100095929	2	-2.0774
eb822df4-58af-442e-ad9b-d68618d6f4e8	7	100097508	102254665	754	0.1776
eb822df4-58af-442e-ad9b-d68618d6f4e8	7	102261035	102261702	4	-0.6821
eb822df4-58af-442e-ad9b-d68618d6f4e8	7	102264544	102807165	84	0.131
eb822df4-58af-442e-ad9b-d68618d6f4e8	7	102816490	103120064	146	0.2529
eb822df4-58af-442e-ad9b-d68618d6f4e8	7	103122769	109020326	3518	0.3051
eb822df4-58af-442e-ad9b-d68618d6f4e8	7	109020341	122100207	6850	0.3593
eb822df4-58af-442e-ad9b-d68618d6f4e8	7	122102180	127355250	2883	0.3272
eb822df4-58af-442e-ad9b-d68618d6f4e8	7	127355308	131724112	2203	0.2428
eb822df4-58af-442e-ad9b-d68618d6f4e8	7	131724524	138233100	4129	0.3059
eb822df4-58af-442e-ad9b-d68618d6f4e8	7	138233723	140894285	1439	0.2309
eb822df4-58af-442e-ad9b-d68618d6f4e8	7	140902075	147963567	3469	0.3132
eb822df4-58af-442e-ad9b-d68618d6f4e8	7	147965468	154148627	2697	0.2409
eb822df4-58af-442e-ad9b-d68618d6f4e8	7	154151922	156858743	1975	0.2975
eb822df4-58af-442e-ad9b-d68618d6f4e8	7	156858872	158592540	815	0.2578
eb822df4-58af-442e-ad9b-d68618d6f4e8	8	667625	2945787	833	-0.976
eb822df4-58af-442e-ad9b-d68618d6f4e8	8	2945815	5335369	1732	-0.8609
eb822df4-58af-442e-ad9b-d68618d6f4e8	8	5335408	11755189	2637	-0.952
eb822df4-58af-442e-ad9b-d68618d6f4e8	8	11764784	11773350	5	-3.32
eb822df4-58af-442e-ad9b-d68618d6f4e8	8	11775773	19225642	5022	-0.8483
eb822df4-58af-442e-ad9b-d68618d6f4e8	8	19226888	21534889	1924	-0.9412
eb822df4-58af-442e-ad9b-d68618d6f4e8	8	21535171	21550694	11	-2.4449
eb822df4-58af-442e-ad9b-d68618d6f4e8	8	21550707	24017737	1339	-0.9775
eb822df4-58af-442e-ad9b-d68618d6f4e8	8	24018362	24977692	630	-0.8182
eb822df4-58af-442e-ad9b-d68618d6f4e8	8	24980242	30790432	3923	-0.9411
eb822df4-58af-442e-ad9b-d68618d6f4e8	8	30794513	33481464	1829	-0.863
eb822df4-58af-442e-ad9b-d68618d6f4e8	8	33488540	35021171	788	0.2691
eb822df4-58af-442e-ad9b-d68618d6f4e8	8	35021636	36122284	513	0.5557
eb822df4-58af-442e-ad9b-d68618d6f4e8	8	36126731	36381847	141	0.3168
eb822df4-58af-442e-ad9b-d68618d6f4e8	8	36582891	36818689	130	0.593
eb822df4-58af-442e-ad9b-d68618d6f4e8	8	36818874	37503905	476	0.9499
eb822df4-58af-442e-ad9b-d68618d6f4e8	8	37510282	38107738	220	0.7645
eb822df4-58af-442e-ad9b-d68618d6f4e8	8	38112562	38352395	115	0.6775
eb822df4-58af-442e-ad9b-d68618d6f4e8	8	38379076	38896396	256	0.2499
eb822df4-58af-442e-ad9b-d68618d6f4e8	8	38896711	39796464	376	0.7635
eb822df4-58af-442e-ad9b-d68618d6f4e8	8	39800700	39948278	69	0.5113
eb822df4-58af-442e-ad9b-d68618d6f4e8	8	39948305	40720437	631	0.7499
eb822df4-58af-442e-ad9b-d68618d6f4e8	8	40723066	41250040	331	-0.043
eb822df4-58af-442e-ad9b-d68618d6f4e8	8	41250633	41349262	57	0.4846
eb822df4-58af-442e-ad9b-d68618d6f4e8	8	41351777	43080575	995	-0.9618
eb822df4-58af-442e-ad9b-d68618d6f4e8	8	46547532	94342908	27099	0.0241
eb822df4-58af-442e-ad9b-d68618d6f4e8	8	94347564	103148723	5244	-0.0071
eb822df4-58af-442e-ad9b-d68618d6f4e8	8	103151531	122664175	11182	0.0321
eb822df4-58af-442e-ad9b-d68618d6f4e8	8	122664426	128326695	3982	-0.0208
eb822df4-58af-442e-ad9b-d68618d6f4e8	8	128328004	139982637	8651	0.0097
eb822df4-58af-442e-ad9b-d68618d6f4e8	8	139982979	144182542	936	-0.0932
eb822df4-58af-442e-ad9b-d68618d6f4e8	9	789794	21391365	13316	0.4998
eb822df4-58af-442e-ad9b-d68618d6f4e8	9	21401194	32676163	6550	0.2763
eb822df4-58af-442e-ad9b-d68618d6f4e8	9	32679767	36169190	1981	0.2002
eb822df4-58af-442e-ad9b-d68618d6f4e8	9	36174161	37033162	587	0.5136
eb822df4-58af-442e-ad9b-d68618d6f4e8	9	37033364	37034620	2	-1.9268
eb822df4-58af-442e-ad9b-d68618d6f4e8	9	37034672	38278144	724	0.5222
eb822df4-58af-442e-ad9b-d68618d6f4e8	9	38278845	38752071	421	0.7267
eb822df4-58af-442e-ad9b-d68618d6f4e8	9	68423153	69365362	809	-0.412
eb822df4-58af-442e-ad9b-d68618d6f4e8	9	69366116	83174690	9430	-0.3777
eb822df4-58af-442e-ad9b-d68618d6f4e8	9	83174709	100777164	11428	-0.4176
eb822df4-58af-442e-ad9b-d68618d6f4e8	9	100777197	104825044	2381	-0.3231
eb822df4-58af-442e-ad9b-d68618d6f4e8	9	104825729	112282240	5507	-0.3817
eb822df4-58af-442e-ad9b-d68618d6f4e8	9	112282368	114677575	1434	-0.4551
eb822df4-58af-442e-ad9b-d68618d6f4e8	9	114680731	119535879	3625	-0.3587
eb822df4-58af-442e-ad9b-d68618d6f4e8	9	119536006	123667836	2721	-0.4278
eb822df4-58af-442e-ad9b-d68618d6f4e8	9	123671804	138044505	7451	-0.515
eb822df4-58af-442e-ad9b-d68618d6f4e8	10	366509	381671	9	-0.0611
eb822df4-58af-442e-ad9b-d68618d6f4e8	10	382136	8532133	5704	0.1925
eb822df4-58af-442e-ad9b-d68618d6f4e8	10	8532163	11360048	2175	0.2479
eb822df4-58af-442e-ad9b-d68618d6f4e8	10	11360075	15806187	3427	0.1649
eb822df4-58af-442e-ad9b-d68618d6f4e8	10	15807144	38663748	14886	0.2044
eb822df4-58af-442e-ad9b-d68618d6f4e8	10	38665030	50772271	3513	-0.0981
eb822df4-58af-442e-ad9b-d68618d6f4e8	10	50772998	57705196	4086	-0.0028
eb822df4-58af-442e-ad9b-d68618d6f4e8	10	57705879	64034110	4250	-0.0635
eb822df4-58af-442e-ad9b-d68618d6f4e8	10	64034234	67630149	1898	-0.022
eb822df4-58af-442e-ad9b-d68618d6f4e8	10	67642104	73016816	3289	-0.0754
eb822df4-58af-442e-ad9b-d68618d6f4e8	10	73021559	76333146	1699	-0.139
eb822df4-58af-442e-ad9b-d68618d6f4e8	10	76333435	80759033	2873	-0.0391
eb822df4-58af-442e-ad9b-d68618d6f4e8	10	80759279	80759311	2	-2.6115
eb822df4-58af-442e-ad9b-d68618d6f4e8	10	80763021	85729123	3536	0.0103
eb822df4-58af-442e-ad9b-d68618d6f4e8	10	85734789	85818433	63	0.2475
eb822df4-58af-442e-ad9b-d68618d6f4e8	10	85819523	85853799	15	0.5303
eb822df4-58af-442e-ad9b-d68618d6f4e8	10	85854729	86675792	551	0.9072
eb822df4-58af-442e-ad9b-d68618d6f4e8	10	86676638	87105532	188	0.4829
eb822df4-58af-442e-ad9b-d68618d6f4e8	10	87108914	91883614	3045	0.0016
eb822df4-58af-442e-ad9b-d68618d6f4e8	10	91883728	92277378	178	-0.1
eb822df4-58af-442e-ad9b-d68618d6f4e8	10	92283434	99755032	4382	-0.046
eb822df4-58af-442e-ad9b-d68618d6f4e8	10	99755559	103832021	1950	-0.101
eb822df4-58af-442e-ad9b-d68618d6f4e8	10	103836549	105055469	893	-0.0262
eb822df4-58af-442e-ad9b-d68618d6f4e8	10	105056465	118802363	9284	0.0129
eb822df4-58af-442e-ad9b-d68618d6f4e8	10	118802619	119942692	679	-0.095
eb822df4-58af-442e-ad9b-d68618d6f4e8	10	119943373	131315311	8118	-0.0277
eb822df4-58af-442e-ad9b-d68618d6f4e8	10	131315946	133411599	517	-0.0848
eb822df4-58af-442e-ad9b-d68618d6f4e8	11	456012	3820277	1112	-0.4878
eb822df4-58af-442e-ad9b-d68618d6f4e8	11	3820725	20872958	11996	-0.386
eb822df4-58af-442e-ad9b-d68618d6f4e8	11	20877204	28730533	5064	-0.3179
eb822df4-58af-442e-ad9b-d68618d6f4e8	11	28730743	30517970	1104	-0.8447
eb822df4-58af-442e-ad9b-d68618d6f4e8	11	30518266	31268664	489	-0.3228
eb822df4-58af-442e-ad9b-d68618d6f4e8	11	31273865	31963404	347	-0.0325
eb822df4-58af-442e-ad9b-d68618d6f4e8	11	31963611	39345863	4499	-0.3861
eb822df4-58af-442e-ad9b-d68618d6f4e8	11	39348060	43925417	3063	-0.8346
eb822df4-58af-442e-ad9b-d68618d6f4e8	11	43925798	46290409	1586	-1.0088
eb822df4-58af-442e-ad9b-d68618d6f4e8	11	46294031	46466436	67	-1.772
eb822df4-58af-442e-ad9b-d68618d6f4e8	11	46470199	47159194	262	-0.8661
eb822df4-58af-442e-ad9b-d68618d6f4e8	11	47160186	48212584	462	-0.9989
eb822df4-58af-442e-ad9b-d68618d6f4e8	11	48212654	56246322	523	-0.7993
eb822df4-58af-442e-ad9b-d68618d6f4e8	11	56247303	56704673	256	-0.0501
eb822df4-58af-442e-ad9b-d68618d6f4e8	11	56704829	61148059	2565	0.2194
eb822df4-58af-442e-ad9b-d68618d6f4e8	11	61148299	66162026	1788	0.1252
eb822df4-58af-442e-ad9b-d68618d6f4e8	11	66165175	66841050	230	0.2031
eb822df4-58af-442e-ad9b-d68618d6f4e8	11	66841520	69079791	747	0.5054
eb822df4-58af-442e-ad9b-d68618d6f4e8	11	69080705	69189552	96	0.2526
eb822df4-58af-442e-ad9b-d68618d6f4e8	11	69189642	69200174	11	-0.173
eb822df4-58af-442e-ad9b-d68618d6f4e8	11	69200189	69467061	172	0.2257
eb822df4-58af-442e-ad9b-d68618d6f4e8	11	69472725	70772878	716	0.4773
eb822df4-58af-442e-ad9b-d68618d6f4e8	11	70773185	72762461	942	0.3574
eb822df4-58af-442e-ad9b-d68618d6f4e8	11	72764806	76193093	1784	0.2476
eb822df4-58af-442e-ad9b-d68618d6f4e8	11	76193594	78190642	1054	0.1727
eb822df4-58af-442e-ad9b-d68618d6f4e8	11	78191543	90305263	7436	0.0132
eb822df4-58af-442e-ad9b-d68618d6f4e8	11	90309083	92414702	1342	-0.3315
eb822df4-58af-442e-ad9b-d68618d6f4e8	11	92422874	97219331	3084	0.0117
eb822df4-58af-442e-ad9b-d68618d6f4e8	11	97220672	111629965	8975	-0.3393
eb822df4-58af-442e-ad9b-d68618d6f4e8	11	111631755	118413524	4717	-0.4028
eb822df4-58af-442e-ad9b-d68618d6f4e8	11	118414177	121939523	2448	-0.3395
eb822df4-58af-442e-ad9b-d68618d6f4e8	11	121941810	122456678	340	0.3465
eb822df4-58af-442e-ad9b-d68618d6f4e8	11	122457497	123230505	594	0.2459
eb822df4-58af-442e-ad9b-d68618d6f4e8	11	123238761	134272740	7544	-0.3516
eb822df4-58af-442e-ad9b-d68618d6f4e8	12	780472	6053588	3399	-0.0366
eb822df4-58af-442e-ad9b-d68618d6f4e8	12	6054384	7102774	469	-0.137
eb822df4-58af-442e-ad9b-d68618d6f4e8	12	7103481	7659426	268	-0.0558
eb822df4-58af-442e-ad9b-d68618d6f4e8	12	7662712	13588137	3079	-0.4018
eb822df4-58af-442e-ad9b-d68618d6f4e8	12	13588453	13692271	90	-0.0403
eb822df4-58af-442e-ad9b-d68618d6f4e8	12	13693424	15544150	1140	-0.3746
eb822df4-58af-442e-ad9b-d68618d6f4e8	12	15561965	20828279	3164	0.0349
eb822df4-58af-442e-ad9b-d68618d6f4e8	12	20832651	22085184	770	-0.3295
eb822df4-58af-442e-ad9b-d68618d6f4e8	12	22085881	22810175	468	0.0252
eb822df4-58af-442e-ad9b-d68618d6f4e8	12	22812785	24026870	804	-0.3288
eb822df4-58af-442e-ad9b-d68618d6f4e8	12	24027652	24726111	517	0.0647
eb822df4-58af-442e-ad9b-d68618d6f4e8	12	24727728	25249135	243	0.319
eb822df4-58af-442e-ad9b-d68618d6f4e8	12	25249274	28452493	2114	0.0112
eb822df4-58af-442e-ad9b-d68618d6f4e8	12	28454422	29567081	725	0.3002
eb822df4-58af-442e-ad9b-d68618d6f4e8	12	29567810	30716240	875	0.0006
eb822df4-58af-442e-ad9b-d68618d6f4e8	12	30716601	31820173	582	-0.4025
eb822df4-58af-442e-ad9b-d68618d6f4e8	12	31820517	32463864	459	-0.0792
eb822df4-58af-442e-ad9b-d68618d6f4e8	12	32470040	47206649	5203	0.0187
eb822df4-58af-442e-ad9b-d68618d6f4e8	12	47206724	54571837	3764	-0.0671
eb822df4-58af-442e-ad9b-d68618d6f4e8	12	54572973	55686364	719	0.0067
eb822df4-58af-442e-ad9b-d68618d6f4e8	12	55686828	58085808	1109	-0.0923
eb822df4-58af-442e-ad9b-d68618d6f4e8	12	58086899	63838302	3543	0.0434
eb822df4-58af-442e-ad9b-d68618d6f4e8	12	63838536	70391266	4318	-0.0016
eb822df4-58af-442e-ad9b-d68618d6f4e8	12	70391988	91606551	12444	0.0544
eb822df4-58af-442e-ad9b-d68618d6f4e8	12	91607449	103596172	7776	0.0046
eb822df4-58af-442e-ad9b-d68618d6f4e8	12	103596759	108313346	3291	-0.0163
eb822df4-58af-442e-ad9b-d68618d6f4e8	12	108313642	113819629	2965	-0.0719
eb822df4-58af-442e-ad9b-d68618d6f4e8	12	114121479	116152975	1600	0.003
eb822df4-58af-442e-ad9b-d68618d6f4e8	12	116165809	119790740	2382	-0.0497
eb822df4-58af-442e-ad9b-d68618d6f4e8	12	119790988	123857941	1739	-0.126
eb822df4-58af-442e-ad9b-d68618d6f4e8	12	123858618	132605822	4239	-0.0352
eb822df4-58af-442e-ad9b-d68618d6f4e8	13	18874255	26373411	3909	-0.0418
eb822df4-58af-442e-ad9b-d68618d6f4e8	13	26375137	31127670	3602	-0.0918
eb822df4-58af-442e-ad9b-d68618d6f4e8	13	31129678	44979184	9032	-0.0398
eb822df4-58af-442e-ad9b-d68618d6f4e8	13	44979601	45482569	247	-0.175
eb822df4-58af-442e-ad9b-d68618d6f4e8	13	45482816	53606286	4214	-0.0578
eb822df4-58af-442e-ad9b-d68618d6f4e8	13	53608085	98317825	25456	-0.0025
eb822df4-58af-442e-ad9b-d68618d6f4e8	13	98318642	100282021	1229	-0.0886
eb822df4-58af-442e-ad9b-d68618d6f4e8	13	100290600	110167051	7125	-0.0358
eb822df4-58af-442e-ad9b-d68618d6f4e8	13	110167239	114226675	2130	-0.1218
eb822df4-58af-442e-ad9b-d68618d6f4e8	14	20033191	21635545	910	0.1148
eb822df4-58af-442e-ad9b-d68618d6f4e8	14	22664303	24651591	898	-0.0782
eb822df4-58af-442e-ad9b-d68618d6f4e8	14	24651997	34251723	6010	0.0244
eb822df4-58af-442e-ad9b-d68618d6f4e8	14	34251928	35532648	555	-0.0705
eb822df4-58af-442e-ad9b-d68618d6f4e8	14	35536141	39680869	2461	0.0185
eb822df4-58af-442e-ad9b-d68618d6f4e8	14	39682586	48536844	3825	0.0523
eb822df4-58af-442e-ad9b-d68618d6f4e8	14	48537145	53462686	3070	-0.0063
eb822df4-58af-442e-ad9b-d68618d6f4e8	14	53462722	53786008	228	-0.372
eb822df4-58af-442e-ad9b-d68618d6f4e8	14	53787521	54046559	173	-0.0219
eb822df4-58af-442e-ad9b-d68618d6f4e8	14	54051814	64434374	6601	-0.3714
eb822df4-58af-442e-ad9b-d68618d6f4e8	14	64439547	64460133	8	-0.026
eb822df4-58af-442e-ad9b-d68618d6f4e8	14	64462940	64602939	78	0.233
eb822df4-58af-442e-ad9b-d68618d6f4e8	14	64605477	78066505	8088	-0.0931
eb822df4-58af-442e-ad9b-d68618d6f4e8	14	78067373	82570848	2981	0.0194
eb822df4-58af-442e-ad9b-d68618d6f4e8	14	82571275	82630582	42	-0.0774
eb822df4-58af-442e-ad9b-d68618d6f4e8	14	82633704	89289708	4073	0.3141
eb822df4-58af-442e-ad9b-d68618d6f4e8	14	89289978	101092461	7935	0.2384
eb822df4-58af-442e-ad9b-d68618d6f4e8	14	101092906	101093953	3	-1.7991
eb822df4-58af-442e-ad9b-d68618d6f4e8	14	101094172	105533894	1799	0.2046
eb822df4-58af-442e-ad9b-d68618d6f4e8	15	23437561	26815287	1973	-0.0486
eb822df4-58af-442e-ad9b-d68618d6f4e8	15	26816822	31664417	1309	0.1741
eb822df4-58af-442e-ad9b-d68618d6f4e8	15	31664862	40084698	5133	-0.0442
eb822df4-58af-442e-ad9b-d68618d6f4e8	15	40084891	45676657	2430	-0.1132
eb822df4-58af-442e-ad9b-d68618d6f4e8	15	45678932	46949257	866	-0.029
eb822df4-58af-442e-ad9b-d68618d6f4e8	15	46950013	46950375	2	-2.1332
eb822df4-58af-442e-ad9b-d68618d6f4e8	15	46953102	50147081	2023	-0.0191
eb822df4-58af-442e-ad9b-d68618d6f4e8	15	50147483	50944249	388	-0.127
eb822df4-58af-442e-ad9b-d68618d6f4e8	15	50945152	54481791	2452	-0.0492
eb822df4-58af-442e-ad9b-d68618d6f4e8	15	54481878	54482218	2	-1.3648
eb822df4-58af-442e-ad9b-d68618d6f4e8	15	54482238	56001619	931	-0.0537
eb822df4-58af-442e-ad9b-d68618d6f4e8	15	56002864	57311171	637	0.1709
eb822df4-58af-442e-ad9b-d68618d6f4e8	15	57311948	57316106	4	-1.0185
eb822df4-58af-442e-ad9b-d68618d6f4e8	15	57316463	60126372	1950	0.186
eb822df4-58af-442e-ad9b-d68618d6f4e8	15	60126559	60126592	2	-0.9965
eb822df4-58af-442e-ad9b-d68618d6f4e8	15	60126647	63766447	2812	0.1994
eb822df4-58af-442e-ad9b-d68618d6f4e8	15	63773127	70227738	3841	0.1548
eb822df4-58af-442e-ad9b-d68618d6f4e8	15	70232168	71911527	1099	0.2459
eb822df4-58af-442e-ad9b-d68618d6f4e8	15	71916878	76468550	2216	0.179
eb822df4-58af-442e-ad9b-d68618d6f4e8	15	76468572	86085534	5051	0.2304
eb822df4-58af-442e-ad9b-d68618d6f4e8	15	86087280	87429198	1035	0.4633
eb822df4-58af-442e-ad9b-d68618d6f4e8	15	87429318	88314385	602	0.2106
eb822df4-58af-442e-ad9b-d68618d6f4e8	15	88316793	91116714	1570	0.1333
eb822df4-58af-442e-ad9b-d68618d6f4e8	15	91120132	100431745	5875	0.209
eb822df4-58af-442e-ad9b-d68618d6f4e8	15	100432542	101344124	544	0.412
eb822df4-58af-442e-ad9b-d68618d6f4e8	16	603333	661905	12	-0.4616
eb822df4-58af-442e-ad9b-d68618d6f4e8	16	664155	681725	4	-2.1232
eb822df4-58af-442e-ad9b-d68618d6f4e8	16	681771	5074463	1675	-0.5185
eb822df4-58af-442e-ad9b-d68618d6f4e8	16	5076594	6423196	904	-0.0583
eb822df4-58af-442e-ad9b-d68618d6f4e8	16	6428897	6583259	190	-0.4198
eb822df4-58af-442e-ad9b-d68618d6f4e8	16	7081613	8408213	876	-0.0487
eb822df4-58af-442e-ad9b-d68618d6f4e8	16	8410763	8452959	47	0.1595
eb822df4-58af-442e-ad9b-d68618d6f4e8	16	8453220	10114467	1255	-0.0622
eb822df4-58af-442e-ad9b-d68618d6f4e8	16	10114659	12044211	1291	0.2068
eb822df4-58af-442e-ad9b-d68618d6f4e8	16	12057283	12990222	798	-0.4999
eb822df4-58af-442e-ad9b-d68618d6f4e8	16	12990574	14248773	994	-0.4208
eb822df4-58af-442e-ad9b-d68618d6f4e8	16	14249040	14653245	178	-0.5315
eb822df4-58af-442e-ad9b-d68618d6f4e8	16	14657199	25938929	3449	-0.0916
eb822df4-58af-442e-ad9b-d68618d6f4e8	16	25940831	25964655	25	-0.5102
eb822df4-58af-442e-ad9b-d68618d6f4e8	16	25967183	27435360	1129	-0.0579
eb822df4-58af-442e-ad9b-d68618d6f4e8	16	27437080	31570141	1057	-0.132
eb822df4-58af-442e-ad9b-d68618d6f4e8	16	31574733	46607060	151	0.0078
eb822df4-58af-442e-ad9b-d68618d6f4e8	16	46608544	46617874	5	0.5926
eb822df4-58af-442e-ad9b-d68618d6f4e8	16	46618035	47237276	259	1.6657
eb822df4-58af-442e-ad9b-d68618d6f4e8	16	47241274	47304211	29	1.1534
eb822df4-58af-442e-ad9b-d68618d6f4e8	16	47307936	48152462	364	0.7581
eb822df4-58af-442e-ad9b-d68618d6f4e8	16	48152513	51624271	2361	0.7092
eb822df4-58af-442e-ad9b-d68618d6f4e8	16	51631370	56377856	3594	0.776
eb822df4-58af-442e-ad9b-d68618d6f4e8	16	56378614	58806980	1424	0.7132
eb822df4-58af-442e-ad9b-d68618d6f4e8	16	58808347	62399341	2244	0.798
eb822df4-58af-442e-ad9b-d68618d6f4e8	16	62399944	67092004	3123	0.9976
eb822df4-58af-442e-ad9b-d68618d6f4e8	16	67095501	70212504	1296	0.9336
eb822df4-58af-442e-ad9b-d68618d6f4e8	16	70212515	70219938	4	0.0671
eb822df4-58af-442e-ad9b-d68618d6f4e8	16	70220039	70577659	130	0.9027
eb822df4-58af-442e-ad9b-d68618d6f4e8	16	70582573	73410889	1365	0.9977
eb822df4-58af-442e-ad9b-d68618d6f4e8	16	73411136	80016799	5055	0.9425
eb822df4-58af-442e-ad9b-d68618d6f4e8	16	80018965	83749510	3129	-0.1213
eb822df4-58af-442e-ad9b-d68618d6f4e8	16	83749601	89317317	2728	-0.1751
eb822df4-58af-442e-ad9b-d68618d6f4e8	17	1074619	10506279	4886	-0.1397
eb822df4-58af-442e-ad9b-d68618d6f4e8	17	10508709	15662155	2661	-0.0548
eb822df4-58af-442e-ad9b-d68618d6f4e8	17	15664355	21774057	2176	-0.4958
eb822df4-58af-442e-ad9b-d68618d6f4e8	17	26943491	29965623	1350	0.842
eb822df4-58af-442e-ad9b-d68618d6f4e8	17	29966930	31467452	560	0.4526
eb822df4-58af-442e-ad9b-d68618d6f4e8	17	31468204	31858405	232	0.8252
eb822df4-58af-442e-ad9b-d68618d6f4e8	17	31858546	33631275	1223	0.68
eb822df4-58af-442e-ad9b-d68618d6f4e8	17	34611015	34669731	32	1.3651
eb822df4-58af-442e-ad9b-d68618d6f4e8	17	34669734	34739358	57	1.0676
eb822df4-58af-442e-ad9b-d68618d6f4e8	17	34740216	36009014	673	1.3186
eb822df4-58af-442e-ad9b-d68618d6f4e8	17	36010848	36567187	57	0.6716
eb822df4-58af-442e-ad9b-d68618d6f4e8	17	36567203	40480767	1771	-0.1161
eb822df4-58af-442e-ad9b-d68618d6f4e8	17	40481999	41461870	552	-0.0307
eb822df4-58af-442e-ad9b-d68618d6f4e8	17	41462468	49040540	2919	-0.1152
eb822df4-58af-442e-ad9b-d68618d6f4e8	17	49040685	49041773	2	-1.7015
eb822df4-58af-442e-ad9b-d68618d6f4e8	17	49045580	51532123	1137	-0.1045
eb822df4-58af-442e-ad9b-d68618d6f4e8	17	51533026	56623330	3354	-0.0044
eb822df4-58af-442e-ad9b-d68618d6f4e8	17	56623371	60535830	2180	-0.0701
eb822df4-58af-442e-ad9b-d68618d6f4e8	17	60535969	63075441	1207	0.2117
eb822df4-58af-442e-ad9b-d68618d6f4e8	17	63080434	65342035	1066	0.6854
eb822df4-58af-442e-ad9b-d68618d6f4e8	17	65344691	67252611	1226	0.7563
eb822df4-58af-442e-ad9b-d68618d6f4e8	17	67260778	67799270	317	0.6874
eb822df4-58af-442e-ad9b-d68618d6f4e8	17	67801222	72217704	2971	0.4358
eb822df4-58af-442e-ad9b-d68618d6f4e8	17	72217768	72333011	95	-0.0034
eb822df4-58af-442e-ad9b-d68618d6f4e8	17	72333644	82959812	4543	0.1719
eb822df4-58af-442e-ad9b-d68618d6f4e8	18	326691	14482921	8213	0.2283
eb822df4-58af-442e-ad9b-d68618d6f4e8	18	14483937	23628944	1321	-0.1066
eb822df4-58af-442e-ad9b-d68618d6f4e8	18	23629736	26485405	1853	0.21
eb822df4-58af-442e-ad9b-d68618d6f4e8	18	26485575	31851363	3304	-0.0577
eb822df4-58af-442e-ad9b-d68618d6f4e8	18	31855000	36863503	3153	0.2076
eb822df4-58af-442e-ad9b-d68618d6f4e8	18	36867326	37475793	313	-0.0943
eb822df4-58af-442e-ad9b-d68618d6f4e8	18	37476645	40129649	1606	0.2658
eb822df4-58af-442e-ad9b-d68618d6f4e8	18	40136522	45890459	3541	-0.0481
eb822df4-58af-442e-ad9b-d68618d6f4e8	18	45890799	51875848	4051	-0.0968
eb822df4-58af-442e-ad9b-d68618d6f4e8	18	51876287	57497315	3558	-0.0455
eb822df4-58af-442e-ad9b-d68618d6f4e8	18	57497342	59885291	1645	-0.1103
eb822df4-58af-442e-ad9b-d68618d6f4e8	18	59886916	64247834	2878	-0.0624
eb822df4-58af-442e-ad9b-d68618d6f4e8	18	64252291	73957617	3849	-0.0116
eb822df4-58af-442e-ad9b-d68618d6f4e8	18	73957757	79349796	3636	-0.075
eb822df4-58af-442e-ad9b-d68618d6f4e8	19	283868	7380747	2084	0.031
eb822df4-58af-442e-ad9b-d68618d6f4e8	19	7386414	7389136	3	-2.2843
eb822df4-58af-442e-ad9b-d68618d6f4e8	19	7395973	19782975	5609	0.0553
eb822df4-58af-442e-ad9b-d68618d6f4e8	19	19786737	23759347	1251	0.1421
eb822df4-58af-442e-ad9b-d68618d6f4e8	19	23759953	32434177	3564	0.1851
eb822df4-58af-442e-ad9b-d68618d6f4e8	19	32434300	38890185	3547	0.1225
eb822df4-58af-442e-ad9b-d68618d6f4e8	19	38897076	58370362	8067	0.0672
eb822df4-58af-442e-ad9b-d68618d6f4e8	20	472817	5940227	3266	0.2169
eb822df4-58af-442e-ad9b-d68618d6f4e8	20	5940245	8093871	1474	0.3077
eb822df4-58af-442e-ad9b-d68618d6f4e8	20	8094576	8677111	73	0.0417
eb822df4-58af-442e-ad9b-d68618d6f4e8	20	8677777	20267697	8609	0.2968
eb822df4-58af-442e-ad9b-d68618d6f4e8	20	20268639	21554332	784	0.2371
eb822df4-58af-442e-ad9b-d68618d6f4e8	20	21554382	25523191	2499	0.2997
eb822df4-58af-442e-ad9b-d68618d6f4e8	20	25525946	31454257	348	0.2268
eb822df4-58af-442e-ad9b-d68618d6f4e8	20	31457840	31461069	3	-0.843
eb822df4-58af-442e-ad9b-d68618d6f4e8	20	31465102	37218668	2777	0.1839
eb822df4-58af-442e-ad9b-d68618d6f4e8	20	37221113	43281376	4092	0.256
eb822df4-58af-442e-ad9b-d68618d6f4e8	20	43283691	52290315	5802	0.2095
eb822df4-58af-442e-ad9b-d68618d6f4e8	20	52295405	59602249	5376	0.2466
eb822df4-58af-442e-ad9b-d68618d6f4e8	20	59603172	60131450	385	0.3659
eb822df4-58af-442e-ad9b-d68618d6f4e8	20	60131496	60168238	44	0.2451
eb822df4-58af-442e-ad9b-d68618d6f4e8	20	60169641	63588502	1997	0.1657
eb822df4-58af-442e-ad9b-d68618d6f4e8	21	13974127	30925218	10840	0.3325
eb822df4-58af-442e-ad9b-d68618d6f4e8	21	30925733	37784339	4440	0.2623
eb822df4-58af-442e-ad9b-d68618d6f4e8	21	37785385	41468932	2996	0.2982
eb822df4-58af-442e-ad9b-d68618d6f4e8	21	41468989	46262057	2307	0.2434
eb822df4-58af-442e-ad9b-d68618d6f4e8	22	16934932	26621835	2688	0.4474
eb822df4-58af-442e-ad9b-d68618d6f4e8	22	26625623	28990848	1801	0.2134
eb822df4-58af-442e-ad9b-d68618d6f4e8	22	28991382	30557308	877	0.1494
eb822df4-58af-442e-ad9b-d68618d6f4e8	22	30557534	30558088	2	-0.9978
eb822df4-58af-442e-ad9b-d68618d6f4e8	22	30559891	31928370	725	0.1484
eb822df4-58af-442e-ad9b-d68618d6f4e8	22	31932455	37422160	4010	0.2142
eb822df4-58af-442e-ad9b-d68618d6f4e8	22	37422307	38526077	496	0.1296
eb822df4-58af-442e-ad9b-d68618d6f4e8	22	38538472	48940621	6481	-0.1244
eb822df4-58af-442e-ad9b-d68618d6f4e8	X	3236359	9232909	1188	-0.4176
eb822df4-58af-442e-ad9b-d68618d6f4e8	X	9233292	9857069	494	-0.5383
eb822df4-58af-442e-ad9b-d68618d6f4e8	X	9857321	25738489	7925	-0.408
eb822df4-58af-442e-ad9b-d68618d6f4e8	X	25738908	37926282	5845	-0.3519
eb822df4-58af-442e-ad9b-d68618d6f4e8	X	38152583	38245989	67	-0.4966
eb822df4-58af-442e-ad9b-d68618d6f4e8	X	38246011	48501789	4841	0.0871
eb822df4-58af-442e-ad9b-d68618d6f4e8	X	48503315	49669704	351	-0.0278
eb822df4-58af-442e-ad9b-d68618d6f4e8	X	49670105	65393565	4072	0.0905
eb822df4-58af-442e-ad9b-d68618d6f4e8	X	65401807	65572892	62	0.4449
eb822df4-58af-442e-ad9b-d68618d6f4e8	X	65574190	66094044	166	0.7691
eb822df4-58af-442e-ad9b-d68618d6f4e8	X	66096751	68459773	975	0.498
eb822df4-58af-442e-ad9b-d68618d6f4e8	X	68461132	70257625	795	0.0962
eb822df4-58af-442e-ad9b-d68618d6f4e8	X	70258058	70976282	325	0.7265
eb822df4-58af-442e-ad9b-d68618d6f4e8	X	70979611	71798070	260	1.1459
eb822df4-58af-442e-ad9b-d68618d6f4e8	X	71803832	73624759	699	0.0966
eb822df4-58af-442e-ad9b-d68618d6f4e8	X	73625160	74615713	378	0.7521
eb822df4-58af-442e-ad9b-d68618d6f4e8	X	74616483	75099289	195	1.2131
eb822df4-58af-442e-ad9b-d68618d6f4e8	X	76153328	82265748	2567	0.1091
eb822df4-58af-442e-ad9b-d68618d6f4e8	X	82269304	106215956	10050	0.1479
eb822df4-58af-442e-ad9b-d68618d6f4e8	X	106221184	106222666	2	1.8211
eb822df4-58af-442e-ad9b-d68618d6f4e8	X	106225354	117849651	5323	0.1409
eb822df4-58af-442e-ad9b-d68618d6f4e8	X	117850101	120684420	1526	0.0654
eb822df4-58af-442e-ad9b-d68618d6f4e8	X	120687714	152369135	15281	0.1228
eb822df4-58af-442e-ad9b-d68618d6f4e8	X	152371215	155677414	486	0.0091
