GDC_Aliquot	Chromosome	Start	End	Num_Probes	Segment_Mean
49a7c2cd-6b47-4e52-9720-9cbe482c619f	1	3301765	236603772	122679	0.01
49a7c2cd-6b47-4e52-9720-9cbe482c619f	1	236604964	244245248	5600	-0.0313
49a7c2cd-6b47-4e52-9720-9cbe482c619f	1	244247117	247650984	1462	0.0162
49a7c2cd-6b47-4e52-9720-9cbe482c619f	2	480597	7608457	4308	-0.0267
49a7c2cd-6b47-4e52-9720-9cbe482c619f	2	7610218	47777717	24452	0.0147
49a7c2cd-6b47-4e52-9720-9cbe482c619f	2	47779327	50104686	1331	-0.0268
49a7c2cd-6b47-4e52-9720-9cbe482c619f	2	50106950	50107133	3	-1.1096
49a7c2cd-6b47-4e52-9720-9cbe482c619f	2	50107484	63297317	7033	-0.0038
49a7c2cd-6b47-4e52-9720-9cbe482c619f	2	63297764	69989981	4189	0.0443
49a7c2cd-6b47-4e52-9720-9cbe482c619f	2	69990009	138474451	31191	0.0079
49a7c2cd-6b47-4e52-9720-9cbe482c619f	2	138474518	141403878	1716	-0.0502
49a7c2cd-6b47-4e52-9720-9cbe482c619f	2	141406891	157880435	9503	0.0059
49a7c2cd-6b47-4e52-9720-9cbe482c619f	2	157880827	166080376	4730	0.0314
49a7c2cd-6b47-4e52-9720-9cbe482c619f	2	166080610	166086960	6	-0.8374
49a7c2cd-6b47-4e52-9720-9cbe482c619f	2	166088042	183610016	10915	0.0281
49a7c2cd-6b47-4e52-9720-9cbe482c619f	2	183610079	186372894	1013	-0.0056
49a7c2cd-6b47-4e52-9720-9cbe482c619f	2	186376812	186799016	232	0.5374
49a7c2cd-6b47-4e52-9720-9cbe482c619f	2	186800173	241537572	31556	0.0124
49a7c2cd-6b47-4e52-9720-9cbe482c619f	3	2170634	7922146	3192	-0.0198
49a7c2cd-6b47-4e52-9720-9cbe482c619f	3	7924180	16521499	5696	0.0247
49a7c2cd-6b47-4e52-9720-9cbe482c619f	3	16521673	20477634	2135	-0.0274
49a7c2cd-6b47-4e52-9720-9cbe482c619f	3	20477674	20481834	3	-1.1831
49a7c2cd-6b47-4e52-9720-9cbe482c619f	3	20483315	50525794	17076	0.0117
49a7c2cd-6b47-4e52-9720-9cbe482c619f	3	50528778	68046104	10717	0.0312
49a7c2cd-6b47-4e52-9720-9cbe482c619f	3	68046119	68326109	157	-0.0951
49a7c2cd-6b47-4e52-9720-9cbe482c619f	3	68326622	79612999	7010	0.0357
49a7c2cd-6b47-4e52-9720-9cbe482c619f	3	79613927	98422242	7542	-0.0102
49a7c2cd-6b47-4e52-9720-9cbe482c619f	3	98422597	114284805	8819	0.0185
49a7c2cd-6b47-4e52-9720-9cbe482c619f	3	114288229	118713800	2972	-0.0181
49a7c2cd-6b47-4e52-9720-9cbe482c619f	3	118713911	132736342	7866	0.019
49a7c2cd-6b47-4e52-9720-9cbe482c619f	3	132741060	132850600	75	0.3853
49a7c2cd-6b47-4e52-9720-9cbe482c619f	3	132855900	150926460	9598	0.0193
49a7c2cd-6b47-4e52-9720-9cbe482c619f	3	150928525	162524271	6409	-0.0023
49a7c2cd-6b47-4e52-9720-9cbe482c619f	3	162524753	166203172	1412	-0.0522
49a7c2cd-6b47-4e52-9720-9cbe482c619f	3	166203259	167337975	518	-0.01
49a7c2cd-6b47-4e52-9720-9cbe482c619f	3	167338019	179232797	6264	0.0408
49a7c2cd-6b47-4e52-9720-9cbe482c619f	3	179233162	187343834	4175	-0.0134
49a7c2cd-6b47-4e52-9720-9cbe482c619f	3	187343842	197812401	5549	0.0316
49a7c2cd-6b47-4e52-9720-9cbe482c619f	4	1059384	42000191	25354	0.0101
49a7c2cd-6b47-4e52-9720-9cbe482c619f	4	42000514	53305433	3806	-0.0148
49a7c2cd-6b47-4e52-9720-9cbe482c619f	4	53306043	53306685	2	-1.33
49a7c2cd-6b47-4e52-9720-9cbe482c619f	4	53314788	69488857	8866	-0.0063
49a7c2cd-6b47-4e52-9720-9cbe482c619f	4	69488895	93391714	13841	0.0137
49a7c2cd-6b47-4e52-9720-9cbe482c619f	4	93392190	94559758	643	0.0758
49a7c2cd-6b47-4e52-9720-9cbe482c619f	4	94560070	104361513	5543	0.0013
49a7c2cd-6b47-4e52-9720-9cbe482c619f	4	104362454	109409717	2853	0.0383
49a7c2cd-6b47-4e52-9720-9cbe482c619f	4	109411002	123868390	8254	0.0059
49a7c2cd-6b47-4e52-9720-9cbe482c619f	4	123869922	123915963	29	0.5381
49a7c2cd-6b47-4e52-9720-9cbe482c619f	4	123920263	173735217	27171	0.0128
49a7c2cd-6b47-4e52-9720-9cbe482c619f	4	173735415	184244058	5297	-0.0223
49a7c2cd-6b47-4e52-9720-9cbe482c619f	4	184244087	187842528	1824	0.033
49a7c2cd-6b47-4e52-9720-9cbe482c619f	5	914118	5112814	2804	-0.0434
49a7c2cd-6b47-4e52-9720-9cbe482c619f	5	5119610	20569820	9550	0.0004
49a7c2cd-6b47-4e52-9720-9cbe482c619f	5	20570483	31661726	6122	-0.0246
49a7c2cd-6b47-4e52-9720-9cbe482c619f	5	31662393	54954469	10238	0.0059
49a7c2cd-6b47-4e52-9720-9cbe482c619f	5	54954764	75654145	11214	0.0384
49a7c2cd-6b47-4e52-9720-9cbe482c619f	5	75656974	108110616	16847	0.0102
49a7c2cd-6b47-4e52-9720-9cbe482c619f	5	108111130	111358314	1810	-0.0342
49a7c2cd-6b47-4e52-9720-9cbe482c619f	5	111358506	123622089	7550	0.0092
49a7c2cd-6b47-4e52-9720-9cbe482c619f	5	123622413	126435715	1736	0.0554
49a7c2cd-6b47-4e52-9720-9cbe482c619f	5	126436867	159328952	20143	0.0114
49a7c2cd-6b47-4e52-9720-9cbe482c619f	5	159329053	170643938	7562	-0.0229
49a7c2cd-6b47-4e52-9720-9cbe482c619f	5	170648315	180934240	5515	0.0107
49a7c2cd-6b47-4e52-9720-9cbe482c619f	6	1011760	22429223	15182	0.016
49a7c2cd-6b47-4e52-9720-9cbe482c619f	6	22430271	22431639	3	-1.4464
49a7c2cd-6b47-4e52-9720-9cbe482c619f	6	22431702	64277814	20222	0.0078
49a7c2cd-6b47-4e52-9720-9cbe482c619f	6	64278701	72921215	5036	-0.0382
49a7c2cd-6b47-4e52-9720-9cbe482c619f	6	72921353	73548472	345	0.0087
49a7c2cd-6b47-4e52-9720-9cbe482c619f	6	73548621	76161266	1528	0.0487
49a7c2cd-6b47-4e52-9720-9cbe482c619f	6	76161470	83718561	4076	-0.011
49a7c2cd-6b47-4e52-9720-9cbe482c619f	6	83720611	85406814	1112	0.0676
49a7c2cd-6b47-4e52-9720-9cbe482c619f	6	85407411	149933893	37537	0.0054
49a7c2cd-6b47-4e52-9720-9cbe482c619f	6	149933969	159335643	6279	0.0306
49a7c2cd-6b47-4e52-9720-9cbe482c619f	6	159335705	170596889	5835	-0.0028
49a7c2cd-6b47-4e52-9720-9cbe482c619f	7	664936	48582319	28128	0.0111
49a7c2cd-6b47-4e52-9720-9cbe482c619f	7	48582414	54117165	3874	-0.0349
49a7c2cd-6b47-4e52-9720-9cbe482c619f	7	54117410	68814943	3477	0.0015
49a7c2cd-6b47-4e52-9720-9cbe482c619f	7	68821077	69940991	652	0.4882
49a7c2cd-6b47-4e52-9720-9cbe482c619f	7	69941157	71618042	1003	-0.0327
49a7c2cd-6b47-4e52-9720-9cbe482c619f	7	71622604	71623750	2	-2.5295
49a7c2cd-6b47-4e52-9720-9cbe482c619f	7	71623763	72931874	547	-0.045
49a7c2cd-6b47-4e52-9720-9cbe482c619f	7	73312738	119427504	23140	0.0205
49a7c2cd-6b47-4e52-9720-9cbe482c619f	7	119433344	158592540	21116	0.0007
49a7c2cd-6b47-4e52-9720-9cbe482c619f	8	667625	15753783	7593	-0.0123
49a7c2cd-6b47-4e52-9720-9cbe482c619f	8	15753798	19444951	2822	0.0288
49a7c2cd-6b47-4e52-9720-9cbe482c619f	8	19445526	31782489	8344	-0.0025
49a7c2cd-6b47-4e52-9720-9cbe482c619f	8	31782732	36582891	2671	-0.0495
49a7c2cd-6b47-4e52-9720-9cbe482c619f	8	36584631	40360739	1992	0.0396
49a7c2cd-6b47-4e52-9720-9cbe482c619f	8	40360828	52840358	4880	-0.0176
49a7c2cd-6b47-4e52-9720-9cbe482c619f	8	52840523	62569163	6052	0.0148
49a7c2cd-6b47-4e52-9720-9cbe482c619f	8	62569201	65562513	1628	-0.0321
49a7c2cd-6b47-4e52-9720-9cbe482c619f	8	65562771	75685427	6031	0.0154
49a7c2cd-6b47-4e52-9720-9cbe482c619f	8	75686618	79873432	2317	-0.0193
49a7c2cd-6b47-4e52-9720-9cbe482c619f	8	79874413	83843181	2126	0.0236
49a7c2cd-6b47-4e52-9720-9cbe482c619f	8	83843898	88962111	2547	-0.0345
49a7c2cd-6b47-4e52-9720-9cbe482c619f	8	88962963	92984182	2325	-0.0016
49a7c2cd-6b47-4e52-9720-9cbe482c619f	8	92984929	110794062	10181	0.0261
49a7c2cd-6b47-4e52-9720-9cbe482c619f	8	110797294	113865231	1599	-0.0358
49a7c2cd-6b47-4e52-9720-9cbe482c619f	8	113868412	128537015	9675	0.0245
49a7c2cd-6b47-4e52-9720-9cbe482c619f	8	128539016	134083271	3991	-0.0068
49a7c2cd-6b47-4e52-9720-9cbe482c619f	8	134085492	134085505	2	-1.8702
49a7c2cd-6b47-4e52-9720-9cbe482c619f	8	134086013	134519923	398	-0.0171
49a7c2cd-6b47-4e52-9720-9cbe482c619f	8	134522386	134522747	2	-1.3685
49a7c2cd-6b47-4e52-9720-9cbe482c619f	8	134523991	144182542	5033	0.0041
49a7c2cd-6b47-4e52-9720-9cbe482c619f	9	789794	1816187	447	0.0041
49a7c2cd-6b47-4e52-9720-9cbe482c619f	9	1816285	4571878	2280	0.0569
49a7c2cd-6b47-4e52-9720-9cbe482c619f	9	4573137	8864704	2392	0.006
49a7c2cd-6b47-4e52-9720-9cbe482c619f	9	8865332	10700062	939	-0.0458
49a7c2cd-6b47-4e52-9720-9cbe482c619f	9	10733474	22082420	7703	0.0273
49a7c2cd-6b47-4e52-9720-9cbe482c619f	9	22082582	30405175	4753	-0.0241
49a7c2cd-6b47-4e52-9720-9cbe482c619f	9	30405215	38337294	4717	0.0188
49a7c2cd-6b47-4e52-9720-9cbe482c619f	9	38342264	38343509	3	-1.329
49a7c2cd-6b47-4e52-9720-9cbe482c619f	9	38343639	116526057	32665	0.0096
49a7c2cd-6b47-4e52-9720-9cbe482c619f	9	116529746	119758209	2595	-0.0433
49a7c2cd-6b47-4e52-9720-9cbe482c619f	9	119760040	120312870	425	0.0025
49a7c2cd-6b47-4e52-9720-9cbe482c619f	9	120313331	123796822	2146	0.0429
49a7c2cd-6b47-4e52-9720-9cbe482c619f	9	123797714	138044505	7403	0.0046
49a7c2cd-6b47-4e52-9720-9cbe482c619f	10	366509	6815466	4237	-0.0057
49a7c2cd-6b47-4e52-9720-9cbe482c619f	10	6815556	10445160	2774	-0.0507
49a7c2cd-6b47-4e52-9720-9cbe482c619f	10	10446329	17636143	5659	-0.0014
49a7c2cd-6b47-4e52-9720-9cbe482c619f	10	17636486	20655689	2153	-0.0507
49a7c2cd-6b47-4e52-9720-9cbe482c619f	10	20659773	21536480	614	-0.014
49a7c2cd-6b47-4e52-9720-9cbe482c619f	10	21542761	35061561	8795	0.0134
49a7c2cd-6b47-4e52-9720-9cbe482c619f	10	35064837	54189434	7913	-0.0224
49a7c2cd-6b47-4e52-9720-9cbe482c619f	10	54189630	54190177	2	-1.382
49a7c2cd-6b47-4e52-9720-9cbe482c619f	10	54193253	58130259	1997	-0.0356
49a7c2cd-6b47-4e52-9720-9cbe482c619f	10	58132097	62368374	2920	0.0421
49a7c2cd-6b47-4e52-9720-9cbe482c619f	10	62377308	71841081	5644	0.0038
49a7c2cd-6b47-4e52-9720-9cbe482c619f	10	71841341	78737626	4162	0.0372
49a7c2cd-6b47-4e52-9720-9cbe482c619f	10	78738275	109118633	18505	0.0024
49a7c2cd-6b47-4e52-9720-9cbe482c619f	10	109120657	127926437	13296	0.0237
49a7c2cd-6b47-4e52-9720-9cbe482c619f	10	127927112	133411599	2593	-0.02
49a7c2cd-6b47-4e52-9720-9cbe482c619f	11	456012	7694449	3744	-0.002
49a7c2cd-6b47-4e52-9720-9cbe482c619f	11	7696337	20556298	9115	0.0302
49a7c2cd-6b47-4e52-9720-9cbe482c619f	11	20556339	20862105	264	-0.0126
49a7c2cd-6b47-4e52-9720-9cbe482c619f	11	20864353	20865284	3	-1.0025
49a7c2cd-6b47-4e52-9720-9cbe482c619f	11	20868100	22906626	1443	0.0133
49a7c2cd-6b47-4e52-9720-9cbe482c619f	11	22908713	26013036	1900	-0.0336
49a7c2cd-6b47-4e52-9720-9cbe482c619f	11	26014571	39362998	8183	0.0209
49a7c2cd-6b47-4e52-9720-9cbe482c619f	11	39363740	45856969	4463	-0.0269
49a7c2cd-6b47-4e52-9720-9cbe482c619f	11	45857218	92436918	20694	0.0052
49a7c2cd-6b47-4e52-9720-9cbe482c619f	11	92437306	103623262	7268	0.0262
49a7c2cd-6b47-4e52-9720-9cbe482c619f	11	103633218	122880551	12617	-0.0011
49a7c2cd-6b47-4e52-9720-9cbe482c619f	11	122882339	124346774	1126	-0.0562
49a7c2cd-6b47-4e52-9720-9cbe482c619f	11	124349542	134272740	6723	0.0018
49a7c2cd-6b47-4e52-9720-9cbe482c619f	12	780472	11515519	5719	0.0066
49a7c2cd-6b47-4e52-9720-9cbe482c619f	12	11520094	39358254	14278	0.0273
49a7c2cd-6b47-4e52-9720-9cbe482c619f	12	39363601	44249259	2677	-0.0155
49a7c2cd-6b47-4e52-9720-9cbe482c619f	12	44250295	72670984	16547	0.0226
49a7c2cd-6b47-4e52-9720-9cbe482c619f	12	72707335	126088464	32427	0.0087
49a7c2cd-6b47-4e52-9720-9cbe482c619f	12	126088641	130661869	1843	-0.0472
49a7c2cd-6b47-4e52-9720-9cbe482c619f	12	130663147	132605822	834	-0.0039
49a7c2cd-6b47-4e52-9720-9cbe482c619f	13	18874255	25431097	3274	0.0109
49a7c2cd-6b47-4e52-9720-9cbe482c619f	13	25432336	28767155	2449	-0.0392
49a7c2cd-6b47-4e52-9720-9cbe482c619f	13	28778090	28778355	2	-1.439
49a7c2cd-6b47-4e52-9720-9cbe482c619f	13	28780590	31957431	2231	-0.0165
49a7c2cd-6b47-4e52-9720-9cbe482c619f	13	31965910	35789530	2530	0.0087
49a7c2cd-6b47-4e52-9720-9cbe482c619f	13	35789771	37433872	1166	0.058
49a7c2cd-6b47-4e52-9720-9cbe482c619f	13	37433892	41007794	2478	0.0047
49a7c2cd-6b47-4e52-9720-9cbe482c619f	13	41010225	41011918	2	-1.3639
49a7c2cd-6b47-4e52-9720-9cbe482c619f	13	41013272	51988577	6136	0.019
49a7c2cd-6b47-4e52-9720-9cbe482c619f	13	51990214	71360664	9499	-0.013
49a7c2cd-6b47-4e52-9720-9cbe482c619f	13	71362523	71362740	2	-1.698
49a7c2cd-6b47-4e52-9720-9cbe482c619f	13	71366409	71402497	24	-0.0319
49a7c2cd-6b47-4e52-9720-9cbe482c619f	13	71402613	73903739	1677	0.0622
49a7c2cd-6b47-4e52-9720-9cbe482c619f	13	73904521	82106388	5335	-0.0034
49a7c2cd-6b47-4e52-9720-9cbe482c619f	13	82108545	84917503	1468	-0.0439
49a7c2cd-6b47-4e52-9720-9cbe482c619f	13	84925250	108250992	15149	0.0047
49a7c2cd-6b47-4e52-9720-9cbe482c619f	13	108251243	109700106	1131	-0.0454
49a7c2cd-6b47-4e52-9720-9cbe482c619f	13	109700142	114226675	2446	0.0246
49a7c2cd-6b47-4e52-9720-9cbe482c619f	14	20033191	105533894	49776	0.0094
49a7c2cd-6b47-4e52-9720-9cbe482c619f	15	23437561	28315670	2729	-0.0416
49a7c2cd-6b47-4e52-9720-9cbe482c619f	15	28315870	101344124	42055	0.0137
49a7c2cd-6b47-4e52-9720-9cbe482c619f	16	603333	6163258	2485	0.0059
49a7c2cd-6b47-4e52-9720-9cbe482c619f	16	6163293	8134142	922	-0.0669
49a7c2cd-6b47-4e52-9720-9cbe482c619f	16	8134192	22927178	6343	-0.0005
49a7c2cd-6b47-4e52-9720-9cbe482c619f	16	22927291	27997217	3365	-0.0469
49a7c2cd-6b47-4e52-9720-9cbe482c619f	16	27997597	59684853	9602	0.0188
49a7c2cd-6b47-4e52-9720-9cbe482c619f	16	59689673	62485864	1695	-0.0472
49a7c2cd-6b47-4e52-9720-9cbe482c619f	16	62493179	64851029	1506	-0.0082
49a7c2cd-6b47-4e52-9720-9cbe482c619f	16	64851997	64856170	3	-0.9823
49a7c2cd-6b47-4e52-9720-9cbe482c619f	16	64856944	66255292	1143	-0.0077
49a7c2cd-6b47-4e52-9720-9cbe482c619f	16	66255319	77645363	6087	0.0328
49a7c2cd-6b47-4e52-9720-9cbe482c619f	16	77646209	80616908	2690	-0.02
49a7c2cd-6b47-4e52-9720-9cbe482c619f	16	80617212	80618214	3	-1.0846
49a7c2cd-6b47-4e52-9720-9cbe482c619f	16	80618349	89317317	5360	-0.0019
49a7c2cd-6b47-4e52-9720-9cbe482c619f	17	1074619	21075303	9601	-0.0035
49a7c2cd-6b47-4e52-9720-9cbe482c619f	17	21080198	21080237	2	-1.5202
49a7c2cd-6b47-4e52-9720-9cbe482c619f	17	21083960	82959812	27671	0.0087
49a7c2cd-6b47-4e52-9720-9cbe482c619f	18	326691	37449543	18159	0.0103
49a7c2cd-6b47-4e52-9720-9cbe482c619f	18	37451319	41589455	2536	-0.0276
49a7c2cd-6b47-4e52-9720-9cbe482c619f	18	41590139	47771435	3688	0.0079
49a7c2cd-6b47-4e52-9720-9cbe482c619f	18	47771556	50495890	1986	0.0414
49a7c2cd-6b47-4e52-9720-9cbe482c619f	18	50497033	64190126	9053	-0.0006
49a7c2cd-6b47-4e52-9720-9cbe482c619f	18	64192833	68782304	2175	-0.0366
49a7c2cd-6b47-4e52-9720-9cbe482c619f	18	68782514	79349796	5350	-0.0026
49a7c2cd-6b47-4e52-9720-9cbe482c619f	19	283868	22894795	8491	-0.0013
49a7c2cd-6b47-4e52-9720-9cbe482c619f	19	22895221	32207434	3890	-0.0417
49a7c2cd-6b47-4e52-9720-9cbe482c619f	19	32207973	58370362	11761	-0.0018
49a7c2cd-6b47-4e52-9720-9cbe482c619f	20	472817	5373595	3078	0.0011
49a7c2cd-6b47-4e52-9720-9cbe482c619f	20	5373686	35894770	16094	0.0272
49a7c2cd-6b47-4e52-9720-9cbe482c619f	20	35896323	58490511	15116	-0.0021
49a7c2cd-6b47-4e52-9720-9cbe482c619f	20	58490647	60054720	1125	-0.0362
49a7c2cd-6b47-4e52-9720-9cbe482c619f	20	60054791	60055635	2	-1.1522
49a7c2cd-6b47-4e52-9720-9cbe482c619f	20	60056194	60989035	847	-0.0558
49a7c2cd-6b47-4e52-9720-9cbe482c619f	20	61032969	61037483	2	-1.3444
49a7c2cd-6b47-4e52-9720-9cbe482c619f	20	61041582	61540227	378	-0.0755
49a7c2cd-6b47-4e52-9720-9cbe482c619f	20	61541658	63588502	896	0.0025
49a7c2cd-6b47-4e52-9720-9cbe482c619f	21	13974127	15530366	1067	-0.0313
49a7c2cd-6b47-4e52-9720-9cbe482c619f	21	15535004	18747151	1877	0.041
49a7c2cd-6b47-4e52-9720-9cbe482c619f	21	18747309	25010611	3897	-0.0366
49a7c2cd-6b47-4e52-9720-9cbe482c619f	21	25011072	46262057	13749	0.0173
49a7c2cd-6b47-4e52-9720-9cbe482c619f	22	16934932	48940621	17076	0.0029
49a7c2cd-6b47-4e52-9720-9cbe482c619f	X	3236359	10525831	1825	0.0139
49a7c2cd-6b47-4e52-9720-9cbe482c619f	X	10529095	18616771	4503	0.048
49a7c2cd-6b47-4e52-9720-9cbe482c619f	X	18618686	155677414	57641	0.0039
