GDC_Aliquot	Chromosome	Start	End	Num_Probes	Segment_Mean
ac026569-058b-4457-833f-8021feda1009	1	3301765	6895273	2292	-1.0073
ac026569-058b-4457-833f-8021feda1009	1	6899900	22994786	8779	-0.0732
ac026569-058b-4457-833f-8021feda1009	1	23001322	26127712	1490	-0.9678
ac026569-058b-4457-833f-8021feda1009	1	26140173	53010517	13800	-0.0727
ac026569-058b-4457-833f-8021feda1009	1	53011528	55909607	1996	-0.9684
ac026569-058b-4457-833f-8021feda1009	1	55909822	56860182	716	-0.0267
ac026569-058b-4457-833f-8021feda1009	1	56860267	60948766	3039	-0.0927
ac026569-058b-4457-833f-8021feda1009	1	60949592	61478477	378	-0.0463
ac026569-058b-4457-833f-8021feda1009	1	61480599	62482771	714	-0.1459
ac026569-058b-4457-833f-8021feda1009	1	62485187	72498429	6407	-0.0785
ac026569-058b-4457-833f-8021feda1009	1	72499576	72526006	19	-0.8157
ac026569-058b-4457-833f-8021feda1009	1	72531634	76482542	2324	-0.105
ac026569-058b-4457-833f-8021feda1009	1	76489976	153654379	27928	-0.0704
ac026569-058b-4457-833f-8021feda1009	1	153657648	156098051	1073	-0.096
ac026569-058b-4457-833f-8021feda1009	1	156108458	220262657	41454	0.4497
ac026569-058b-4457-833f-8021feda1009	1	220263031	220267376	5	-0.6247
ac026569-058b-4457-833f-8021feda1009	1	220269027	233229552	7932	0.4541
ac026569-058b-4457-833f-8021feda1009	1	233230022	243835168	7612	0.4248
ac026569-058b-4457-833f-8021feda1009	1	243835184	247650984	1746	0.4555
ac026569-058b-4457-833f-8021feda1009	2	480597	11718787	7026	-0.973
ac026569-058b-4457-833f-8021feda1009	2	11721794	16006197	2901	-0.0658
ac026569-058b-4457-833f-8021feda1009	2	16007911	17376008	964	-0.0019
ac026569-058b-4457-833f-8021feda1009	2	17376695	19097295	1221	-0.0613
ac026569-058b-4457-833f-8021feda1009	2	19100277	19101069	2	-1.5784
ac026569-058b-4457-833f-8021feda1009	2	19102061	58123436	22049	-0.0577
ac026569-058b-4457-833f-8021feda1009	2	58129775	61661567	2159	0.4808
ac026569-058b-4457-833f-8021feda1009	2	61675466	76990184	8858	-0.0591
ac026569-058b-4457-833f-8021feda1009	2	76998961	83725918	3483	-0.0972
ac026569-058b-4457-833f-8021feda1009	2	83729283	83734221	5	0.6862
ac026569-058b-4457-833f-8021feda1009	2	83735880	84205176	269	-0.1104
ac026569-058b-4457-833f-8021feda1009	2	84206517	152731078	31984	-0.0608
ac026569-058b-4457-833f-8021feda1009	2	152740132	152740405	2	1.6373
ac026569-058b-4457-833f-8021feda1009	2	152743235	241537572	51222	-0.0645
ac026569-058b-4457-833f-8021feda1009	3	2170634	2965809	294	0.4722
ac026569-058b-4457-833f-8021feda1009	3	2966058	28264171	15154	-0.0559
ac026569-058b-4457-833f-8021feda1009	3	28264531	48241004	11780	-0.9543
ac026569-058b-4457-833f-8021feda1009	3	48244725	78521907	18125	-0.0592
ac026569-058b-4457-833f-8021feda1009	3	78522131	100571707	9246	-0.0958
ac026569-058b-4457-833f-8021feda1009	3	100575675	137934192	21528	-0.0629
ac026569-058b-4457-833f-8021feda1009	3	137934460	140133425	1202	-0.11
ac026569-058b-4457-833f-8021feda1009	3	140133482	157855518	9468	-0.076
ac026569-058b-4457-833f-8021feda1009	3	157856287	166972244	4204	-0.1077
ac026569-058b-4457-833f-8021feda1009	3	166972434	187245342	10526	-0.063
ac026569-058b-4457-833f-8021feda1009	3	187246870	187247480	2	-1.3641
ac026569-058b-4457-833f-8021feda1009	3	187250191	197812401	5609	-0.0581
ac026569-058b-4457-833f-8021feda1009	4	1059384	1790291	227	-0.0461
ac026569-058b-4457-833f-8021feda1009	4	1791556	1796125	2	-1.1895
ac026569-058b-4457-833f-8021feda1009	4	1796225	7015456	3007	-0.0608
ac026569-058b-4457-833f-8021feda1009	4	7018558	11895573	2957	-0.0336
ac026569-058b-4457-833f-8021feda1009	4	11896497	24667064	8606	-0.0835
ac026569-058b-4457-833f-8021feda1009	4	24667650	27938891	2123	-0.0379
ac026569-058b-4457-833f-8021feda1009	4	27939139	35024491	4119	-0.0928
ac026569-058b-4457-833f-8021feda1009	4	35024655	44141366	5352	-0.0558
ac026569-058b-4457-833f-8021feda1009	4	44145217	57703135	5823	-0.0843
ac026569-058b-4457-833f-8021feda1009	4	57703590	66906191	4998	-0.108
ac026569-058b-4457-833f-8021feda1009	4	66906601	69776997	1011	-0.075
ac026569-058b-4457-833f-8021feda1009	4	69779937	86615463	9989	-0.0514
ac026569-058b-4457-833f-8021feda1009	4	86617313	152078083	35978	-0.0758
ac026569-058b-4457-833f-8021feda1009	4	152080510	154778991	1572	-0.0266
ac026569-058b-4457-833f-8021feda1009	4	154779064	187842528	17739	-0.0735
ac026569-058b-4457-833f-8021feda1009	5	913983	1428688	129	1.1587
ac026569-058b-4457-833f-8021feda1009	5	1880474	18168337	11030	0.4667
ac026569-058b-4457-833f-8021feda1009	5	18168447	58617552	19905	0.4444
ac026569-058b-4457-833f-8021feda1009	5	58617602	91770875	17893	0.4626
ac026569-058b-4457-833f-8021feda1009	5	91771022	91785021	11	-1.1268
ac026569-058b-4457-833f-8021feda1009	5	91787870	180934240	52167	0.4571
ac026569-058b-4457-833f-8021feda1009	6	1011760	77375124	42979	-0.0818
ac026569-058b-4457-833f-8021feda1009	6	77375789	77376404	2	-2.0841
ac026569-058b-4457-833f-8021feda1009	6	77376968	87914719	5794	-0.0921
ac026569-058b-4457-833f-8021feda1009	6	87914826	91856428	2426	-0.0373
ac026569-058b-4457-833f-8021feda1009	6	91859832	93037616	782	-0.0887
ac026569-058b-4457-833f-8021feda1009	6	93038615	93038981	3	-1.6453
ac026569-058b-4457-833f-8021feda1009	6	93039443	106446187	6979	-0.0906
ac026569-058b-4457-833f-8021feda1009	6	106446291	109203736	1628	-0.0348
ac026569-058b-4457-833f-8021feda1009	6	109203879	129025508	11205	-0.0813
ac026569-058b-4457-833f-8021feda1009	6	129025715	130560772	1089	-0.0357
ac026569-058b-4457-833f-8021feda1009	6	130560781	130568234	6	-0.8094
ac026569-058b-4457-833f-8021feda1009	6	130572919	133404638	1903	-0.0423
ac026569-058b-4457-833f-8021feda1009	6	133404690	170596889	22339	-0.075
ac026569-058b-4457-833f-8021feda1009	7	664936	9245717	3410	-0.0633
ac026569-058b-4457-833f-8021feda1009	7	9246844	15997283	4389	-0.0917
ac026569-058b-4457-833f-8021feda1009	7	15999055	35569730	12117	-0.0526
ac026569-058b-4457-833f-8021feda1009	7	35570253	44059070	5292	-0.083
ac026569-058b-4457-833f-8021feda1009	7	44059266	56550099	8274	-0.0493
ac026569-058b-4457-833f-8021feda1009	7	56552117	90899671	12225	-0.086
ac026569-058b-4457-833f-8021feda1009	7	90900240	90902693	2	-1.6464
ac026569-058b-4457-833f-8021feda1009	7	90903618	141421784	27636	-0.0758
ac026569-058b-4457-833f-8021feda1009	7	141422202	158592540	8578	-0.0544
ac026569-058b-4457-833f-8021feda1009	8	667625	903734	137	-1.1028
ac026569-058b-4457-833f-8021feda1009	8	903837	904082	2	-6.7199
ac026569-058b-4457-833f-8021feda1009	8	904198	4655845	1970	-0.9629
ac026569-058b-4457-833f-8021feda1009	8	4659550	4659763	3	-2.9929
ac026569-058b-4457-833f-8021feda1009	8	4659920	38218299	20074	-0.9604
ac026569-058b-4457-833f-8021feda1009	8	38220559	69752629	16091	-0.052
ac026569-058b-4457-833f-8021feda1009	8	69754489	78396552	5130	-0.0827
ac026569-058b-4457-833f-8021feda1009	8	78399813	82955009	2465	-0.045
ac026569-058b-4457-833f-8021feda1009	8	82955572	88762215	2920	-0.0958
ac026569-058b-4457-833f-8021feda1009	8	88762701	109637876	12028	-0.0571
ac026569-058b-4457-833f-8021feda1009	8	109638381	117157696	3961	-0.0879
ac026569-058b-4457-833f-8021feda1009	8	117158184	127728722	7301	-0.0562
ac026569-058b-4457-833f-8021feda1009	8	127742317	133559723	4171	0.483
ac026569-058b-4457-833f-8021feda1009	8	133560336	139288625	4325	0.4489
ac026569-058b-4457-833f-8021feda1009	8	139288957	144182542	1538	0.5007
ac026569-058b-4457-833f-8021feda1009	9	789794	2221037	844	-0.0796
ac026569-058b-4457-833f-8021feda1009	9	2226437	2226445	2	-1.4352
ac026569-058b-4457-833f-8021feda1009	9	2226756	3829793	1209	-0.08
ac026569-058b-4457-833f-8021feda1009	9	3831932	3834432	7	-1.1864
ac026569-058b-4457-833f-8021feda1009	9	3836167	21626847	11433	-0.0696
ac026569-058b-4457-833f-8021feda1009	9	21701943	21914589	134	-0.8717
ac026569-058b-4457-833f-8021feda1009	9	21918581	21959052	31	-3.8983
ac026569-058b-4457-833f-8021feda1009	9	21963431	21986219	7	-1.4373
ac026569-058b-4457-833f-8021feda1009	9	21988393	22204446	177	-0.7896
ac026569-058b-4457-833f-8021feda1009	9	22205498	35533351	7663	-0.0866
ac026569-058b-4457-833f-8021feda1009	9	35533695	71711971	4584	-0.0558
ac026569-058b-4457-833f-8021feda1009	9	71712045	83015706	7663	-0.0828
ac026569-058b-4457-833f-8021feda1009	9	83015719	88360113	3790	-0.1048
ac026569-058b-4457-833f-8021feda1009	9	88368416	109038936	13266	-0.0689
ac026569-058b-4457-833f-8021feda1009	9	109039045	117431867	5901	-0.0455
ac026569-058b-4457-833f-8021feda1009	9	117432210	119647628	1679	-0.0969
ac026569-058b-4457-833f-8021feda1009	9	119648035	127465489	4907	-0.0427
ac026569-058b-4457-833f-8021feda1009	9	127466657	138044505	5177	-0.0726
ac026569-058b-4457-833f-8021feda1009	10	366509	7021246	4444	-0.0628
ac026569-058b-4457-833f-8021feda1009	10	7022390	10852672	2930	-0.1043
ac026569-058b-4457-833f-8021feda1009	10	10854005	14195806	2689	-0.0562
ac026569-058b-4457-833f-8021feda1009	10	14197928	14204823	3	0.7899
ac026569-058b-4457-833f-8021feda1009	10	14207418	15831339	1270	-0.0541
ac026569-058b-4457-833f-8021feda1009	10	15834067	20227809	3188	-0.1125
ac026569-058b-4457-833f-8021feda1009	10	20227937	27265456	4462	-0.062
ac026569-058b-4457-833f-8021feda1009	10	27269270	30593906	2420	-0.1056
ac026569-058b-4457-833f-8021feda1009	10	30599023	30599506	4	-1.0164
ac026569-058b-4457-833f-8021feda1009	10	30600147	42473822	4869	-0.0887
ac026569-058b-4457-833f-8021feda1009	10	42474909	43200036	469	-0.0412
ac026569-058b-4457-833f-8021feda1009	10	43233776	43239327	7	-1.2407
ac026569-058b-4457-833f-8021feda1009	10	43247480	47324792	1697	-0.0602
ac026569-058b-4457-833f-8021feda1009	10	47326963	49513048	1069	0.0088
ac026569-058b-4457-833f-8021feda1009	10	49514137	87116095	22696	-0.0744
ac026569-058b-4457-833f-8021feda1009	10	87406076	87852267	259	-0.9517
ac026569-058b-4457-833f-8021feda1009	10	87855380	87975840	192	-0.6285
ac026569-058b-4457-833f-8021feda1009	10	87976151	89258763	869	-0.9286
ac026569-058b-4457-833f-8021feda1009	10	89259723	91101325	1268	-0.0685
ac026569-058b-4457-833f-8021feda1009	10	91101438	91102032	2	-1.2795
ac026569-058b-4457-833f-8021feda1009	10	91106106	99518208	4857	-0.0589
ac026569-058b-4457-833f-8021feda1009	10	99518975	99522443	2	-1.5561
ac026569-058b-4457-833f-8021feda1009	10	99525774	110426093	6444	-0.0811
ac026569-058b-4457-833f-8021feda1009	10	110426390	111342345	668	-0.0138
ac026569-058b-4457-833f-8021feda1009	10	111342607	118072368	4705	-0.0865
ac026569-058b-4457-833f-8021feda1009	10	118074340	125706176	5474	-0.0483
ac026569-058b-4457-833f-8021feda1009	10	125707321	133411599	4333	-0.0736
ac026569-058b-4457-833f-8021feda1009	11	456012	110409044	60997	-0.0781
ac026569-058b-4457-833f-8021feda1009	11	110410640	131233783	14692	-0.0453
ac026569-058b-4457-833f-8021feda1009	11	131234198	134272740	1888	-0.095
ac026569-058b-4457-833f-8021feda1009	12	780472	3437612	1247	0.473
ac026569-058b-4457-833f-8021feda1009	12	3440648	6952707	2565	-0.0696
ac026569-058b-4457-833f-8021feda1009	12	6956413	132605822	70561	0.4381
ac026569-058b-4457-833f-8021feda1009	13	18874255	27971131	5049	-0.9789
ac026569-058b-4457-833f-8021feda1009	13	27972629	27976441	3	-3.3997
ac026569-058b-4457-833f-8021feda1009	13	27981123	28328818	292	-0.8833
ac026569-058b-4457-833f-8021feda1009	13	28329067	28330179	2	-3.7982
ac026569-058b-4457-833f-8021feda1009	13	28332669	32563353	2979	-0.9435
ac026569-058b-4457-833f-8021feda1009	13	32571713	48422871	10475	-0.0605
ac026569-058b-4457-833f-8021feda1009	13	48423557	110147706	35978	-0.0889
ac026569-058b-4457-833f-8021feda1009	13	110147979	114226675	2149	-0.0469
ac026569-058b-4457-833f-8021feda1009	14	20033191	36742280	9166	-0.0569
ac026569-058b-4457-833f-8021feda1009	14	36742476	47580425	5022	-0.091
ac026569-058b-4457-833f-8021feda1009	14	47580438	56449047	5566	-0.0654
ac026569-058b-4457-833f-8021feda1009	14	56450294	56460819	2	-1.4483
ac026569-058b-4457-833f-8021feda1009	14	56461449	78593591	13608	-0.0647
ac026569-058b-4457-833f-8021feda1009	14	78598119	90355134	7357	-0.0992
ac026569-058b-4457-833f-8021feda1009	14	90355636	91382519	604	-0.0719
ac026569-058b-4457-833f-8021feda1009	14	91383597	91383852	2	-1.6124
ac026569-058b-4457-833f-8021feda1009	14	91383952	94517712	2011	-0.0608
ac026569-058b-4457-833f-8021feda1009	14	94518185	94542039	12	-0.7611
ac026569-058b-4457-833f-8021feda1009	14	94543750	97311067	2084	-0.0343
ac026569-058b-4457-833f-8021feda1009	14	97311817	104272892	4043	-0.0889
ac026569-058b-4457-833f-8021feda1009	14	104273052	105533894	311	-0.0382
ac026569-058b-4457-833f-8021feda1009	15	23437561	26972882	2048	-0.1068
ac026569-058b-4457-833f-8021feda1009	15	26975460	33804007	2283	-0.0614
ac026569-058b-4457-833f-8021feda1009	15	33806101	36710680	1769	-0.1042
ac026569-058b-4457-833f-8021feda1009	15	36710799	80041474	25997	-0.0619
ac026569-058b-4457-833f-8021feda1009	15	80042720	80047114	2	-1.6255
ac026569-058b-4457-833f-8021feda1009	15	80052763	101344124	12684	-0.0763
ac026569-058b-4457-833f-8021feda1009	16	603333	11251842	5832	-0.0751
ac026569-058b-4457-833f-8021feda1009	16	11257354	65158888	20352	0.4497
ac026569-058b-4457-833f-8021feda1009	16	65160519	65160875	3	-0.8666
ac026569-058b-4457-833f-8021feda1009	16	65168104	84910575	12564	0.4506
ac026569-058b-4457-833f-8021feda1009	16	84910730	88036274	2305	0.5149
ac026569-058b-4457-833f-8021feda1009	16	88038617	89317317	170	0.4519
ac026569-058b-4457-833f-8021feda1009	17	1074619	39453870	15246	0.4344
ac026569-058b-4457-833f-8021feda1009	17	39457761	39467278	4	1.657
ac026569-058b-4457-833f-8021feda1009	17	39469370	42856387	1619	0.432
ac026569-058b-4457-833f-8021feda1009	17	42880702	43544115	288	0.3242
ac026569-058b-4457-833f-8021feda1009	17	43544432	58687946	7912	0.4428
ac026569-058b-4457-833f-8021feda1009	17	58689761	58690465	2	-1.2353
ac026569-058b-4457-833f-8021feda1009	17	58690513	82959812	12219	0.4498
ac026569-058b-4457-833f-8021feda1009	18	326691	10181527	5702	-0.0626
ac026569-058b-4457-833f-8021feda1009	18	10187106	10187410	3	-1.3712
ac026569-058b-4457-833f-8021feda1009	18	10190767	79349796	37252	-0.0673
ac026569-058b-4457-833f-8021feda1009	19	283868	58370362	24160	-0.102
ac026569-058b-4457-833f-8021feda1009	20	472817	692898	147	-0.081
ac026569-058b-4457-833f-8021feda1009	20	692996	693104	3	-1.0923
ac026569-058b-4457-833f-8021feda1009	20	693463	3207087	1669	-0.0949
ac026569-058b-4457-833f-8021feda1009	20	3207345	8096148	2929	-0.0513
ac026569-058b-4457-833f-8021feda1009	20	8099183	14696454	4317	-0.0969
ac026569-058b-4457-833f-8021feda1009	20	14700876	18457155	2830	-0.0335
ac026569-058b-4457-833f-8021feda1009	20	18457929	21875695	2521	-0.0691
ac026569-058b-4457-833f-8021feda1009	20	21877913	21884524	3	1.156
ac026569-058b-4457-833f-8021feda1009	20	21886662	56608724	18484	-0.0678
ac026569-058b-4457-833f-8021feda1009	20	56611158	59256421	1935	-0.0158
ac026569-058b-4457-833f-8021feda1009	20	59257044	63588502	2726	-0.0726
ac026569-058b-4457-833f-8021feda1009	21	13974127	31089136	10958	-0.0828
ac026569-058b-4457-833f-8021feda1009	21	31095334	31095904	2	1.9138
ac026569-058b-4457-833f-8021feda1009	21	31096184	46262057	9649	-0.0713
ac026569-058b-4457-833f-8021feda1009	22	16934932	25754617	1825	-0.0682
ac026569-058b-4457-833f-8021feda1009	22	25754641	26173420	429	-0.0261
ac026569-058b-4457-833f-8021feda1009	22	26174358	26179962	3	0.8798
ac026569-058b-4457-833f-8021feda1009	22	26181380	27389141	1244	-0.034
ac026569-058b-4457-833f-8021feda1009	22	27389734	37765446	6751	-0.0769
ac026569-058b-4457-833f-8021feda1009	22	37765982	37773844	4	0.9414
ac026569-058b-4457-833f-8021feda1009	22	37774039	41534013	1808	-0.0919
ac026569-058b-4457-833f-8021feda1009	22	41539908	48313394	4470	-0.9897
ac026569-058b-4457-833f-8021feda1009	22	48314479	48314668	2	-7.0589
ac026569-058b-4457-833f-8021feda1009	22	48315804	48940621	487	-1.071
ac026569-058b-4457-833f-8021feda1009	X	3236359	21235665	7282	-0.152
ac026569-058b-4457-833f-8021feda1009	X	21236148	21958525	295	0.6182
ac026569-058b-4457-833f-8021feda1009	X	21958675	22500950	486	0.4573
ac026569-058b-4457-833f-8021feda1009	X	22502001	22502213	2	-0.9642
ac026569-058b-4457-833f-8021feda1009	X	22502935	23964721	706	0.5017
ac026569-058b-4457-833f-8021feda1009	X	23964935	31578462	4072	0.5488
ac026569-058b-4457-833f-8021feda1009	X	31578850	32138900	399	0.3053
ac026569-058b-4457-833f-8021feda1009	X	32138925	43358870	4609	0.5549
ac026569-058b-4457-833f-8021feda1009	X	43360774	49222924	2700	0.5119
ac026569-058b-4457-833f-8021feda1009	X	49229323	49229457	2	-1.0736
ac026569-058b-4457-833f-8021feda1009	X	49246636	62961074	3301	0.5019
ac026569-058b-4457-833f-8021feda1009	X	62969104	63624567	136	0.5928
ac026569-058b-4457-833f-8021feda1009	X	63635866	80187398	6156	-0.1835
ac026569-058b-4457-833f-8021feda1009	X	80193186	80193855	2	-1.6361
ac026569-058b-4457-833f-8021feda1009	X	80194113	82726432	1112	-0.182
ac026569-058b-4457-833f-8021feda1009	X	82727603	82729930	2	-1.7693
ac026569-058b-4457-833f-8021feda1009	X	82733124	96470624	4999	-0.2006
ac026569-058b-4457-833f-8021feda1009	X	96470866	128728152	15330	-0.1625
ac026569-058b-4457-833f-8021feda1009	X	128729578	128745773	12	-0.8576
ac026569-058b-4457-833f-8021feda1009	X	128745983	128835293	56	-0.1602
ac026569-058b-4457-833f-8021feda1009	X	128835431	128835618	2	-1.9058
ac026569-058b-4457-833f-8021feda1009	X	128841739	137883897	3975	-0.1502
ac026569-058b-4457-833f-8021feda1009	X	137884135	147800273	5006	-0.187
ac026569-058b-4457-833f-8021feda1009	X	147805469	155677414	2906	-0.1482
