GDC_Aliquot	Chromosome	Start	End	Num_Probes	Segment_Mean
ea3db49a-7294-4964-8bb5-96500ea47958	1	3301765	6299631	2026	-0.3773
ea3db49a-7294-4964-8bb5-96500ea47958	1	6300087	14496017	4157	-0.3233
ea3db49a-7294-4964-8bb5-96500ea47958	1	14496420	15055152	450	-0.4486
ea3db49a-7294-4964-8bb5-96500ea47958	1	15058369	17169841	807	-0.3136
ea3db49a-7294-4964-8bb5-96500ea47958	1	17170842	19066723	1344	-0.3989
ea3db49a-7294-4964-8bb5-96500ea47958	1	19067216	22886247	2216	-0.3289
ea3db49a-7294-4964-8bb5-96500ea47958	1	22888519	29218132	2725	-0.296
ea3db49a-7294-4964-8bb5-96500ea47958	1	29225504	29684712	295	-0.3536
ea3db49a-7294-4964-8bb5-96500ea47958	1	29685826	29691418	2	-3.5411
ea3db49a-7294-4964-8bb5-96500ea47958	1	29693860	30224092	405	-0.4028
ea3db49a-7294-4964-8bb5-96500ea47958	1	30225497	56136045	14074	-0.3014
ea3db49a-7294-4964-8bb5-96500ea47958	1	56136636	59610199	2740	-0.3419
ea3db49a-7294-4964-8bb5-96500ea47958	1	59616242	64735108	3527	-0.2992
ea3db49a-7294-4964-8bb5-96500ea47958	1	64737240	65806103	786	-0.2461
ea3db49a-7294-4964-8bb5-96500ea47958	1	65806117	66949978	884	-0.1805
ea3db49a-7294-4964-8bb5-96500ea47958	1	66951872	81313869	8185	-0.2656
ea3db49a-7294-4964-8bb5-96500ea47958	1	81314855	81322576	5	-1.2834
ea3db49a-7294-4964-8bb5-96500ea47958	1	81330396	81512555	183	-0.2321
ea3db49a-7294-4964-8bb5-96500ea47958	1	81512980	84586159	1959	-0.184
ea3db49a-7294-4964-8bb5-96500ea47958	1	84586748	90711890	3983	-0.2377
ea3db49a-7294-4964-8bb5-96500ea47958	1	90713093	97585087	4117	-0.2805
ea3db49a-7294-4964-8bb5-96500ea47958	1	97588724	108985482	6359	-0.2312
ea3db49a-7294-4964-8bb5-96500ea47958	1	109006710	110499528	783	-0.3128
ea3db49a-7294-4964-8bb5-96500ea47958	1	110501605	114151650	2369	-0.2549
ea3db49a-7294-4964-8bb5-96500ea47958	1	114154398	114154411	2	-2.0516
ea3db49a-7294-4964-8bb5-96500ea47958	1	114155472	115049801	513	-0.2458
ea3db49a-7294-4964-8bb5-96500ea47958	1	115055426	149910462	3176	-0.3043
ea3db49a-7294-4964-8bb5-96500ea47958	1	149913375	157300051	3497	0.329
ea3db49a-7294-4964-8bb5-96500ea47958	1	157300721	158919372	1123	0.4327
ea3db49a-7294-4964-8bb5-96500ea47958	1	158919634	169121422	7319	0.3593
ea3db49a-7294-4964-8bb5-96500ea47958	1	169121474	169997922	674	0.0669
ea3db49a-7294-4964-8bb5-96500ea47958	1	169998107	170137840	75	0.334
ea3db49a-7294-4964-8bb5-96500ea47958	1	170142962	171233025	703	0.0737
ea3db49a-7294-4964-8bb5-96500ea47958	1	171233788	190625890	11859	0.3597
ea3db49a-7294-4964-8bb5-96500ea47958	1	190626359	193033697	1359	0.4279
ea3db49a-7294-4964-8bb5-96500ea47958	1	193036714	197360737	2475	0.3819
ea3db49a-7294-4964-8bb5-96500ea47958	1	197366259	199853731	1501	0.4554
ea3db49a-7294-4964-8bb5-96500ea47958	1	199856276	206980414	4529	0.3304
ea3db49a-7294-4964-8bb5-96500ea47958	1	206980536	207461325	299	0.425
ea3db49a-7294-4964-8bb5-96500ea47958	1	207461425	211502255	2974	0.328
ea3db49a-7294-4964-8bb5-96500ea47958	1	211502423	223640921	8012	0.356
ea3db49a-7294-4964-8bb5-96500ea47958	1	223641075	223643899	3	1.5055
ea3db49a-7294-4964-8bb5-96500ea47958	1	223644660	227285743	2119	0.3664
ea3db49a-7294-4964-8bb5-96500ea47958	1	227290081	247650984	13104	0.3306
ea3db49a-7294-4964-8bb5-96500ea47958	2	480597	663676	168	0.1173
ea3db49a-7294-4964-8bb5-96500ea47958	2	664719	3584382	1091	0.0301
ea3db49a-7294-4964-8bb5-96500ea47958	2	3585315	11882677	5933	0.0961
ea3db49a-7294-4964-8bb5-96500ea47958	2	11897053	13545777	1194	0.1691
ea3db49a-7294-4964-8bb5-96500ea47958	2	13545883	30077170	10138	0.0827
ea3db49a-7294-4964-8bb5-96500ea47958	2	30078841	45731883	8741	0.1151
ea3db49a-7294-4964-8bb5-96500ea47958	2	45732020	51783424	3688	0.0937
ea3db49a-7294-4964-8bb5-96500ea47958	2	51784448	52039769	147	0.415
ea3db49a-7294-4964-8bb5-96500ea47958	2	52090091	64114589	6410	0.6267
ea3db49a-7294-4964-8bb5-96500ea47958	2	64285152	69147318	3293	0.1115
ea3db49a-7294-4964-8bb5-96500ea47958	2	69148801	81347634	6648	0.0699
ea3db49a-7294-4964-8bb5-96500ea47958	2	81352795	103686032	7572	-0.2744
ea3db49a-7294-4964-8bb5-96500ea47958	2	103688945	104661558	595	-0.7144
ea3db49a-7294-4964-8bb5-96500ea47958	2	104662177	106204009	1156	-0.8379
ea3db49a-7294-4964-8bb5-96500ea47958	2	106205383	108905308	1399	-0.7373
ea3db49a-7294-4964-8bb5-96500ea47958	2	108909074	109532407	442	-0.9217
ea3db49a-7294-4964-8bb5-96500ea47958	2	109532583	119115600	4322	-0.7666
ea3db49a-7294-4964-8bb5-96500ea47958	2	119116553	119257409	127	-1.0461
ea3db49a-7294-4964-8bb5-96500ea47958	2	119258332	120435076	576	-0.7467
ea3db49a-7294-4964-8bb5-96500ea47958	2	120437660	120967551	339	-1.0057
ea3db49a-7294-4964-8bb5-96500ea47958	2	120967842	120972394	4	-3.997
ea3db49a-7294-4964-8bb5-96500ea47958	2	120972448	121189789	173	-0.909
ea3db49a-7294-4964-8bb5-96500ea47958	2	121190053	121193499	6	-1.9736
ea3db49a-7294-4964-8bb5-96500ea47958	2	121197023	122250314	573	-0.8349
ea3db49a-7294-4964-8bb5-96500ea47958	2	122255849	126615312	1867	-0.7386
ea3db49a-7294-4964-8bb5-96500ea47958	2	126618414	134458353	3796	-0.8095
ea3db49a-7294-4964-8bb5-96500ea47958	2	134458704	144300510	5504	-0.7121
ea3db49a-7294-4964-8bb5-96500ea47958	2	144301006	147037364	1415	-0.623
ea3db49a-7294-4964-8bb5-96500ea47958	2	147037487	154696235	4634	-0.7452
ea3db49a-7294-4964-8bb5-96500ea47958	2	154696551	156027856	702	-0.6347
ea3db49a-7294-4964-8bb5-96500ea47958	2	156028003	160421101	2554	-0.7518
ea3db49a-7294-4964-8bb5-96500ea47958	2	160421236	165602100	2826	-0.6717
ea3db49a-7294-4964-8bb5-96500ea47958	2	165603969	166615366	626	-0.7263
ea3db49a-7294-4964-8bb5-96500ea47958	2	166615984	166616233	2	-3.9481
ea3db49a-7294-4964-8bb5-96500ea47958	2	166617915	166710919	64	-0.756
ea3db49a-7294-4964-8bb5-96500ea47958	2	166720850	184034780	10701	-0.2368
ea3db49a-7294-4964-8bb5-96500ea47958	2	184036665	186351214	796	0.11
ea3db49a-7294-4964-8bb5-96500ea47958	2	186361212	186367508	9	-4.1374
ea3db49a-7294-4964-8bb5-96500ea47958	2	186372833	199445894	6445	0.1223
ea3db49a-7294-4964-8bb5-96500ea47958	2	199451405	208394920	5186	0.0846
ea3db49a-7294-4964-8bb5-96500ea47958	2	208397396	214432121	3534	0.1286
ea3db49a-7294-4964-8bb5-96500ea47958	2	214433546	224068666	6260	0.0736
ea3db49a-7294-4964-8bb5-96500ea47958	2	224071200	225382547	868	0.156
ea3db49a-7294-4964-8bb5-96500ea47958	2	225385198	233429294	4443	0.0725
ea3db49a-7294-4964-8bb5-96500ea47958	2	233429533	234089990	495	0.127
ea3db49a-7294-4964-8bb5-96500ea47958	2	234093240	236296076	1491	0.0046
ea3db49a-7294-4964-8bb5-96500ea47958	2	236296406	238728587	1594	0.0717
ea3db49a-7294-4964-8bb5-96500ea47958	2	238729034	241537572	1471	0.0246
ea3db49a-7294-4964-8bb5-96500ea47958	3	2170634	7444027	2719	-0.2735
ea3db49a-7294-4964-8bb5-96500ea47958	3	7444334	14906632	5092	-0.3171
ea3db49a-7294-4964-8bb5-96500ea47958	3	14907195	16546766	1090	-0.2531
ea3db49a-7294-4964-8bb5-96500ea47958	3	16548314	19554410	1571	-0.1852
ea3db49a-7294-4964-8bb5-96500ea47958	3	19558204	36890183	10387	-0.2528
ea3db49a-7294-4964-8bb5-96500ea47958	3	36890205	55372834	10038	-0.2908
ea3db49a-7294-4964-8bb5-96500ea47958	3	55373257	56118222	598	-0.2016
ea3db49a-7294-4964-8bb5-96500ea47958	3	56118273	62172881	2949	-0.2844
ea3db49a-7294-4964-8bb5-96500ea47958	3	62172921	63530716	1026	-0.2031
ea3db49a-7294-4964-8bb5-96500ea47958	3	63530843	66586758	2373	-0.3103
ea3db49a-7294-4964-8bb5-96500ea47958	3	66587221	71025282	3103	-0.2411
ea3db49a-7294-4964-8bb5-96500ea47958	3	71027880	78803942	4615	-0.2815
ea3db49a-7294-4964-8bb5-96500ea47958	3	78804015	101951848	9771	-0.2493
ea3db49a-7294-4964-8bb5-96500ea47958	3	101952045	108677809	3979	-0.2089
ea3db49a-7294-4964-8bb5-96500ea47958	3	108681803	111454284	1318	-0.2689
ea3db49a-7294-4964-8bb5-96500ea47958	3	111454576	115579401	2431	-0.203
ea3db49a-7294-4964-8bb5-96500ea47958	3	115580533	123300916	4643	-0.2576
ea3db49a-7294-4964-8bb5-96500ea47958	3	123301319	127632828	2643	-0.3218
ea3db49a-7294-4964-8bb5-96500ea47958	3	127634944	132941805	2948	-0.275
ea3db49a-7294-4964-8bb5-96500ea47958	3	132942446	133384552	318	-0.1759
ea3db49a-7294-4964-8bb5-96500ea47958	3	133385244	134899977	947	-0.2978
ea3db49a-7294-4964-8bb5-96500ea47958	3	134900002	134900800	3	-1.3947
ea3db49a-7294-4964-8bb5-96500ea47958	3	134900882	137801122	1509	-0.2795
ea3db49a-7294-4964-8bb5-96500ea47958	3	137801712	140544380	1648	-0.3243
ea3db49a-7294-4964-8bb5-96500ea47958	3	140563242	167330051	13434	-0.2444
ea3db49a-7294-4964-8bb5-96500ea47958	3	167331385	169512713	1277	-0.19
ea3db49a-7294-4964-8bb5-96500ea47958	3	169513564	177685004	4055	-0.2641
ea3db49a-7294-4964-8bb5-96500ea47958	3	177685206	179962762	1388	-0.2049
ea3db49a-7294-4964-8bb5-96500ea47958	3	179963417	182971659	1546	-0.2619
ea3db49a-7294-4964-8bb5-96500ea47958	3	182971707	186843845	1802	-0.3006
ea3db49a-7294-4964-8bb5-96500ea47958	3	186849281	187736191	697	-0.2264
ea3db49a-7294-4964-8bb5-96500ea47958	3	187753578	189429957	1143	1.0246
ea3db49a-7294-4964-8bb5-96500ea47958	3	189448219	191333400	1297	0.1246
ea3db49a-7294-4964-8bb5-96500ea47958	3	191334745	192406266	622	0.9892
ea3db49a-7294-4964-8bb5-96500ea47958	3	192414348	194456702	1206	0.0882
ea3db49a-7294-4964-8bb5-96500ea47958	3	194466339	197812401	955	0.9436
ea3db49a-7294-4964-8bb5-96500ea47958	4	1059384	5344458	1982	-0.3309
ea3db49a-7294-4964-8bb5-96500ea47958	4	5344817	10151254	2730	-0.3833
ea3db49a-7294-4964-8bb5-96500ea47958	4	10152592	17706045	5694	-0.3107
ea3db49a-7294-4964-8bb5-96500ea47958	4	17706371	35764296	11023	-0.2627
ea3db49a-7294-4964-8bb5-96500ea47958	4	35765752	37407480	1126	-0.1869
ea3db49a-7294-4964-8bb5-96500ea47958	4	37407515	69982343	15760	-0.2673
ea3db49a-7294-4964-8bb5-96500ea47958	4	69983535	78441750	5022	-0.2424
ea3db49a-7294-4964-8bb5-96500ea47958	4	78451471	82039068	2127	-0.1758
ea3db49a-7294-4964-8bb5-96500ea47958	4	82040942	84697302	1585	-0.2614
ea3db49a-7294-4964-8bb5-96500ea47958	4	84704548	86816705	1244	-0.1842
ea3db49a-7294-4964-8bb5-96500ea47958	4	86817814	89704658	1788	-0.2623
ea3db49a-7294-4964-8bb5-96500ea47958	4	89706976	89707838	2	-1.7781
ea3db49a-7294-4964-8bb5-96500ea47958	4	89710565	100460613	5797	-0.2572
ea3db49a-7294-4964-8bb5-96500ea47958	4	100461457	103435470	1654	-0.1667
ea3db49a-7294-4964-8bb5-96500ea47958	4	103438674	106860040	1878	-0.2356
ea3db49a-7294-4964-8bb5-96500ea47958	4	106864400	110273514	2015	-0.2776
ea3db49a-7294-4964-8bb5-96500ea47958	4	110276217	118308597	4639	-0.2232
ea3db49a-7294-4964-8bb5-96500ea47958	4	118310502	119798662	759	-0.1541
ea3db49a-7294-4964-8bb5-96500ea47958	4	119799908	120046655	178	-0.2242
ea3db49a-7294-4964-8bb5-96500ea47958	4	120047738	120052596	5	-0.7371
ea3db49a-7294-4964-8bb5-96500ea47958	4	120053390	120070245	14	-0.3309
ea3db49a-7294-4964-8bb5-96500ea47958	4	120070614	120084603	5	-0.6752
ea3db49a-7294-4964-8bb5-96500ea47958	4	120086895	120483384	282	-0.1894
ea3db49a-7294-4964-8bb5-96500ea47958	4	120484016	129285447	4656	-0.2648
ea3db49a-7294-4964-8bb5-96500ea47958	4	129286245	153968686	13339	-0.2323
ea3db49a-7294-4964-8bb5-96500ea47958	4	153968825	161513690	4468	-0.2597
ea3db49a-7294-4964-8bb5-96500ea47958	4	161515682	161882866	181	-0.6953
ea3db49a-7294-4964-8bb5-96500ea47958	4	161886964	163033864	729	-0.2395
ea3db49a-7294-4964-8bb5-96500ea47958	4	163033897	163978656	531	-0.1429
ea3db49a-7294-4964-8bb5-96500ea47958	4	163981624	168159908	2023	-0.24
ea3db49a-7294-4964-8bb5-96500ea47958	4	168162316	170174602	1253	-0.3112
ea3db49a-7294-4964-8bb5-96500ea47958	4	170175001	171216180	572	-0.2617
ea3db49a-7294-4964-8bb5-96500ea47958	4	171216352	177252987	3342	-0.2029
ea3db49a-7294-4964-8bb5-96500ea47958	4	177258305	180235003	1517	-0.2582
ea3db49a-7294-4964-8bb5-96500ea47958	4	180235406	180237227	3	-1.5575
ea3db49a-7294-4964-8bb5-96500ea47958	4	180239392	181974678	975	-0.2811
ea3db49a-7294-4964-8bb5-96500ea47958	4	181975495	187842528	2582	-0.3058
ea3db49a-7294-4964-8bb5-96500ea47958	5	914118	2453263	590	0.0354
ea3db49a-7294-4964-8bb5-96500ea47958	5	2457859	3764971	1162	-0.0129
ea3db49a-7294-4964-8bb5-96500ea47958	5	3766514	13456270	6802	0.0439
ea3db49a-7294-4964-8bb5-96500ea47958	5	13459470	14535719	956	0.1123
ea3db49a-7294-4964-8bb5-96500ea47958	5	14535764	39744156	13716	0.0768
ea3db49a-7294-4964-8bb5-96500ea47958	5	39744750	66369094	12032	0.0994
ea3db49a-7294-4964-8bb5-96500ea47958	5	66369578	66848504	345	0.1998
ea3db49a-7294-4964-8bb5-96500ea47958	5	66851888	74054472	3410	0.1046
ea3db49a-7294-4964-8bb5-96500ea47958	5	74054712	77178769	1943	0.0598
ea3db49a-7294-4964-8bb5-96500ea47958	5	77184300	95147427	9657	0.1054
ea3db49a-7294-4964-8bb5-96500ea47958	5	95148095	97986016	1584	0.1564
ea3db49a-7294-4964-8bb5-96500ea47958	5	97986559	107055737	3748	0.0993
ea3db49a-7294-4964-8bb5-96500ea47958	5	107055964	108176444	893	0.1908
ea3db49a-7294-4964-8bb5-96500ea47958	5	108177065	108181098	4	-0.4812
ea3db49a-7294-4964-8bb5-96500ea47958	5	108182727	108415967	142	0.1766
ea3db49a-7294-4964-8bb5-96500ea47958	5	108416772	123035116	8789	0.0996
ea3db49a-7294-4964-8bb5-96500ea47958	5	123043095	125839367	1801	0.188
ea3db49a-7294-4964-8bb5-96500ea47958	5	125846761	127041262	651	0.0852
ea3db49a-7294-4964-8bb5-96500ea47958	5	127042811	128932160	1146	0.1466
ea3db49a-7294-4964-8bb5-96500ea47958	5	128932180	143250344	8147	0.0855
ea3db49a-7294-4964-8bb5-96500ea47958	5	143250853	144321421	701	0.1789
ea3db49a-7294-4964-8bb5-96500ea47958	5	144321553	144618067	166	0.0735
ea3db49a-7294-4964-8bb5-96500ea47958	5	144621588	144621980	2	-0.9005
ea3db49a-7294-4964-8bb5-96500ea47958	5	144623477	145566086	543	0.1087
ea3db49a-7294-4964-8bb5-96500ea47958	5	145568100	155886784	6779	0.0733
ea3db49a-7294-4964-8bb5-96500ea47958	5	155887322	165935711	6405	0.1015
ea3db49a-7294-4964-8bb5-96500ea47958	5	165935750	173307142	4936	0.0411
ea3db49a-7294-4964-8bb5-96500ea47958	5	173310011	174043535	617	0.1257
ea3db49a-7294-4964-8bb5-96500ea47958	5	174043914	179914731	2986	0.0364
ea3db49a-7294-4964-8bb5-96500ea47958	5	179915960	179916729	2	-1.297
ea3db49a-7294-4964-8bb5-96500ea47958	5	179919466	180934240	474	0.0349
ea3db49a-7294-4964-8bb5-96500ea47958	6	1011760	14036559	9395	0.5957
ea3db49a-7294-4964-8bb5-96500ea47958	6	14037510	15288695	900	0.5365
ea3db49a-7294-4964-8bb5-96500ea47958	6	15291673	39056672	12673	0.5762
ea3db49a-7294-4964-8bb5-96500ea47958	6	39056940	44262108	3292	0.5422
ea3db49a-7294-4964-8bb5-96500ea47958	6	44262851	45799025	875	0.612
ea3db49a-7294-4964-8bb5-96500ea47958	6	45800409	45800630	2	1.834
ea3db49a-7294-4964-8bb5-96500ea47958	6	45802515	57347009	7010	0.6073
ea3db49a-7294-4964-8bb5-96500ea47958	6	61527062	105014129	23829	-0.7279
ea3db49a-7294-4964-8bb5-96500ea47958	6	105016181	114100863	5672	-0.7698
ea3db49a-7294-4964-8bb5-96500ea47958	6	114102592	146551343	18956	-0.7311
ea3db49a-7294-4964-8bb5-96500ea47958	6	146551549	148838560	1613	-0.8093
ea3db49a-7294-4964-8bb5-96500ea47958	6	148838829	148838880	2	-3.271
ea3db49a-7294-4964-8bb5-96500ea47958	6	148842367	151749474	1928	-0.7894
ea3db49a-7294-4964-8bb5-96500ea47958	6	151751627	157136481	3810	-0.7533
ea3db49a-7294-4964-8bb5-96500ea47958	6	157138163	168624488	6248	-0.8417
ea3db49a-7294-4964-8bb5-96500ea47958	6	168684009	168707081	17	-1.6856
ea3db49a-7294-4964-8bb5-96500ea47958	6	168707681	170514291	675	-0.8589
ea3db49a-7294-4964-8bb5-96500ea47958	6	170515132	170596889	50	-0.6865
ea3db49a-7294-4964-8bb5-96500ea47958	7	664936	2790550	630	0.3753
ea3db49a-7294-4964-8bb5-96500ea47958	7	2792333	6016407	1362	0.3012
ea3db49a-7294-4964-8bb5-96500ea47958	7	6016526	12034958	2954	0.3892
ea3db49a-7294-4964-8bb5-96500ea47958	7	12035283	14375826	1775	0.3366
ea3db49a-7294-4964-8bb5-96500ea47958	7	14376276	16740718	1589	0.3789
ea3db49a-7294-4964-8bb5-96500ea47958	7	16742212	18033700	371	0.4065
ea3db49a-7294-4964-8bb5-96500ea47958	7	18043184	18681733	413	0.4795
ea3db49a-7294-4964-8bb5-96500ea47958	7	18682409	20481993	757	0.4038
ea3db49a-7294-4964-8bb5-96500ea47958	7	20482274	21654378	828	0.3557
ea3db49a-7294-4964-8bb5-96500ea47958	7	21655597	30389652	5887	0.4173
ea3db49a-7294-4964-8bb5-96500ea47958	7	30391154	33760223	2187	0.3441
ea3db49a-7294-4964-8bb5-96500ea47958	7	33761168	33763328	2	-1.0008
ea3db49a-7294-4964-8bb5-96500ea47958	7	33763673	33864712	83	0.264
ea3db49a-7294-4964-8bb5-96500ea47958	7	33865184	33865299	2	-1.3421
ea3db49a-7294-4964-8bb5-96500ea47958	7	33868461	40462396	4354	0.3617
ea3db49a-7294-4964-8bb5-96500ea47958	7	40465734	41938316	995	0.4531
ea3db49a-7294-4964-8bb5-96500ea47958	7	41938377	42493163	426	0.3558
ea3db49a-7294-4964-8bb5-96500ea47958	7	42493776	42498339	11	-1.8811
ea3db49a-7294-4964-8bb5-96500ea47958	7	42498586	46859300	2282	0.3543
ea3db49a-7294-4964-8bb5-96500ea47958	7	46859474	49121079	1584	0.3972
ea3db49a-7294-4964-8bb5-96500ea47958	7	49121270	49121473	2	-0.7294
ea3db49a-7294-4964-8bb5-96500ea47958	7	49123871	51152170	1482	0.4117
ea3db49a-7294-4964-8bb5-96500ea47958	7	51153891	64060367	3708	0.3306
ea3db49a-7294-4964-8bb5-96500ea47958	7	64330045	65052476	369	0.7416
ea3db49a-7294-4964-8bb5-96500ea47958	7	65714988	67875994	804	0.2942
ea3db49a-7294-4964-8bb5-96500ea47958	7	67876741	68350053	288	0.6571
ea3db49a-7294-4964-8bb5-96500ea47958	7	68350882	68719219	258	0.2615
ea3db49a-7294-4964-8bb5-96500ea47958	7	68719415	70640389	1147	0.759
ea3db49a-7294-4964-8bb5-96500ea47958	7	70641583	70651072	14	0.5802
ea3db49a-7294-4964-8bb5-96500ea47958	7	70655479	70655531	2	-0.7287
ea3db49a-7294-4964-8bb5-96500ea47958	7	70655958	76299601	1958	0.7081
ea3db49a-7294-4964-8bb5-96500ea47958	7	76299806	81587330	2968	0.7779
ea3db49a-7294-4964-8bb5-96500ea47958	7	81587613	93710463	6025	0.8133
ea3db49a-7294-4964-8bb5-96500ea47958	7	93710825	94322896	383	0.9042
ea3db49a-7294-4964-8bb5-96500ea47958	7	94327667	94665144	203	0.8277
ea3db49a-7294-4964-8bb5-96500ea47958	7	94666275	100535967	2954	0.7492
ea3db49a-7294-4964-8bb5-96500ea47958	7	100542963	100544671	3	-0.7314
ea3db49a-7294-4964-8bb5-96500ea47958	7	100549631	110431457	5214	0.7747
ea3db49a-7294-4964-8bb5-96500ea47958	7	110432006	110495283	40	0.3239
ea3db49a-7294-4964-8bb5-96500ea47958	7	110501353	112292134	791	-0.2978
ea3db49a-7294-4964-8bb5-96500ea47958	7	112292826	131531529	10161	-0.2581
ea3db49a-7294-4964-8bb5-96500ea47958	7	131538418	132814110	868	-0.3392
ea3db49a-7294-4964-8bb5-96500ea47958	7	132817102	152639065	10622	-0.298
ea3db49a-7294-4964-8bb5-96500ea47958	7	152639843	158592540	3165	-0.358
ea3db49a-7294-4964-8bb5-96500ea47958	8	667625	2166022	786	0.6601
ea3db49a-7294-4964-8bb5-96500ea47958	8	2849664	5390815	1862	-0.3554
ea3db49a-7294-4964-8bb5-96500ea47958	8	6348805	6968014	592	0.7564
ea3db49a-7294-4964-8bb5-96500ea47958	8	8398802	9059563	582	-0.2813
ea3db49a-7294-4964-8bb5-96500ea47958	8	9152396	11801118	1428	0.744
ea3db49a-7294-4964-8bb5-96500ea47958	8	12704441	19081630	4895	-0.3372
ea3db49a-7294-4964-8bb5-96500ea47958	8	19083112	19737008	488	0.6527
ea3db49a-7294-4964-8bb5-96500ea47958	8	19743480	21663202	1667	-0.3855
ea3db49a-7294-4964-8bb5-96500ea47958	8	21663896	24919692	1861	-0.3123
ea3db49a-7294-4964-8bb5-96500ea47958	8	24926325	27707929	2038	-0.3663
ea3db49a-7294-4964-8bb5-96500ea47958	8	27708166	28537184	641	-0.2816
ea3db49a-7294-4964-8bb5-96500ea47958	8	28549111	28551648	2	0.9669
ea3db49a-7294-4964-8bb5-96500ea47958	8	28554946	32335160	2367	-0.3152
ea3db49a-7294-4964-8bb5-96500ea47958	8	32337718	36598811	2233	0.7254
ea3db49a-7294-4964-8bb5-96500ea47958	8	36602856	39092465	1267	-0.3375
ea3db49a-7294-4964-8bb5-96500ea47958	8	39095476	39835068	307	-0.2259
ea3db49a-7294-4964-8bb5-96500ea47958	8	39839269	41803336	1359	-0.3631
ea3db49a-7294-4964-8bb5-96500ea47958	8	41808292	47607832	1108	0.7111
ea3db49a-7294-4964-8bb5-96500ea47958	8	47613619	49181083	772	-0.29
ea3db49a-7294-4964-8bb5-96500ea47958	8	49182068	49946976	389	0.8071
ea3db49a-7294-4964-8bb5-96500ea47958	8	50076101	50489207	283	-0.3358
ea3db49a-7294-4964-8bb5-96500ea47958	8	50492002	50843470	184	0.7516
ea3db49a-7294-4964-8bb5-96500ea47958	8	50847881	50848334	2	-0.4179
ea3db49a-7294-4964-8bb5-96500ea47958	8	50852103	52921011	1241	0.7705
ea3db49a-7294-4964-8bb5-96500ea47958	8	52925511	53047187	92	-0.3391
ea3db49a-7294-4964-8bb5-96500ea47958	8	53162471	53396159	185	0.7275
ea3db49a-7294-4964-8bb5-96500ea47958	8	53399358	54797858	814	-0.2908
ea3db49a-7294-4964-8bb5-96500ea47958	8	54797983	54799015	2	-2.1463
ea3db49a-7294-4964-8bb5-96500ea47958	8	54803299	55215045	310	-0.2909
ea3db49a-7294-4964-8bb5-96500ea47958	8	55216357	55307083	67	0.8199
ea3db49a-7294-4964-8bb5-96500ea47958	8	55307790	55307878	2	-0.05
ea3db49a-7294-4964-8bb5-96500ea47958	8	55309909	55494718	155	0.7569
ea3db49a-7294-4964-8bb5-96500ea47958	8	55498595	55531004	31	-0.1921
ea3db49a-7294-4964-8bb5-96500ea47958	8	55534799	58386587	1668	0.7524
ea3db49a-7294-4964-8bb5-96500ea47958	8	58390018	61492656	1968	-0.2391
ea3db49a-7294-4964-8bb5-96500ea47958	8	61493344	65559944	2335	-0.2982
ea3db49a-7294-4964-8bb5-96500ea47958	8	65560976	66989095	684	-0.2443
ea3db49a-7294-4964-8bb5-96500ea47958	8	66989248	70481515	2127	0.7401
ea3db49a-7294-4964-8bb5-96500ea47958	8	70482641	77450989	4255	-0.3052
ea3db49a-7294-4964-8bb5-96500ea47958	8	77451894	82550678	2716	0.8016
ea3db49a-7294-4964-8bb5-96500ea47958	8	82558959	83708898	620	-0.2701
ea3db49a-7294-4964-8bb5-96500ea47958	8	83713011	83904737	112	0.7242
ea3db49a-7294-4964-8bb5-96500ea47958	8	83910233	83910246	2	-0.7179
ea3db49a-7294-4964-8bb5-96500ea47958	8	83911020	84970924	573	0.7873
ea3db49a-7294-4964-8bb5-96500ea47958	8	84979144	86777104	788	-0.3118
ea3db49a-7294-4964-8bb5-96500ea47958	8	86777129	86777398	2	-2.9143
ea3db49a-7294-4964-8bb5-96500ea47958	8	86777618	87679587	459	-0.3103
ea3db49a-7294-4964-8bb5-96500ea47958	8	87683192	88084924	225	0.7899
ea3db49a-7294-4964-8bb5-96500ea47958	8	88087415	90167578	1245	-0.2655
ea3db49a-7294-4964-8bb5-96500ea47958	8	90171183	90171806	13	1.1829
ea3db49a-7294-4964-8bb5-96500ea47958	8	90171836	90672548	304	0.833
ea3db49a-7294-4964-8bb5-96500ea47958	8	90673411	93840386	1726	-0.3056
ea3db49a-7294-4964-8bb5-96500ea47958	8	93842623	93907705	43	0.6721
ea3db49a-7294-4964-8bb5-96500ea47958	8	93908272	96989773	2023	-0.3057
ea3db49a-7294-4964-8bb5-96500ea47958	8	97003577	97166323	72	0.7792
ea3db49a-7294-4964-8bb5-96500ea47958	8	97166440	98221698	706	0.6999
ea3db49a-7294-4964-8bb5-96500ea47958	8	98222253	100673904	1225	0.7859
ea3db49a-7294-4964-8bb5-96500ea47958	8	100676883	102618912	1220	-0.3067
ea3db49a-7294-4964-8bb5-96500ea47958	8	102621534	105721641	1830	0.7516
ea3db49a-7294-4964-8bb5-96500ea47958	8	105742506	107228838	600	-0.3339
ea3db49a-7294-4964-8bb5-96500ea47958	8	107234061	108155206	615	0.7343
ea3db49a-7294-4964-8bb5-96500ea47958	8	108160728	110658040	1292	0.8048
ea3db49a-7294-4964-8bb5-96500ea47958	8	110660810	111595033	450	1.1336
ea3db49a-7294-4964-8bb5-96500ea47958	8	111602376	111639468	23	0.3782
ea3db49a-7294-4964-8bb5-96500ea47958	8	111642536	120492298	5325	1.0888
ea3db49a-7294-4964-8bb5-96500ea47958	8	120499207	121953294	922	0.3143
ea3db49a-7294-4964-8bb5-96500ea47958	8	121953725	123600584	1074	0.3699
ea3db49a-7294-4964-8bb5-96500ea47958	8	123603376	125144512	1041	0.306
ea3db49a-7294-4964-8bb5-96500ea47958	8	125145204	128045278	2085	1.0483
ea3db49a-7294-4964-8bb5-96500ea47958	8	128046110	128222134	198	-0.0154
ea3db49a-7294-4964-8bb5-96500ea47958	8	128229364	128846357	381	0.9037
ea3db49a-7294-4964-8bb5-96500ea47958	8	128846948	128849434	2	-0.7913
ea3db49a-7294-4964-8bb5-96500ea47958	8	128855292	131230023	1622	0.8981
ea3db49a-7294-4964-8bb5-96500ea47958	8	131235644	134238631	2384	0.0277
ea3db49a-7294-4964-8bb5-96500ea47958	8	134239268	135065423	666	0.9169
ea3db49a-7294-4964-8bb5-96500ea47958	8	135065738	136655366	1134	0.0121
ea3db49a-7294-4964-8bb5-96500ea47958	8	136870980	137932706	821	0.8768
ea3db49a-7294-4964-8bb5-96500ea47958	8	137940461	139151656	992	-0.0498
ea3db49a-7294-4964-8bb5-96500ea47958	8	139152414	143209006	1418	0.8962
ea3db49a-7294-4964-8bb5-96500ea47958	8	143228432	143228447	2	-0.3826
ea3db49a-7294-4964-8bb5-96500ea47958	8	143232207	144182542	227	0.8473
ea3db49a-7294-4964-8bb5-96500ea47958	9	789794	3092941	1676	-0.3306
ea3db49a-7294-4964-8bb5-96500ea47958	9	3092986	14860469	6493	-0.2784
ea3db49a-7294-4964-8bb5-96500ea47958	9	14863407	15966280	731	-0.3066
ea3db49a-7294-4964-8bb5-96500ea47958	9	15966438	18117105	1790	-0.347
ea3db49a-7294-4964-8bb5-96500ea47958	9	18117456	21819478	2895	-0.2832
ea3db49a-7294-4964-8bb5-96500ea47958	9	21828111	21956079	61	-3.5144
ea3db49a-7294-4964-8bb5-96500ea47958	9	21956231	22005318	46	-1.9599
ea3db49a-7294-4964-8bb5-96500ea47958	9	22005331	22208684	150	-3.7973
ea3db49a-7294-4964-8bb5-96500ea47958	9	22210887	75192963	14378	-0.2855
ea3db49a-7294-4964-8bb5-96500ea47958	9	75197991	75310443	76	-0.4204
ea3db49a-7294-4964-8bb5-96500ea47958	9	75352797	86982170	8196	-0.3257
ea3db49a-7294-4964-8bb5-96500ea47958	9	86982549	88394686	1045	-0.3893
ea3db49a-7294-4964-8bb5-96500ea47958	9	88396810	88399339	5	-2.222
ea3db49a-7294-4964-8bb5-96500ea47958	9	88401831	89075829	437	-0.3506
ea3db49a-7294-4964-8bb5-96500ea47958	9	89076176	127388454	25251	-0.292
ea3db49a-7294-4964-8bb5-96500ea47958	9	127389991	138044505	5199	-0.3493
ea3db49a-7294-4964-8bb5-96500ea47958	10	366509	3133571	1353	0.366
ea3db49a-7294-4964-8bb5-96500ea47958	10	3133764	4317560	1090	0.2965
ea3db49a-7294-4964-8bb5-96500ea47958	10	4317642	15734146	8823	0.3491
ea3db49a-7294-4964-8bb5-96500ea47958	10	15734240	20467958	3433	0.3045
ea3db49a-7294-4964-8bb5-96500ea47958	10	20468815	37506368	11003	0.3389
ea3db49a-7294-4964-8bb5-96500ea47958	10	37507395	43505012	1191	0.2722
ea3db49a-7294-4964-8bb5-96500ea47958	10	43506960	48243080	1622	0.3436
ea3db49a-7294-4964-8bb5-96500ea47958	10	48243126	68268295	11791	0.3795
ea3db49a-7294-4964-8bb5-96500ea47958	10	68269106	80925660	7674	0.3197
ea3db49a-7294-4964-8bb5-96500ea47958	10	80925845	84899867	2812	0.3573
ea3db49a-7294-4964-8bb5-96500ea47958	10	84900385	85332778	341	0.3063
ea3db49a-7294-4964-8bb5-96500ea47958	10	85332817	89422177	2528	0.4016
ea3db49a-7294-4964-8bb5-96500ea47958	10	89424947	89434077	4	-0.7316
ea3db49a-7294-4964-8bb5-96500ea47958	10	89434310	96654986	4280	0.3829
ea3db49a-7294-4964-8bb5-96500ea47958	10	96656538	108406264	6995	0.3304
ea3db49a-7294-4964-8bb5-96500ea47958	10	108406641	108407106	2	-1.8927
ea3db49a-7294-4964-8bb5-96500ea47958	10	108408614	109302673	610	0.3135
ea3db49a-7294-4964-8bb5-96500ea47958	10	109302933	110462246	594	0.39
ea3db49a-7294-4964-8bb5-96500ea47958	10	110463528	110467820	2	-0.6994
ea3db49a-7294-4964-8bb5-96500ea47958	10	110471688	112213111	1293	0.3896
ea3db49a-7294-4964-8bb5-96500ea47958	10	112213529	119525152	5009	0.3466
ea3db49a-7294-4964-8bb5-96500ea47958	10	119525595	120725591	888	0.3855
ea3db49a-7294-4964-8bb5-96500ea47958	10	120727147	122818080	1730	0.3052
ea3db49a-7294-4964-8bb5-96500ea47958	10	122818241	122818365	2	-1.1052
ea3db49a-7294-4964-8bb5-96500ea47958	10	122819819	130380941	5531	0.3246
ea3db49a-7294-4964-8bb5-96500ea47958	10	130380993	133411599	704	0.2634
ea3db49a-7294-4964-8bb5-96500ea47958	11	456012	5420393	2221	0.2964
ea3db49a-7294-4964-8bb5-96500ea47958	11	5420635	9933002	2905	0.3394
ea3db49a-7294-4964-8bb5-96500ea47958	11	9936866	9941521	4	-0.9136
ea3db49a-7294-4964-8bb5-96500ea47958	11	9941619	23658146	9999	0.3229
ea3db49a-7294-4964-8bb5-96500ea47958	11	23658170	27140884	2198	0.3739
ea3db49a-7294-4964-8bb5-96500ea47958	11	27141203	61114006	16148	0.3301
ea3db49a-7294-4964-8bb5-96500ea47958	11	61115439	72836641	4763	0.2874
ea3db49a-7294-4964-8bb5-96500ea47958	11	72839990	77392769	2429	0.3346
ea3db49a-7294-4964-8bb5-96500ea47958	11	77392953	81211925	2640	0.3029
ea3db49a-7294-4964-8bb5-96500ea47958	11	81211993	85383557	2395	0.389
ea3db49a-7294-4964-8bb5-96500ea47958	11	85383614	94980094	5647	0.3394
ea3db49a-7294-4964-8bb5-96500ea47958	11	94980294	96578085	1130	0.4066
ea3db49a-7294-4964-8bb5-96500ea47958	11	96580526	101871282	3763	0.3399
ea3db49a-7294-4964-8bb5-96500ea47958	11	101871875	103230517	713	0.4194
ea3db49a-7294-4964-8bb5-96500ea47958	11	103230718	110045845	3826	0.3426
ea3db49a-7294-4964-8bb5-96500ea47958	11	110048071	111872071	1257	0.3917
ea3db49a-7294-4964-8bb5-96500ea47958	11	111872930	113469958	1077	0.3253
ea3db49a-7294-4964-8bb5-96500ea47958	11	113472690	115683254	1582	0.3883
ea3db49a-7294-4964-8bb5-96500ea47958	11	115685461	119536936	2649	0.3314
ea3db49a-7294-4964-8bb5-96500ea47958	11	119537294	119537310	2	-0.9702
ea3db49a-7294-4964-8bb5-96500ea47958	11	119538086	120946337	1021	0.3204
ea3db49a-7294-4964-8bb5-96500ea47958	11	120946723	122986644	1478	0.3817
ea3db49a-7294-4964-8bb5-96500ea47958	11	122986824	124058206	805	0.3174
ea3db49a-7294-4964-8bb5-96500ea47958	11	124066198	125156099	734	0.3722
ea3db49a-7294-4964-8bb5-96500ea47958	11	125157212	127821046	1951	0.3103
ea3db49a-7294-4964-8bb5-96500ea47958	11	127821154	130848970	2042	0.3845
ea3db49a-7294-4964-8bb5-96500ea47958	11	130849320	134128003	2142	0.2986
ea3db49a-7294-4964-8bb5-96500ea47958	11	134128135	134272740	81	0.5091
ea3db49a-7294-4964-8bb5-96500ea47958	12	780472	8472527	4328	0.0419
ea3db49a-7294-4964-8bb5-96500ea47958	12	8473660	8531510	28	0.1454
ea3db49a-7294-4964-8bb5-96500ea47958	12	8532310	8548199	11	0.4267
ea3db49a-7294-4964-8bb5-96500ea47958	12	8548421	9081677	288	0.0562
ea3db49a-7294-4964-8bb5-96500ea47958	12	9081996	10892026	885	0.1224
ea3db49a-7294-4964-8bb5-96500ea47958	12	10894104	13941980	1984	0.0509
ea3db49a-7294-4964-8bb5-96500ea47958	12	13942369	17378681	1995	0.1204
ea3db49a-7294-4964-8bb5-96500ea47958	12	17383977	22457208	3134	0.0627
ea3db49a-7294-4964-8bb5-96500ea47958	12	22461245	22462230	3	-1.2386
ea3db49a-7294-4964-8bb5-96500ea47958	12	22464423	22963031	340	0.0876
ea3db49a-7294-4964-8bb5-96500ea47958	12	22963230	27002352	2702	0.1287
ea3db49a-7294-4964-8bb5-96500ea47958	12	27002378	65219437	18641	0.0728
ea3db49a-7294-4964-8bb5-96500ea47958	12	65220773	72730644	4916	0.1231
ea3db49a-7294-4964-8bb5-96500ea47958	12	72731607	89570491	9842	0.0913
ea3db49a-7294-4964-8bb5-96500ea47958	12	89570585	90281794	402	0.1641
ea3db49a-7294-4964-8bb5-96500ea47958	12	90283433	90289409	4	-0.803
ea3db49a-7294-4964-8bb5-96500ea47958	12	90290119	92870464	1751	0.1447
ea3db49a-7294-4964-8bb5-96500ea47958	12	92871303	105891609	8564	0.0857
ea3db49a-7294-4964-8bb5-96500ea47958	12	105894809	132605822	14547	0.0334
ea3db49a-7294-4964-8bb5-96500ea47958	13	18874255	25952174	3644	0.3089
ea3db49a-7294-4964-8bb5-96500ea47958	13	25953387	39687241	9641	0.3646
ea3db49a-7294-4964-8bb5-96500ea47958	13	39687385	42233871	1624	0.4236
ea3db49a-7294-4964-8bb5-96500ea47958	13	42238220	61273910	10001	0.3724
ea3db49a-7294-4964-8bb5-96500ea47958	13	61275682	67653511	2794	0.4082
ea3db49a-7294-4964-8bb5-96500ea47958	13	67657103	73865101	3751	0.3643
ea3db49a-7294-4964-8bb5-96500ea47958	13	73865863	74373222	428	0.4493
ea3db49a-7294-4964-8bb5-96500ea47958	13	74373244	77381251	2000	0.3733
ea3db49a-7294-4964-8bb5-96500ea47958	13	77385211	78644984	828	0.4168
ea3db49a-7294-4964-8bb5-96500ea47958	13	78647324	102822032	14954	0.3602
ea3db49a-7294-4964-8bb5-96500ea47958	13	102823146	103621203	683	0.4703
ea3db49a-7294-4964-8bb5-96500ea47958	13	103622079	105881243	1245	0.3749
ea3db49a-7294-4964-8bb5-96500ea47958	13	105881753	111374869	4153	0.3236
ea3db49a-7294-4964-8bb5-96500ea47958	13	111377040	111377313	2	-1.0724
ea3db49a-7294-4964-8bb5-96500ea47958	13	111377385	114226675	1258	0.3367
ea3db49a-7294-4964-8bb5-96500ea47958	14	20033191	20849285	537	0.0648
ea3db49a-7294-4964-8bb5-96500ea47958	14	20850755	58769670	20716	0.0891
ea3db49a-7294-4964-8bb5-96500ea47958	14	58769707	63761909	3016	0.1408
ea3db49a-7294-4964-8bb5-96500ea47958	14	63764095	84954746	13219	0.0836
ea3db49a-7294-4964-8bb5-96500ea47958	14	84956035	97438988	8058	0.0603
ea3db49a-7294-4964-8bb5-96500ea47958	14	97440045	99762621	1713	0.0139
ea3db49a-7294-4964-8bb5-96500ea47958	14	99764509	105533894	2537	0.0522
ea3db49a-7294-4964-8bb5-96500ea47958	15	23437561	27267062	2284	-0.3618
ea3db49a-7294-4964-8bb5-96500ea47958	15	27269062	35023743	2676	-0.2917
ea3db49a-7294-4964-8bb5-96500ea47958	15	35024757	35150927	95	-0.3702
ea3db49a-7294-4964-8bb5-96500ea47958	15	35151426	40202695	3423	-0.2441
ea3db49a-7294-4964-8bb5-96500ea47958	15	40207320	56144948	9123	-0.2785
ea3db49a-7294-4964-8bb5-96500ea47958	15	56145223	57321314	565	-0.2023
ea3db49a-7294-4964-8bb5-96500ea47958	15	57324923	101344124	26597	-0.3032
ea3db49a-7294-4964-8bb5-96500ea47958	16	603333	4204915	1250	0.0389
ea3db49a-7294-4964-8bb5-96500ea47958	16	4208090	8124115	2146	-0.0009
ea3db49a-7294-4964-8bb5-96500ea47958	16	8125489	12064240	2886	0.0644
ea3db49a-7294-4964-8bb5-96500ea47958	16	12064968	55847557	14053	0.0376
ea3db49a-7294-4964-8bb5-96500ea47958	16	55849849	63287159	4583	0.0627
ea3db49a-7294-4964-8bb5-96500ea47958	16	63288524	64920876	1068	0.1313
ea3db49a-7294-4964-8bb5-96500ea47958	16	64921033	78310146	7692	0.0525
ea3db49a-7294-4964-8bb5-96500ea47958	16	78310221	79324647	940	-0.0307
ea3db49a-7294-4964-8bb5-96500ea47958	16	79326839	89317317	6600	0.0358
ea3db49a-7294-4964-8bb5-96500ea47958	17	1074619	8701385	3696	-0.344
ea3db49a-7294-4964-8bb5-96500ea47958	17	8703605	11507144	1968	-0.392
ea3db49a-7294-4964-8bb5-96500ea47958	17	11509373	18957222	3273	-0.3244
ea3db49a-7294-4964-8bb5-96500ea47958	17	18957450	29592622	2007	0.3014
ea3db49a-7294-4964-8bb5-96500ea47958	17	29596971	33631275	2158	0.3588
ea3db49a-7294-4964-8bb5-96500ea47958	17	34611015	43189750	3975	0.3139
ea3db49a-7294-4964-8bb5-96500ea47958	17	43428081	43828940	257	-0.3713
ea3db49a-7294-4964-8bb5-96500ea47958	17	43839393	71894295	15038	-0.303
ea3db49a-7294-4964-8bb5-96500ea47958	17	71894441	72031096	106	-0.363
ea3db49a-7294-4964-8bb5-96500ea47958	17	72031594	72031782	2	-1.4417
ea3db49a-7294-4964-8bb5-96500ea47958	17	72031863	72269720	176	-0.3561
ea3db49a-7294-4964-8bb5-96500ea47958	17	72271968	74827243	1229	-0.4221
ea3db49a-7294-4964-8bb5-96500ea47958	17	74828309	82959812	3368	-0.3438
ea3db49a-7294-4964-8bb5-96500ea47958	18	326691	953988	109	-0.4559
ea3db49a-7294-4964-8bb5-96500ea47958	18	954175	4210225	1780	-0.2887
ea3db49a-7294-4964-8bb5-96500ea47958	18	4210401	4235179	13	-0.7011
ea3db49a-7294-4964-8bb5-96500ea47958	18	4235438	4237574	6	-4.0055
ea3db49a-7294-4964-8bb5-96500ea47958	18	4240553	14642857	6346	-0.3379
ea3db49a-7294-4964-8bb5-96500ea47958	18	14648458	25100756	2330	0.0547
ea3db49a-7294-4964-8bb5-96500ea47958	18	25101154	31703624	4019	0.1012
ea3db49a-7294-4964-8bb5-96500ea47958	18	31705884	32312008	391	0.0355
ea3db49a-7294-4964-8bb5-96500ea47958	18	32312378	32397782	74	0.1916
ea3db49a-7294-4964-8bb5-96500ea47958	18	32401062	32401065	3	-0.8809
ea3db49a-7294-4964-8bb5-96500ea47958	18	32402540	34867736	1477	0.1617
ea3db49a-7294-4964-8bb5-96500ea47958	18	34872884	63126261	18017	0.0817
ea3db49a-7294-4964-8bb5-96500ea47958	18	63126422	66122217	1624	0.3756
ea3db49a-7294-4964-8bb5-96500ea47958	18	66122420	66124833	4	-0.5919
ea3db49a-7294-4964-8bb5-96500ea47958	18	66127492	70379644	2438	0.373
ea3db49a-7294-4964-8bb5-96500ea47958	18	70462786	79349796	4324	-0.3224
ea3db49a-7294-4964-8bb5-96500ea47958	19	283868	21749772	8068	0.0018
ea3db49a-7294-4964-8bb5-96500ea47958	19	21752898	21752940	2	-2.4315
ea3db49a-7294-4964-8bb5-96500ea47958	19	21755548	58370362	16086	-0.0024
ea3db49a-7294-4964-8bb5-96500ea47958	20	472817	43010282	23752	0.028
ea3db49a-7294-4964-8bb5-96500ea47958	20	43010350	43012831	2	-1.5962
ea3db49a-7294-4964-8bb5-96500ea47958	20	43014507	52257981	5981	0.0134
ea3db49a-7294-4964-8bb5-96500ea47958	20	52261585	55017913	2011	0.0718
ea3db49a-7294-4964-8bb5-96500ea47958	20	55018221	56790127	1238	0.0086
ea3db49a-7294-4964-8bb5-96500ea47958	20	56790758	59718843	2232	0.0619
ea3db49a-7294-4964-8bb5-96500ea47958	20	59719466	63588502	2351	-0.0097
ea3db49a-7294-4964-8bb5-96500ea47958	21	13974127	18019514	2473	0.0611
ea3db49a-7294-4964-8bb5-96500ea47958	21	18020356	30328457	8122	0.08
ea3db49a-7294-4964-8bb5-96500ea47958	21	30328904	46262057	10006	0.0511
ea3db49a-7294-4964-8bb5-96500ea47958	22	16934932	41893313	12265	0.3173
ea3db49a-7294-4964-8bb5-96500ea47958	22	41900664	48940621	4818	-0.3526
ea3db49a-7294-4964-8bb5-96500ea47958	X	3236359	11089229	2106	-0.028
ea3db49a-7294-4964-8bb5-96500ea47958	X	11094660	34776212	11766	0.0198
ea3db49a-7294-4964-8bb5-96500ea47958	X	34779463	118938433	33044	-0.0063
ea3db49a-7294-4964-8bb5-96500ea47958	X	118941875	132940155	6535	0.0344
ea3db49a-7294-4964-8bb5-96500ea47958	X	132941937	148354162	7441	-0.0063
ea3db49a-7294-4964-8bb5-96500ea47958	X	148354820	148850270	240	0.1622
ea3db49a-7294-4964-8bb5-96500ea47958	X	148850390	155677414	2319	-0.0018
