GDC_Aliquot	Chromosome	Start	End	Num_Probes	Segment_Mean
dca01d67-ebbf-4a42-86db-4c734dce0520	1	3301765	119984738	67443	-0.7716
dca01d67-ebbf-4a42-86db-4c734dce0520	1	119984772	151563440	609	0.5497
dca01d67-ebbf-4a42-86db-4c734dce0520	1	151564677	169476945	11545	0.6067
dca01d67-ebbf-4a42-86db-4c734dce0520	1	169479460	171143351	1152	0.5464
dca01d67-ebbf-4a42-86db-4c734dce0520	1	171146991	171151508	12	-0.5953
dca01d67-ebbf-4a42-86db-4c734dce0520	1	171152129	186494866	9460	0.6012
dca01d67-ebbf-4a42-86db-4c734dce0520	1	186501242	192462868	3440	0.5228
dca01d67-ebbf-4a42-86db-4c734dce0520	1	192465874	200590352	4849	0.5804
dca01d67-ebbf-4a42-86db-4c734dce0520	1	200590503	202254749	1092	0.6569
dca01d67-ebbf-4a42-86db-4c734dce0520	1	202255392	208633595	4129	0.6004
dca01d67-ebbf-4a42-86db-4c734dce0520	1	208636158	211190014	1902	0.6455
dca01d67-ebbf-4a42-86db-4c734dce0520	1	211197142	211512879	163	0.4481
dca01d67-ebbf-4a42-86db-4c734dce0520	1	211513265	215402939	2638	0.616
dca01d67-ebbf-4a42-86db-4c734dce0520	1	215417230	216442871	616	0.5823
dca01d67-ebbf-4a42-86db-4c734dce0520	1	216443561	219528734	2200	0.5399
dca01d67-ebbf-4a42-86db-4c734dce0520	1	219531306	240840174	14078	0.5915
dca01d67-ebbf-4a42-86db-4c734dce0520	1	240841382	243524683	1689	0.5174
dca01d67-ebbf-4a42-86db-4c734dce0520	1	243524771	247650984	1985	0.611
dca01d67-ebbf-4a42-86db-4c734dce0520	2	480597	4210252	1750	0.5808
dca01d67-ebbf-4a42-86db-4c734dce0520	2	4210486	6615752	1885	0.5213
dca01d67-ebbf-4a42-86db-4c734dce0520	2	6618825	12266406	3955	0.6026
dca01d67-ebbf-4a42-86db-4c734dce0520	2	12266680	13610762	829	0.5176
dca01d67-ebbf-4a42-86db-4c734dce0520	2	13613414	14151474	288	0.5725
dca01d67-ebbf-4a42-86db-4c734dce0520	2	14152192	29004594	8864	0.6181
dca01d67-ebbf-4a42-86db-4c734dce0520	2	29007529	49273756	11944	0.585
dca01d67-ebbf-4a42-86db-4c734dce0520	2	49273859	52432736	1617	0.4975
dca01d67-ebbf-4a42-86db-4c734dce0520	2	52433225	75913277	13398	0.5838
dca01d67-ebbf-4a42-86db-4c734dce0520	2	75914291	83552332	4035	0.5126
dca01d67-ebbf-4a42-86db-4c734dce0520	2	83553714	95945944	2444	0.6076
dca01d67-ebbf-4a42-86db-4c734dce0520	2	95947151	101343226	2542	0.9459
dca01d67-ebbf-4a42-86db-4c734dce0520	2	101354392	102604841	798	0.5821
dca01d67-ebbf-4a42-86db-4c734dce0520	2	102605151	106362124	2463	0.9067
dca01d67-ebbf-4a42-86db-4c734dce0520	2	106362325	106535197	40	0.5229
dca01d67-ebbf-4a42-86db-4c734dce0520	2	106537053	107917588	732	0.8652
dca01d67-ebbf-4a42-86db-4c734dce0520	2	107923811	111741134	1517	0.9652
dca01d67-ebbf-4a42-86db-4c734dce0520	2	111742015	111742458	2	-0.8491
dca01d67-ebbf-4a42-86db-4c734dce0520	2	111759305	114749426	1615	0.9664
dca01d67-ebbf-4a42-86db-4c734dce0520	2	114749544	118821708	1994	0.8949
dca01d67-ebbf-4a42-86db-4c734dce0520	2	118822557	122263577	2033	1.01
dca01d67-ebbf-4a42-86db-4c734dce0520	2	122268574	122905442	466	0.9254
dca01d67-ebbf-4a42-86db-4c734dce0520	2	122905714	123755603	427	0.8651
dca01d67-ebbf-4a42-86db-4c734dce0520	2	123757465	123757465	2	-0.696
dca01d67-ebbf-4a42-86db-4c734dce0520	2	123757995	125388322	392	0.8312
dca01d67-ebbf-4a42-86db-4c734dce0520	2	125389354	125390176	2	-0.3594
dca01d67-ebbf-4a42-86db-4c734dce0520	2	125395087	126192637	317	0.8239
dca01d67-ebbf-4a42-86db-4c734dce0520	2	126200662	130455273	2393	0.9379
dca01d67-ebbf-4a42-86db-4c734dce0520	2	130471073	132793990	548	0.0731
dca01d67-ebbf-4a42-86db-4c734dce0520	2	132799017	133298402	351	-0.8438
dca01d67-ebbf-4a42-86db-4c734dce0520	2	133398502	140313080	3821	0.0546
dca01d67-ebbf-4a42-86db-4c734dce0520	2	140315884	140583057	167	-0.8636
dca01d67-ebbf-4a42-86db-4c734dce0520	2	140587301	142881039	1519	0.0428
dca01d67-ebbf-4a42-86db-4c734dce0520	2	142881093	147548979	2485	-0.008
dca01d67-ebbf-4a42-86db-4c734dce0520	2	147550211	164317212	9759	0.055
dca01d67-ebbf-4a42-86db-4c734dce0520	2	164317298	173425433	5656	0.0911
dca01d67-ebbf-4a42-86db-4c734dce0520	2	173426040	206448737	17641	0.0581
dca01d67-ebbf-4a42-86db-4c734dce0520	2	206452142	206594353	85	-0.6904
dca01d67-ebbf-4a42-86db-4c734dce0520	2	206596559	225161108	11595	0.066
dca01d67-ebbf-4a42-86db-4c734dce0520	2	225161138	228739467	2203	-0.0001
dca01d67-ebbf-4a42-86db-4c734dce0520	2	228743555	237069677	4933	0.0558
dca01d67-ebbf-4a42-86db-4c734dce0520	2	237071943	237072209	2	-1.7065
dca01d67-ebbf-4a42-86db-4c734dce0520	2	237072277	241537572	2498	0.0479
dca01d67-ebbf-4a42-86db-4c734dce0520	3	2170634	10419390	4696	-0.7826
dca01d67-ebbf-4a42-86db-4c734dce0520	3	10419420	10419479	2	-6.1594
dca01d67-ebbf-4a42-86db-4c734dce0520	3	10419996	66004079	32538	-0.7767
dca01d67-ebbf-4a42-86db-4c734dce0520	3	66006181	66007429	6	-4.9206
dca01d67-ebbf-4a42-86db-4c734dce0520	3	66007757	80401896	8756	-0.7653
dca01d67-ebbf-4a42-86db-4c734dce0520	3	80402308	87138884	3322	-0.8296
dca01d67-ebbf-4a42-86db-4c734dce0520	3	87140777	91462299	1517	-0.779
dca01d67-ebbf-4a42-86db-4c734dce0520	3	94015345	98678664	2389	0.0599
dca01d67-ebbf-4a42-86db-4c734dce0520	3	98688460	98688470	2	-2.5319
dca01d67-ebbf-4a42-86db-4c734dce0520	3	98688542	111454576	6972	0.075
dca01d67-ebbf-4a42-86db-4c734dce0520	3	111457749	112058221	403	0.644
dca01d67-ebbf-4a42-86db-4c734dce0520	3	112059081	123349439	6685	0.0862
dca01d67-ebbf-4a42-86db-4c734dce0520	3	123351276	134394450	6515	0.9584
dca01d67-ebbf-4a42-86db-4c734dce0520	3	134403027	151684123	9111	1.2386
dca01d67-ebbf-4a42-86db-4c734dce0520	3	151684317	151687866	10	0.391
dca01d67-ebbf-4a42-86db-4c734dce0520	3	151691060	161947258	5606	1.2276
dca01d67-ebbf-4a42-86db-4c734dce0520	3	161949087	166184529	1657	1.1619
dca01d67-ebbf-4a42-86db-4c734dce0520	3	166184572	184184700	9051	1.2341
dca01d67-ebbf-4a42-86db-4c734dce0520	3	184189144	194445521	6479	0.5988
dca01d67-ebbf-4a42-86db-4c734dce0520	3	194446122	194449202	2	-1.6976
dca01d67-ebbf-4a42-86db-4c734dce0520	3	194452286	195224186	434	0.611
dca01d67-ebbf-4a42-86db-4c734dce0520	3	195229968	195238256	2	-1.639
dca01d67-ebbf-4a42-86db-4c734dce0520	3	195242087	195423709	75	0.5967
dca01d67-ebbf-4a42-86db-4c734dce0520	3	195428692	197812401	445	1.2555
dca01d67-ebbf-4a42-86db-4c734dce0520	4	1059384	13105734	6970	0.1136
dca01d67-ebbf-4a42-86db-4c734dce0520	4	13105804	13106811	2	-1.6068
dca01d67-ebbf-4a42-86db-4c734dce0520	4	13113325	18656611	3965	0.1246
dca01d67-ebbf-4a42-86db-4c734dce0520	4	18662071	21152339	1501	0.0538
dca01d67-ebbf-4a42-86db-4c734dce0520	4	21152814	28707094	4959	0.1227
dca01d67-ebbf-4a42-86db-4c734dce0520	4	28707460	35132196	3661	0.0348
dca01d67-ebbf-4a42-86db-4c734dce0520	4	35132443	42694649	4696	0.12
dca01d67-ebbf-4a42-86db-4c734dce0520	4	42696259	46695928	1793	0.0114
dca01d67-ebbf-4a42-86db-4c734dce0520	4	46705678	55149990	3051	0.1361
dca01d67-ebbf-4a42-86db-4c734dce0520	4	55153959	55158927	2	-1.7711
dca01d67-ebbf-4a42-86db-4c734dce0520	4	55159449	57731194	1592	0.1215
dca01d67-ebbf-4a42-86db-4c734dce0520	4	57732125	66309328	4607	0.0531
dca01d67-ebbf-4a42-86db-4c734dce0520	4	66310715	129594107	35308	0.0989
dca01d67-ebbf-4a42-86db-4c734dce0520	4	129594192	136775560	3249	0.026
dca01d67-ebbf-4a42-86db-4c734dce0520	4	136776474	160316020	13593	0.1084
dca01d67-ebbf-4a42-86db-4c734dce0520	4	160316059	163613518	1948	0.0225
dca01d67-ebbf-4a42-86db-4c734dce0520	4	163614467	175005783	6092	0.1114
dca01d67-ebbf-4a42-86db-4c734dce0520	4	175006201	182087367	3854	0.0474
dca01d67-ebbf-4a42-86db-4c734dce0520	4	182087419	186680808	1823	0.1098
dca01d67-ebbf-4a42-86db-4c734dce0520	4	186680967	186696100	13	-0.6173
dca01d67-ebbf-4a42-86db-4c734dce0520	4	186699490	187842528	653	0.0914
dca01d67-ebbf-4a42-86db-4c734dce0520	5	913983	13481644	8539	0.0999
dca01d67-ebbf-4a42-86db-4c734dce0520	5	13481765	16054065	1425	0.1529
dca01d67-ebbf-4a42-86db-4c734dce0520	5	16057788	31291674	8156	0.0883
dca01d67-ebbf-4a42-86db-4c734dce0520	5	31292982	39123021	4582	0.157
dca01d67-ebbf-4a42-86db-4c734dce0520	5	39123311	45310953	3353	0.1149
dca01d67-ebbf-4a42-86db-4c734dce0520	5	45353165	54524747	2263	-0.0494
dca01d67-ebbf-4a42-86db-4c734dce0520	5	54525124	58191783	2410	-0.1424
dca01d67-ebbf-4a42-86db-4c734dce0520	5	58194475	58423620	152	-0.0774
dca01d67-ebbf-4a42-86db-4c734dce0520	5	58426499	58437016	8	0.2997
dca01d67-ebbf-4a42-86db-4c734dce0520	5	58437571	58493234	32	0.6377
dca01d67-ebbf-4a42-86db-4c734dce0520	5	58500477	58944461	305	0.3034
dca01d67-ebbf-4a42-86db-4c734dce0520	5	58945180	80212563	11376	-0.7585
dca01d67-ebbf-4a42-86db-4c734dce0520	5	80213476	80214155	4	-4.6737
dca01d67-ebbf-4a42-86db-4c734dce0520	5	80218203	84658883	2472	-0.7717
dca01d67-ebbf-4a42-86db-4c734dce0520	5	84663086	90645002	3018	-0.8218
dca01d67-ebbf-4a42-86db-4c734dce0520	5	90645163	131361891	22152	-0.7577
dca01d67-ebbf-4a42-86db-4c734dce0520	5	131365452	133022898	852	0.0946
dca01d67-ebbf-4a42-86db-4c734dce0520	5	133023222	140559187	4406	0.1285
dca01d67-ebbf-4a42-86db-4c734dce0520	5	140559698	145266512	2862	0.0773
dca01d67-ebbf-4a42-86db-4c734dce0520	5	145270189	149790889	2957	0.1508
dca01d67-ebbf-4a42-86db-4c734dce0520	5	149792694	160778558	7270	0.1054
dca01d67-ebbf-4a42-86db-4c734dce0520	5	160778999	167382035	4063	0.0147
dca01d67-ebbf-4a42-86db-4c734dce0520	5	167383002	180934240	8027	0.0994
dca01d67-ebbf-4a42-86db-4c734dce0520	6	1011760	25825355	17378	0.0773
dca01d67-ebbf-4a42-86db-4c734dce0520	6	25836699	30316598	1617	-0.0105
dca01d67-ebbf-4a42-86db-4c734dce0520	6	30317344	50712569	10933	0.074
dca01d67-ebbf-4a42-86db-4c734dce0520	6	50719633	64436370	5466	0.1268
dca01d67-ebbf-4a42-86db-4c734dce0520	6	64437501	69616133	2963	0.054
dca01d67-ebbf-4a42-86db-4c734dce0520	6	69617596	72876965	1963	0.1069
dca01d67-ebbf-4a42-86db-4c734dce0520	6	72877398	72882874	2	-2.0525
dca01d67-ebbf-4a42-86db-4c734dce0520	6	72885814	91546451	10630	0.1237
dca01d67-ebbf-4a42-86db-4c734dce0520	6	91546953	92778243	720	0.0339
dca01d67-ebbf-4a42-86db-4c734dce0520	6	92778335	92778859	2	-2.2788
dca01d67-ebbf-4a42-86db-4c734dce0520	6	92778895	120803576	15296	0.0921
dca01d67-ebbf-4a42-86db-4c734dce0520	6	120804636	123913061	1704	0.1482
dca01d67-ebbf-4a42-86db-4c734dce0520	6	123913214	123915173	7	-0.6406
dca01d67-ebbf-4a42-86db-4c734dce0520	6	123915590	126381957	1528	0.1679
dca01d67-ebbf-4a42-86db-4c734dce0520	6	126385469	151821821	15989	0.1006
dca01d67-ebbf-4a42-86db-4c734dce0520	6	151822254	153844108	1525	0.0527
dca01d67-ebbf-4a42-86db-4c734dce0520	6	153846436	153847586	2	-2.2244
dca01d67-ebbf-4a42-86db-4c734dce0520	6	153847781	161621807	5042	0.0849
dca01d67-ebbf-4a42-86db-4c734dce0520	6	161624808	161627419	6	-1.0095
dca01d67-ebbf-4a42-86db-4c734dce0520	6	161631962	164278289	1442	0.1301
dca01d67-ebbf-4a42-86db-4c734dce0520	6	164279906	170596889	2767	0.0506
dca01d67-ebbf-4a42-86db-4c734dce0520	7	664936	28600769	15590	0.1079
dca01d67-ebbf-4a42-86db-4c734dce0520	7	28603003	28696487	77	0.635
dca01d67-ebbf-4a42-86db-4c734dce0520	7	28696989	28708735	13	0.0147
dca01d67-ebbf-4a42-86db-4c734dce0520	7	28711520	52405233	15035	-0.7755
dca01d67-ebbf-4a42-86db-4c734dce0520	7	52412711	52657792	223	2.3628
dca01d67-ebbf-4a42-86db-4c734dce0520	7	52658647	54110080	886	2.5122
dca01d67-ebbf-4a42-86db-4c734dce0520	7	54115088	54948807	544	2.307
dca01d67-ebbf-4a42-86db-4c734dce0520	7	54949405	55107582	208	2.8922
dca01d67-ebbf-4a42-86db-4c734dce0520	7	55108183	55369856	247	2.6139
dca01d67-ebbf-4a42-86db-4c734dce0520	7	55372627	55426315	33	0.6403
dca01d67-ebbf-4a42-86db-4c734dce0520	7	55429801	55755888	173	2.7
dca01d67-ebbf-4a42-86db-4c734dce0520	7	55765381	57184979	379	0.6079
dca01d67-ebbf-4a42-86db-4c734dce0520	7	57185111	70574691	2914	0.0834
dca01d67-ebbf-4a42-86db-4c734dce0520	7	70575462	75850765	1860	-0.7832
dca01d67-ebbf-4a42-86db-4c734dce0520	7	75852505	81609474	3130	0.1011
dca01d67-ebbf-4a42-86db-4c734dce0520	7	81611793	90791804	4123	0.0521
dca01d67-ebbf-4a42-86db-4c734dce0520	7	90791888	95280350	2770	0.0912
dca01d67-ebbf-4a42-86db-4c734dce0520	7	95280587	95280623	2	-1.7267
dca01d67-ebbf-4a42-86db-4c734dce0520	7	95280936	108842028	6921	0.1071
dca01d67-ebbf-4a42-86db-4c734dce0520	7	108842939	120875327	6164	0.0691
dca01d67-ebbf-4a42-86db-4c734dce0520	7	120878686	123457688	1553	0.1194
dca01d67-ebbf-4a42-86db-4c734dce0520	7	123458232	126736079	1774	0.0131
dca01d67-ebbf-4a42-86db-4c734dce0520	7	126738089	141555655	8599	0.1089
dca01d67-ebbf-4a42-86db-4c734dce0520	7	141558831	147506077	2646	0.0512
dca01d67-ebbf-4a42-86db-4c734dce0520	7	147506105	147953319	326	0.0932
dca01d67-ebbf-4a42-86db-4c734dce0520	7	147955745	150164351	1059	0.1657
dca01d67-ebbf-4a42-86db-4c734dce0520	7	150183373	155426379	2673	0.0714
dca01d67-ebbf-4a42-86db-4c734dce0520	7	155429708	155431593	5	-0.8768
dca01d67-ebbf-4a42-86db-4c734dce0520	7	155432255	158592540	1751	0.1007
dca01d67-ebbf-4a42-86db-4c734dce0520	8	667625	1872579	569	-0.8543
dca01d67-ebbf-4a42-86db-4c734dce0520	8	1873326	1874734	4	-4.0254
dca01d67-ebbf-4a42-86db-4c734dce0520	8	1875493	3978457	1125	-0.8443
dca01d67-ebbf-4a42-86db-4c734dce0520	8	3978919	3979313	3	-5.9017
dca01d67-ebbf-4a42-86db-4c734dce0520	8	3983095	18587607	7942	-0.7788
dca01d67-ebbf-4a42-86db-4c734dce0520	8	18588702	18588872	2	-5.0621
dca01d67-ebbf-4a42-86db-4c734dce0520	8	18588996	23293158	3281	-0.7819
dca01d67-ebbf-4a42-86db-4c734dce0520	8	23296618	23297087	2	-3.5876
dca01d67-ebbf-4a42-86db-4c734dce0520	8	23299780	43078229	11953	-0.7642
dca01d67-ebbf-4a42-86db-4c734dce0520	8	43080575	49378208	1306	0.0989
dca01d67-ebbf-4a42-86db-4c734dce0520	8	49380551	52203922	1570	0.0066
dca01d67-ebbf-4a42-86db-4c734dce0520	8	52204553	54964899	1602	0.0926
dca01d67-ebbf-4a42-86db-4c734dce0520	8	54965161	72243439	10304	0.0358
dca01d67-ebbf-4a42-86db-4c734dce0520	8	72243793	74591151	1532	0.1094
dca01d67-ebbf-4a42-86db-4c734dce0520	8	74600256	78670419	2210	0.022
dca01d67-ebbf-4a42-86db-4c734dce0520	8	78671373	81745121	1717	0.0977
dca01d67-ebbf-4a42-86db-4c734dce0520	8	81745458	92517466	5715	-0.0092
dca01d67-ebbf-4a42-86db-4c734dce0520	8	92521888	108641026	9328	0.5614
dca01d67-ebbf-4a42-86db-4c734dce0520	8	108641702	114501576	2995	0.4461
dca01d67-ebbf-4a42-86db-4c734dce0520	8	114503758	135477536	14457	0.5507
dca01d67-ebbf-4a42-86db-4c734dce0520	8	135477901	138090649	1824	0.4867
dca01d67-ebbf-4a42-86db-4c734dce0520	8	138096004	144182542	2504	0.5688
dca01d67-ebbf-4a42-86db-4c734dce0520	9	789794	4785307	2904	0.1458
dca01d67-ebbf-4a42-86db-4c734dce0520	9	4788621	11262638	3425	0.0898
dca01d67-ebbf-4a42-86db-4c734dce0520	9	11265159	23034493	7994	0.1465
dca01d67-ebbf-4a42-86db-4c734dce0520	9	23043924	31453589	4700	0.0602
dca01d67-ebbf-4a42-86db-4c734dce0520	9	31456058	72239019	7319	0.1237
dca01d67-ebbf-4a42-86db-4c734dce0520	9	72242313	73789277	958	0.6371
dca01d67-ebbf-4a42-86db-4c734dce0520	9	73795425	73797845	7	0.239
dca01d67-ebbf-4a42-86db-4c734dce0520	9	73804566	79134061	3700	-0.6979
dca01d67-ebbf-4a42-86db-4c734dce0520	9	79134439	81994647	2041	-0.7725
dca01d67-ebbf-4a42-86db-4c734dce0520	9	81995500	86441103	2944	-0.6875
dca01d67-ebbf-4a42-86db-4c734dce0520	9	86441743	87838001	1135	-0.8065
dca01d67-ebbf-4a42-86db-4c734dce0520	9	87838704	88834451	566	-0.73
dca01d67-ebbf-4a42-86db-4c734dce0520	9	88834932	101946377	8311	0.1162
dca01d67-ebbf-4a42-86db-4c734dce0520	9	101946724	103684949	768	0.0393
dca01d67-ebbf-4a42-86db-4c734dce0520	9	103687416	117436862	9773	0.13
dca01d67-ebbf-4a42-86db-4c734dce0520	9	117437072	119309277	1328	0.0397
dca01d67-ebbf-4a42-86db-4c734dce0520	9	119310123	123848600	3044	0.1625
dca01d67-ebbf-4a42-86db-4c734dce0520	9	123848703	138044505	7361	0.1004
dca01d67-ebbf-4a42-86db-4c734dce0520	10	366509	28735332	19725	-0.7509
dca01d67-ebbf-4a42-86db-4c734dce0520	10	28736749	28737367	5	-3.6098
dca01d67-ebbf-4a42-86db-4c734dce0520	10	28738034	123917559	55446	-0.7432
dca01d67-ebbf-4a42-86db-4c734dce0520	10	123918035	123924326	7	-3.3832
dca01d67-ebbf-4a42-86db-4c734dce0520	10	123924462	133411599	5311	-0.8151
dca01d67-ebbf-4a42-86db-4c734dce0520	11	456012	18284320	11064	0.1239
dca01d67-ebbf-4a42-86db-4c734dce0520	11	18284725	18284852	2	-1.7421
dca01d67-ebbf-4a42-86db-4c734dce0520	11	18284967	20961763	2152	0.1187
dca01d67-ebbf-4a42-86db-4c734dce0520	11	20961864	25880880	3130	0.0614
dca01d67-ebbf-4a42-86db-4c734dce0520	11	25882359	28678053	1784	0.1395
dca01d67-ebbf-4a42-86db-4c734dce0520	11	28678983	31879800	1928	0.0717
dca01d67-ebbf-4a42-86db-4c734dce0520	11	31880453	37666990	3645	0.1382
dca01d67-ebbf-4a42-86db-4c734dce0520	11	37670156	42412355	2982	0.0245
dca01d67-ebbf-4a42-86db-4c734dce0520	11	42412476	48981875	3487	0.1336
dca01d67-ebbf-4a42-86db-4c734dce0520	11	48982010	76723077	10045	0.0895
dca01d67-ebbf-4a42-86db-4c734dce0520	11	76725904	80096824	2174	0.1313
dca01d67-ebbf-4a42-86db-4c734dce0520	11	80096999	80105027	18	-0.8022
dca01d67-ebbf-4a42-86db-4c734dce0520	11	80105137	86218001	3655	0.0711
dca01d67-ebbf-4a42-86db-4c734dce0520	11	86218572	90450481	2417	0.125
dca01d67-ebbf-4a42-86db-4c734dce0520	11	90450708	93666181	1851	0.0539
dca01d67-ebbf-4a42-86db-4c734dce0520	11	93666311	96847745	2220	0.1571
dca01d67-ebbf-4a42-86db-4c734dce0520	11	96853757	134272740	24868	0.0984
dca01d67-ebbf-4a42-86db-4c734dce0520	12	780472	11894807	6116	0.0872
dca01d67-ebbf-4a42-86db-4c734dce0520	12	11894852	59643989	24896	0.1186
dca01d67-ebbf-4a42-86db-4c734dce0520	12	59644154	87542987	16846	0.0952
dca01d67-ebbf-4a42-86db-4c734dce0520	12	87547878	87792685	111	0.523
dca01d67-ebbf-4a42-86db-4c734dce0520	12	87798121	125617828	23110	0.0996
dca01d67-ebbf-4a42-86db-4c734dce0520	12	125619807	130931534	2431	0.0456
dca01d67-ebbf-4a42-86db-4c734dce0520	12	130935134	131426644	280	0.1252
dca01d67-ebbf-4a42-86db-4c734dce0520	12	131426660	131427108	5	-0.7179
dca01d67-ebbf-4a42-86db-4c734dce0520	12	131436226	132605822	380	0.093
dca01d67-ebbf-4a42-86db-4c734dce0520	13	18874255	22046142	1435	0.1261
dca01d67-ebbf-4a42-86db-4c734dce0520	13	22046327	35565336	8855	0.0703
dca01d67-ebbf-4a42-86db-4c734dce0520	13	35566787	53573656	10670	0.1021
dca01d67-ebbf-4a42-86db-4c734dce0520	13	53574859	70834325	8440	0.0339
dca01d67-ebbf-4a42-86db-4c734dce0520	13	70841566	80587070	6455	0.1231
dca01d67-ebbf-4a42-86db-4c734dce0520	13	80587164	93243677	7296	0.0375
dca01d67-ebbf-4a42-86db-4c734dce0520	13	93243974	102216923	5980	0.1182
dca01d67-ebbf-4a42-86db-4c734dce0520	13	102217603	105060057	2204	0.0525
dca01d67-ebbf-4a42-86db-4c734dce0520	13	105060505	114226675	5556	0.1126
dca01d67-ebbf-4a42-86db-4c734dce0520	14	20033191	25875705	2700	0.1426
dca01d67-ebbf-4a42-86db-4c734dce0520	14	25876227	26294421	281	0.0781
dca01d67-ebbf-4a42-86db-4c734dce0520	14	26300516	26300517	2	1.7897
dca01d67-ebbf-4a42-86db-4c734dce0520	14	26300519	29578977	1711	0.0599
dca01d67-ebbf-4a42-86db-4c734dce0520	14	29583158	41088483	6775	0.1428
dca01d67-ebbf-4a42-86db-4c734dce0520	14	41089381	48625712	3220	0.057
dca01d67-ebbf-4a42-86db-4c734dce0520	14	48626141	51831760	1957	0.1434
dca01d67-ebbf-4a42-86db-4c734dce0520	14	51831856	53340991	955	0.0957
dca01d67-ebbf-4a42-86db-4c734dce0520	14	53341012	53346016	12	-0.4976
dca01d67-ebbf-4a42-86db-4c734dce0520	14	53346181	76315320	14047	0.1101
dca01d67-ebbf-4a42-86db-4c734dce0520	14	76315498	83443997	4797	0.1407
dca01d67-ebbf-4a42-86db-4c734dce0520	14	83446755	87337436	2463	0.0442
dca01d67-ebbf-4a42-86db-4c734dce0520	14	87337820	96829828	6071	0.0911
dca01d67-ebbf-4a42-86db-4c734dce0520	14	96832444	98021694	870	0.0418
dca01d67-ebbf-4a42-86db-4c734dce0520	14	98022549	105533894	3803	0.1117
dca01d67-ebbf-4a42-86db-4c734dce0520	15	23437561	30842699	2727	0.0593
dca01d67-ebbf-4a42-86db-4c734dce0520	15	30843586	53122294	12792	0.1549
dca01d67-ebbf-4a42-86db-4c734dce0520	15	53126541	80015343	16512	0.1172
dca01d67-ebbf-4a42-86db-4c734dce0520	15	80015837	94951217	8679	0.1529
dca01d67-ebbf-4a42-86db-4c734dce0520	15	94953624	98114947	2227	0.0624
dca01d67-ebbf-4a42-86db-4c734dce0520	15	98118180	101344124	1760	0.1475
dca01d67-ebbf-4a42-86db-4c734dce0520	16	603333	5522377	1967	-0.8012
dca01d67-ebbf-4a42-86db-4c734dce0520	16	5522623	6130374	459	0.1772
dca01d67-ebbf-4a42-86db-4c734dce0520	16	6130805	12576731	4272	0.6292
dca01d67-ebbf-4a42-86db-4c734dce0520	16	12577175	48942558	8427	0.1128
dca01d67-ebbf-4a42-86db-4c734dce0520	16	48942578	48942656	2	-1.8141
dca01d67-ebbf-4a42-86db-4c734dce0520	16	48942968	60160921	7781	0.1289
dca01d67-ebbf-4a42-86db-4c734dce0520	16	60161711	63307557	1934	0.0677
dca01d67-ebbf-4a42-86db-4c734dce0520	16	63308087	89317317	16239	0.1336
dca01d67-ebbf-4a42-86db-4c734dce0520	17	1074619	21774057	9630	-0.7892
dca01d67-ebbf-4a42-86db-4c734dce0520	17	26943491	51562823	10580	0.6175
dca01d67-ebbf-4a42-86db-4c734dce0520	17	51563012	51563668	2	-1.5661
dca01d67-ebbf-4a42-86db-4c734dce0520	17	51563895	52132435	483	0.6737
dca01d67-ebbf-4a42-86db-4c734dce0520	17	52133438	54183480	1081	0.5652
dca01d67-ebbf-4a42-86db-4c734dce0520	17	54185156	57905826	2765	0.6583
dca01d67-ebbf-4a42-86db-4c734dce0520	17	57908483	71847332	7682	0.5905
dca01d67-ebbf-4a42-86db-4c734dce0520	17	71847595	76739594	2380	0.657
dca01d67-ebbf-4a42-86db-4c734dce0520	17	76741926	76746723	2	-1.9704
dca01d67-ebbf-4a42-86db-4c734dce0520	17	76747684	81510690	2062	0.612
dca01d67-ebbf-4a42-86db-4c734dce0520	17	81510993	81614671	39	0.9811
dca01d67-ebbf-4a42-86db-4c734dce0520	17	81631719	82056196	65	0.607
dca01d67-ebbf-4a42-86db-4c734dce0520	17	82064485	82959812	363	-0.8347
dca01d67-ebbf-4a42-86db-4c734dce0520	18	326691	37775799	18365	0.1347
dca01d67-ebbf-4a42-86db-4c734dce0520	18	37776611	41119552	1996	0.0751
dca01d67-ebbf-4a42-86db-4c734dce0520	18	41125080	42760245	973	0.155
dca01d67-ebbf-4a42-86db-4c734dce0520	18	42760759	45299880	1468	0.076
dca01d67-ebbf-4a42-86db-4c734dce0520	18	45303336	64751748	12793	0.1421
dca01d67-ebbf-4a42-86db-4c734dce0520	18	64751890	69464395	2374	0.0557
dca01d67-ebbf-4a42-86db-4c734dce0520	18	69466216	79349796	4914	0.1097
dca01d67-ebbf-4a42-86db-4c734dce0520	19	283868	19809210	7714	0.087
dca01d67-ebbf-4a42-86db-4c734dce0520	19	19810198	29385700	2627	0.0032
dca01d67-ebbf-4a42-86db-4c734dce0520	19	29385819	32089620	1940	0.0652
dca01d67-ebbf-4a42-86db-4c734dce0520	19	32089809	33406317	765	0.1523
dca01d67-ebbf-4a42-86db-4c734dce0520	19	33406348	33409003	3	-2.0493
dca01d67-ebbf-4a42-86db-4c734dce0520	19	33412496	52281851	8500	0.0922
dca01d67-ebbf-4a42-86db-4c734dce0520	19	52284330	53901012	415	-0.0397
dca01d67-ebbf-4a42-86db-4c734dce0520	19	53901209	53901222	2	-3.6221
dca01d67-ebbf-4a42-86db-4c734dce0520	19	53901924	58370362	2144	0.0515
dca01d67-ebbf-4a42-86db-4c734dce0520	20	472817	7849695	4562	0.1043
dca01d67-ebbf-4a42-86db-4c734dce0520	20	7849708	12166698	2925	0.1848
dca01d67-ebbf-4a42-86db-4c734dce0520	20	12167103	63588502	29979	0.1028
dca01d67-ebbf-4a42-86db-4c734dce0520	21	13974127	17831935	2324	-0.2892
dca01d67-ebbf-4a42-86db-4c734dce0520	21	17832478	17931284	74	-1.0617
dca01d67-ebbf-4a42-86db-4c734dce0520	21	17934011	19565839	1163	-0.2829
dca01d67-ebbf-4a42-86db-4c734dce0520	21	19570894	40429124	13813	-0.3823
dca01d67-ebbf-4a42-86db-4c734dce0520	21	40434859	40664294	218	0.1556
dca01d67-ebbf-4a42-86db-4c734dce0520	21	40666248	46262057	2924	-0.4225
dca01d67-ebbf-4a42-86db-4c734dce0520	22	16934932	38924823	10778	0.1505
dca01d67-ebbf-4a42-86db-4c734dce0520	22	38924885	48940621	6276	0.1012
dca01d67-ebbf-4a42-86db-4c734dce0520	X	3236359	26885395	10217	0.0284
dca01d67-ebbf-4a42-86db-4c734dce0520	X	26885425	32880410	3512	-0.0614
dca01d67-ebbf-4a42-86db-4c734dce0520	X	32883943	37850312	1599	0.0117
dca01d67-ebbf-4a42-86db-4c734dce0520	X	37851496	37855604	3	-3.1768
dca01d67-ebbf-4a42-86db-4c734dce0520	X	37855706	63345109	8526	0.0266
dca01d67-ebbf-4a42-86db-4c734dce0520	X	63350177	67722894	1632	-0.0497
dca01d67-ebbf-4a42-86db-4c734dce0520	X	67725146	68149200	204	0.025
dca01d67-ebbf-4a42-86db-4c734dce0520	X	68150799	68150814	2	-2.2059
dca01d67-ebbf-4a42-86db-4c734dce0520	X	68151120	78928089	3704	0.0684
dca01d67-ebbf-4a42-86db-4c734dce0520	X	78930454	97605103	7445	-0.0413
dca01d67-ebbf-4a42-86db-4c734dce0520	X	97610981	97726326	95	0.107
dca01d67-ebbf-4a42-86db-4c734dce0520	X	97726374	97727542	2	-2.282
dca01d67-ebbf-4a42-86db-4c734dce0520	X	97728401	98055512	231	0.0228
dca01d67-ebbf-4a42-86db-4c734dce0520	X	98058486	98058652	2	-4.6289
dca01d67-ebbf-4a42-86db-4c734dce0520	X	98060038	138577886	18841	0.0224
dca01d67-ebbf-4a42-86db-4c734dce0520	X	138578758	149383265	5443	-0.0454
dca01d67-ebbf-4a42-86db-4c734dce0520	X	149385554	155677414	2028	0.0169
