GDC_Aliquot	Chromosome	Start	End	Num_Probes	Segment_Mean
6f417a24-f868-4cd1-a60b-37df5f098c76	1	3301765	6221607	1987	-0.6324
6f417a24-f868-4cd1-a60b-37df5f098c76	1	6226641	48482405	22276	-0.5578
6f417a24-f868-4cd1-a60b-37df5f098c76	1	48497431	48643970	112	-0.0289
6f417a24-f868-4cd1-a60b-37df5f098c76	1	48647085	54452993	2926	-0.5339
6f417a24-f868-4cd1-a60b-37df5f098c76	1	54453786	54483368	10	-1.2208
6f417a24-f868-4cd1-a60b-37df5f098c76	1	54484145	62562527	5909	-0.5511
6f417a24-f868-4cd1-a60b-37df5f098c76	1	62581387	62743233	81	-1.205
6f417a24-f868-4cd1-a60b-37df5f098c76	1	62744274	91595888	17981	-0.5326
6f417a24-f868-4cd1-a60b-37df5f098c76	1	91598525	91679376	60	1.1712
6f417a24-f868-4cd1-a60b-37df5f098c76	1	91745053	91797405	30	0.826
6f417a24-f868-4cd1-a60b-37df5f098c76	1	91803305	97802804	3568	-0.0317
6f417a24-f868-4cd1-a60b-37df5f098c76	1	97814579	97853179	17	0.8429
6f417a24-f868-4cd1-a60b-37df5f098c76	1	97853484	119984738	13063	-0.5372
6f417a24-f868-4cd1-a60b-37df5f098c76	1	119984772	158847684	4601	0.589
6f417a24-f868-4cd1-a60b-37df5f098c76	1	158847809	160814400	1268	0.8235
6f417a24-f868-4cd1-a60b-37df5f098c76	1	160816880	164280131	2284	1.2454
6f417a24-f868-4cd1-a60b-37df5f098c76	1	164280491	165533138	1126	1.3108
6f417a24-f868-4cd1-a60b-37df5f098c76	1	165533625	166714224	881	1.2372
6f417a24-f868-4cd1-a60b-37df5f098c76	1	166715054	170038728	2491	1.3001
6f417a24-f868-4cd1-a60b-37df5f098c76	1	170053838	170245171	146	0.3148
6f417a24-f868-4cd1-a60b-37df5f098c76	1	170253127	172893961	1701	1.2647
6f417a24-f868-4cd1-a60b-37df5f098c76	1	172904853	173460643	371	1.5873
6f417a24-f868-4cd1-a60b-37df5f098c76	1	173464446	173804131	175	1.2677
6f417a24-f868-4cd1-a60b-37df5f098c76	1	173810247	176539142	1256	0.3052
6f417a24-f868-4cd1-a60b-37df5f098c76	1	176539157	176541594	5	-0.3291
6f417a24-f868-4cd1-a60b-37df5f098c76	1	176544401	179370127	1888	0.3078
6f417a24-f868-4cd1-a60b-37df5f098c76	1	179370199	179370280	2	-0.7602
6f417a24-f868-4cd1-a60b-37df5f098c76	1	179370419	179552797	88	0.2584
6f417a24-f868-4cd1-a60b-37df5f098c76	1	179562473	179579132	17	-0.1991
6f417a24-f868-4cd1-a60b-37df5f098c76	1	179582418	205710710	16221	0.3153
6f417a24-f868-4cd1-a60b-37df5f098c76	1	205713981	208061758	1294	-1.3894
6f417a24-f868-4cd1-a60b-37df5f098c76	1	208062467	208063929	3	-6.787
6f417a24-f868-4cd1-a60b-37df5f098c76	1	208064332	208378428	271	-1.4685
6f417a24-f868-4cd1-a60b-37df5f098c76	1	208379243	208380196	2	-7.4011
6f417a24-f868-4cd1-a60b-37df5f098c76	1	208380362	229163591	13084	-1.4267
6f417a24-f868-4cd1-a60b-37df5f098c76	1	229163736	229168934	8	-4.4832
6f417a24-f868-4cd1-a60b-37df5f098c76	1	229169106	230139950	668	-1.4732
6f417a24-f868-4cd1-a60b-37df5f098c76	1	230143158	235081682	3608	0.3353
6f417a24-f868-4cd1-a60b-37df5f098c76	1	235085097	235100678	2	-0.8547
6f417a24-f868-4cd1-a60b-37df5f098c76	1	235101118	238882060	2772	0.3023
6f417a24-f868-4cd1-a60b-37df5f098c76	1	238882443	238883251	2	-1.3325
6f417a24-f868-4cd1-a60b-37df5f098c76	1	238885634	245843320	4544	0.2935
6f417a24-f868-4cd1-a60b-37df5f098c76	1	245847334	245865791	37	0.5542
6f417a24-f868-4cd1-a60b-37df5f098c76	1	245873895	246026700	119	0.2743
6f417a24-f868-4cd1-a60b-37df5f098c76	1	246435044	247572466	388	0.5704
6f417a24-f868-4cd1-a60b-37df5f098c76	1	247578120	247650984	48	0.3209
6f417a24-f868-4cd1-a60b-37df5f098c76	2	480597	5810513	2946	0.2836
6f417a24-f868-4cd1-a60b-37df5f098c76	2	5813170	10624303	3419	0.3279
6f417a24-f868-4cd1-a60b-37df5f098c76	2	10624829	10803756	117	0.5003
6f417a24-f868-4cd1-a60b-37df5f098c76	2	10807176	21736486	7476	0.319
6f417a24-f868-4cd1-a60b-37df5f098c76	2	21739951	22537704	401	0.2655
6f417a24-f868-4cd1-a60b-37df5f098c76	2	22541672	22581655	24	-1.3378
6f417a24-f868-4cd1-a60b-37df5f098c76	2	22583635	23844241	901	0.2904
6f417a24-f868-4cd1-a60b-37df5f098c76	2	23849853	23886625	19	0.8764
6f417a24-f868-4cd1-a60b-37df5f098c76	2	23886808	41143238	9067	0.3189
6f417a24-f868-4cd1-a60b-37df5f098c76	2	41145494	47647375	4333	0.0231
6f417a24-f868-4cd1-a60b-37df5f098c76	2	47647574	57471598	5163	-0.0132
6f417a24-f868-4cd1-a60b-37df5f098c76	2	57471855	62123028	2706	0.0336
6f417a24-f868-4cd1-a60b-37df5f098c76	2	62126078	68253839	3720	0.3784
6f417a24-f868-4cd1-a60b-37df5f098c76	2	68257781	69358044	661	0.6599
6f417a24-f868-4cd1-a60b-37df5f098c76	2	69359161	88831554	9847	0.5812
6f417a24-f868-4cd1-a60b-37df5f098c76	2	94675825	94696525	9	0.1611
6f417a24-f868-4cd1-a60b-37df5f098c76	2	94703406	100130395	1978	-0.0373
6f417a24-f868-4cd1-a60b-37df5f098c76	2	100132706	102781875	1764	-0.0025
6f417a24-f868-4cd1-a60b-37df5f098c76	2	102784014	141828631	20072	-0.0412
6f417a24-f868-4cd1-a60b-37df5f098c76	2	141829723	141931524	85	0.5539
6f417a24-f868-4cd1-a60b-37df5f098c76	2	141935039	142125253	113	-0.0696
6f417a24-f868-4cd1-a60b-37df5f098c76	2	142125638	142827435	413	0.3284
6f417a24-f868-4cd1-a60b-37df5f098c76	2	142827968	152412232	5554	-0.0298
6f417a24-f868-4cd1-a60b-37df5f098c76	2	152413856	152563850	113	-0.5455
6f417a24-f868-4cd1-a60b-37df5f098c76	2	152566160	160077036	4295	-0.03
6f417a24-f868-4cd1-a60b-37df5f098c76	2	160089216	160275585	111	-0.4781
6f417a24-f868-4cd1-a60b-37df5f098c76	2	160280145	165151781	2644	-0.0134
6f417a24-f868-4cd1-a60b-37df5f098c76	2	165157717	165677696	312	0.6486
6f417a24-f868-4cd1-a60b-37df5f098c76	2	165680584	171127769	3469	-0.0143
6f417a24-f868-4cd1-a60b-37df5f098c76	2	171130473	171395939	137	-1.3494
6f417a24-f868-4cd1-a60b-37df5f098c76	2	171397246	175830446	2806	-0.0077
6f417a24-f868-4cd1-a60b-37df5f098c76	2	175836605	177375873	1034	0.6425
6f417a24-f868-4cd1-a60b-37df5f098c76	2	177382233	179796235	1442	-0.0087
6f417a24-f868-4cd1-a60b-37df5f098c76	2	179799861	180257190	330	0.3506
6f417a24-f868-4cd1-a60b-37df5f098c76	2	180258945	182348425	1261	-0.0052
6f417a24-f868-4cd1-a60b-37df5f098c76	2	182351684	182351923	2	-1.3057
6f417a24-f868-4cd1-a60b-37df5f098c76	2	182352201	187928219	2422	-0.043
6f417a24-f868-4cd1-a60b-37df5f098c76	2	187935465	188001283	50	-0.518
6f417a24-f868-4cd1-a60b-37df5f098c76	2	188002005	197185473	4416	-0.0168
6f417a24-f868-4cd1-a60b-37df5f098c76	2	197185752	197649153	181	0.3082
6f417a24-f868-4cd1-a60b-37df5f098c76	2	197649313	210388852	7349	-0.0183
6f417a24-f868-4cd1-a60b-37df5f098c76	2	210392848	212790312	1496	-0.5523
6f417a24-f868-4cd1-a60b-37df5f098c76	2	212791463	213344255	374	-4.449
6f417a24-f868-4cd1-a60b-37df5f098c76	2	213348300	241537572	17161	-0.5661
6f417a24-f868-4cd1-a60b-37df5f098c76	3	2170634	2323439	128	0.825
6f417a24-f868-4cd1-a60b-37df5f098c76	3	2323933	2822227	46	0.5743
6f417a24-f868-4cd1-a60b-37df5f098c76	3	2825746	9121583	3920	0.8142
6f417a24-f868-4cd1-a60b-37df5f098c76	3	9121916	9467706	218	0.296
6f417a24-f868-4cd1-a60b-37df5f098c76	3	9472896	12217765	1692	0.8253
6f417a24-f868-4cd1-a60b-37df5f098c76	3	12222780	12465203	167	1.3093
6f417a24-f868-4cd1-a60b-37df5f098c76	3	12472625	45420643	19667	-0.023
6f417a24-f868-4cd1-a60b-37df5f098c76	3	45428839	45434501	4	-1.0153
6f417a24-f868-4cd1-a60b-37df5f098c76	3	45434548	45610403	124	-0.0259
6f417a24-f868-4cd1-a60b-37df5f098c76	3	45612492	46660272	710	0.0253
6f417a24-f868-4cd1-a60b-37df5f098c76	3	46665706	68363298	12367	-0.034
6f417a24-f868-4cd1-a60b-37df5f098c76	3	68364034	68525395	146	0.2776
6f417a24-f868-4cd1-a60b-37df5f098c76	3	68526524	72259923	2704	-0.0225
6f417a24-f868-4cd1-a60b-37df5f098c76	3	72261614	104700246	15044	-0.0477
6f417a24-f868-4cd1-a60b-37df5f098c76	3	104700466	108765905	2477	-0.0097
6f417a24-f868-4cd1-a60b-37df5f098c76	3	108768798	110362995	654	-0.0834
6f417a24-f868-4cd1-a60b-37df5f098c76	3	110363059	115600753	3064	-0.0162
6f417a24-f868-4cd1-a60b-37df5f098c76	3	115601207	116322233	469	0.5993
6f417a24-f868-4cd1-a60b-37df5f098c76	3	116322491	117760367	1129	0.2674
6f417a24-f868-4cd1-a60b-37df5f098c76	3	117760383	120884477	1794	0.3374
6f417a24-f868-4cd1-a60b-37df5f098c76	3	120886871	122075780	470	0.2714
6f417a24-f868-4cd1-a60b-37df5f098c76	3	122077921	134168489	7188	0.3433
6f417a24-f868-4cd1-a60b-37df5f098c76	3	134178831	137680105	1877	0.576
6f417a24-f868-4cd1-a60b-37df5f098c76	3	137680479	137904333	125	0.83
6f417a24-f868-4cd1-a60b-37df5f098c76	3	137904399	141711241	2252	0.3225
6f417a24-f868-4cd1-a60b-37df5f098c76	3	141711315	141713222	2	-2.4354
6f417a24-f868-4cd1-a60b-37df5f098c76	3	141717632	142777884	383	0.3101
6f417a24-f868-4cd1-a60b-37df5f098c76	3	142784353	143976298	624	0.3757
6f417a24-f868-4cd1-a60b-37df5f098c76	3	143984908	145041997	567	0.3155
6f417a24-f868-4cd1-a60b-37df5f098c76	3	145046527	156487096	5987	-0.0166
6f417a24-f868-4cd1-a60b-37df5f098c76	3	156489825	157409621	578	0.365
6f417a24-f868-4cd1-a60b-37df5f098c76	3	157410821	160104880	1522	0.3133
6f417a24-f868-4cd1-a60b-37df5f098c76	3	160107757	162117641	1049	0.3606
6f417a24-f868-4cd1-a60b-37df5f098c76	3	162118109	165730044	1492	0.2949
6f417a24-f868-4cd1-a60b-37df5f098c76	3	165730119	167833675	840	0.3433
6f417a24-f868-4cd1-a60b-37df5f098c76	3	167833696	172650010	2784	0.3647
6f417a24-f868-4cd1-a60b-37df5f098c76	3	172650083	177420964	2100	0.3205
6f417a24-f868-4cd1-a60b-37df5f098c76	3	177421444	178746633	785	0.3785
6f417a24-f868-4cd1-a60b-37df5f098c76	3	178750064	183021950	2372	0.3104
6f417a24-f868-4cd1-a60b-37df5f098c76	3	183027969	183202599	117	-0.5752
6f417a24-f868-4cd1-a60b-37df5f098c76	3	183204051	186993310	1780	0.329
6f417a24-f868-4cd1-a60b-37df5f098c76	3	186993637	190618073	2580	0.3636
6f417a24-f868-4cd1-a60b-37df5f098c76	3	190618933	197812401	3225	0.3279
6f417a24-f868-4cd1-a60b-37df5f098c76	4	1059384	2124852	344	-0.0625
6f417a24-f868-4cd1-a60b-37df5f098c76	4	2131576	2266507	65	-1.3272
6f417a24-f868-4cd1-a60b-37df5f098c76	4	2269781	20599718	11688	-0.0492
6f417a24-f868-4cd1-a60b-37df5f098c76	4	20605364	20637613	22	0.3758
6f417a24-f868-4cd1-a60b-37df5f098c76	4	20638089	22129056	1079	-0.0531
6f417a24-f868-4cd1-a60b-37df5f098c76	4	22130041	22173148	29	0.2799
6f417a24-f868-4cd1-a60b-37df5f098c76	4	22174034	23046543	470	-0.0376
6f417a24-f868-4cd1-a60b-37df5f098c76	4	23048185	23599378	367	0.6015
6f417a24-f868-4cd1-a60b-37df5f098c76	4	23605549	24989758	978	-0.0224
6f417a24-f868-4cd1-a60b-37df5f098c76	4	24989996	36143982	6658	-0.0488
6f417a24-f868-4cd1-a60b-37df5f098c76	4	36144760	43638716	4438	-0.0214
6f417a24-f868-4cd1-a60b-37df5f098c76	4	43638734	67365855	11369	-0.053
6f417a24-f868-4cd1-a60b-37df5f098c76	4	67366330	77154266	5008	-0.0095
6f417a24-f868-4cd1-a60b-37df5f098c76	4	77156221	77385331	181	0.3691
6f417a24-f868-4cd1-a60b-37df5f098c76	4	77388067	90099472	7601	-0.0117
6f417a24-f868-4cd1-a60b-37df5f098c76	4	90102883	90275235	113	0.3491
6f417a24-f868-4cd1-a60b-37df5f098c76	4	90280906	98207747	4253	-0.0486
6f417a24-f868-4cd1-a60b-37df5f098c76	4	98210210	99451639	685	-0.0055
6f417a24-f868-4cd1-a60b-37df5f098c76	4	99456001	99456606	2	-1.3064
6f417a24-f868-4cd1-a60b-37df5f098c76	4	99458374	106608556	3971	-0.0096
6f417a24-f868-4cd1-a60b-37df5f098c76	4	106608745	107799035	697	-0.07
6f417a24-f868-4cd1-a60b-37df5f098c76	4	107802454	115386715	4469	-0.0062
6f417a24-f868-4cd1-a60b-37df5f098c76	4	115393006	118222955	1568	-0.0471
6f417a24-f868-4cd1-a60b-37df5f098c76	4	118225504	125303671	3980	-0.0039
6f417a24-f868-4cd1-a60b-37df5f098c76	4	125303928	141566885	8538	-0.0356
6f417a24-f868-4cd1-a60b-37df5f098c76	4	141575794	141747713	88	-0.5407
6f417a24-f868-4cd1-a60b-37df5f098c76	4	141752664	146089027	2282	-0.023
6f417a24-f868-4cd1-a60b-37df5f098c76	4	146089556	147249042	689	0.3424
6f417a24-f868-4cd1-a60b-37df5f098c76	4	147252192	157061100	5631	-0.02
6f417a24-f868-4cd1-a60b-37df5f098c76	4	157065172	157164169	61	-0.5284
6f417a24-f868-4cd1-a60b-37df5f098c76	4	157166521	158345770	675	-0.0243
6f417a24-f868-4cd1-a60b-37df5f098c76	4	158345861	158638840	151	0.3054
6f417a24-f868-4cd1-a60b-37df5f098c76	4	158640449	163436979	2812	-0.0387
6f417a24-f868-4cd1-a60b-37df5f098c76	4	163440984	163773175	171	0.2856
6f417a24-f868-4cd1-a60b-37df5f098c76	4	163775062	179321872	8256	-0.0171
6f417a24-f868-4cd1-a60b-37df5f098c76	4	179324182	179634410	202	0.2694
6f417a24-f868-4cd1-a60b-37df5f098c76	4	179634825	179642607	2	-0.1873
6f417a24-f868-4cd1-a60b-37df5f098c76	4	179651463	180225071	349	0.7876
6f417a24-f868-4cd1-a60b-37df5f098c76	4	180225911	180520782	249	0.3126
6f417a24-f868-4cd1-a60b-37df5f098c76	4	180524029	181549889	419	-0.0421
6f417a24-f868-4cd1-a60b-37df5f098c76	4	181550636	182512158	769	-0.101
6f417a24-f868-4cd1-a60b-37df5f098c76	4	182515979	187842528	2145	-0.0352
6f417a24-f868-4cd1-a60b-37df5f098c76	5	913983	8073265	5168	0.2852
6f417a24-f868-4cd1-a60b-37df5f098c76	5	8073755	11117600	2155	0.3283
6f417a24-f868-4cd1-a60b-37df5f098c76	5	11117773	12654063	1028	0.2751
6f417a24-f868-4cd1-a60b-37df5f098c76	5	12658132	16684000	2108	0.3248
6f417a24-f868-4cd1-a60b-37df5f098c76	5	16687154	18313608	795	0.2922
6f417a24-f868-4cd1-a60b-37df5f098c76	5	18315009	18350002	39	-0.4182
6f417a24-f868-4cd1-a60b-37df5f098c76	5	18354441	29017353	5418	0.2932
6f417a24-f868-4cd1-a60b-37df5f098c76	5	29018092	29023197	2	-1.145
6f417a24-f868-4cd1-a60b-37df5f098c76	5	29023356	33935376	3298	0.2901
6f417a24-f868-4cd1-a60b-37df5f098c76	5	33935778	43161775	5170	0.333
6f417a24-f868-4cd1-a60b-37df5f098c76	5	43163958	45383300	956	0.2801
6f417a24-f868-4cd1-a60b-37df5f098c76	5	50828231	55095197	2672	-0.5815
6f417a24-f868-4cd1-a60b-37df5f098c76	5	55095727	55095743	2	-2.3207
6f417a24-f868-4cd1-a60b-37df5f098c76	5	55096315	55889536	402	-0.5489
6f417a24-f868-4cd1-a60b-37df5f098c76	5	55893362	56236376	197	-4.4134
6f417a24-f868-4cd1-a60b-37df5f098c76	5	56240770	68952796	7671	-0.554
6f417a24-f868-4cd1-a60b-37df5f098c76	5	68953509	68956373	2	-7.1733
6f417a24-f868-4cd1-a60b-37df5f098c76	5	68959417	76367739	3384	-0.5609
6f417a24-f868-4cd1-a60b-37df5f098c76	5	76372402	76379316	5	-2.4467
6f417a24-f868-4cd1-a60b-37df5f098c76	5	76379494	97135982	11303	-0.565
6f417a24-f868-4cd1-a60b-37df5f098c76	5	97138549	106706350	4068	0.2919
6f417a24-f868-4cd1-a60b-37df5f098c76	5	106706432	109932874	1964	0.3397
6f417a24-f868-4cd1-a60b-37df5f098c76	5	109933492	129670550	11932	0.3058
6f417a24-f868-4cd1-a60b-37df5f098c76	5	129673922	129836938	100	-0.6022
6f417a24-f868-4cd1-a60b-37df5f098c76	5	129838083	131368313	750	0.302
6f417a24-f868-4cd1-a60b-37df5f098c76	5	131371876	132024654	315	0.8297
6f417a24-f868-4cd1-a60b-37df5f098c76	5	132026205	134762555	1698	0.3435
6f417a24-f868-4cd1-a60b-37df5f098c76	5	134763386	135141428	209	-0.5804
6f417a24-f868-4cd1-a60b-37df5f098c76	5	135142804	137911772	1935	0.3318
6f417a24-f868-4cd1-a60b-37df5f098c76	5	137911842	138904131	439	0.2655
6f417a24-f868-4cd1-a60b-37df5f098c76	5	138907598	138969813	25	-0.6728
6f417a24-f868-4cd1-a60b-37df5f098c76	5	138975764	141056380	853	0.2818
6f417a24-f868-4cd1-a60b-37df5f098c76	5	141056478	150107348	5856	0.3371
6f417a24-f868-4cd1-a60b-37df5f098c76	5	150107725	153041206	1924	0.3018
6f417a24-f868-4cd1-a60b-37df5f098c76	5	153056849	153087229	17	-0.5307
6f417a24-f868-4cd1-a60b-37df5f098c76	5	153094914	157824626	3136	0.2972
6f417a24-f868-4cd1-a60b-37df5f098c76	5	157824833	159955125	1448	0.3356
6f417a24-f868-4cd1-a60b-37df5f098c76	5	159958935	168690837	5621	0.2901
6f417a24-f868-4cd1-a60b-37df5f098c76	5	168703123	174236186	3717	0.3251
6f417a24-f868-4cd1-a60b-37df5f098c76	5	174236935	174239655	3	-0.5373
6f417a24-f868-4cd1-a60b-37df5f098c76	5	174240023	175890499	1254	0.3322
6f417a24-f868-4cd1-a60b-37df5f098c76	5	175896169	180934240	2067	0.2797
6f417a24-f868-4cd1-a60b-37df5f098c76	6	1011760	2575349	1162	-0.691
6f417a24-f868-4cd1-a60b-37df5f098c76	6	2575623	2579639	7	-1.8556
6f417a24-f868-4cd1-a60b-37df5f098c76	6	2580505	5121275	1772	-0.6584
6f417a24-f868-4cd1-a60b-37df5f098c76	6	5122495	5762961	413	-1.5191
6f417a24-f868-4cd1-a60b-37df5f098c76	6	5765682	5781179	10	-0.5462
6f417a24-f868-4cd1-a60b-37df5f098c76	6	5781960	5833830	33	-0.0006
6f417a24-f868-4cd1-a60b-37df5f098c76	6	5834857	8486891	2086	-1.5241
6f417a24-f868-4cd1-a60b-37df5f098c76	6	8487092	13523602	3569	-0.0371
6f417a24-f868-4cd1-a60b-37df5f098c76	6	13529476	13560413	22	-1.4536
6f417a24-f868-4cd1-a60b-37df5f098c76	6	13560602	28208244	9171	-0.0421
6f417a24-f868-4cd1-a60b-37df5f098c76	6	28219590	35611598	2415	0.3021
6f417a24-f868-4cd1-a60b-37df5f098c76	6	35628168	43546984	5162	-0.0288
6f417a24-f868-4cd1-a60b-37df5f098c76	6	43549425	43824843	138	-0.1893
6f417a24-f868-4cd1-a60b-37df5f098c76	6	43825013	46336265	1423	-0.0207
6f417a24-f868-4cd1-a60b-37df5f098c76	6	46336278	47560846	846	0.0331
6f417a24-f868-4cd1-a60b-37df5f098c76	6	47561081	53271096	3361	-0.0305
6f417a24-f868-4cd1-a60b-37df5f098c76	6	53273462	53317240	37	-0.5659
6f417a24-f868-4cd1-a60b-37df5f098c76	6	53318268	61659709	2508	-0.0259
6f417a24-f868-4cd1-a60b-37df5f098c76	6	61659801	67245682	2982	-0.0694
6f417a24-f868-4cd1-a60b-37df5f098c76	6	67245842	68831058	863	-0.0376
6f417a24-f868-4cd1-a60b-37df5f098c76	6	68831222	68831336	2	-1.1085
6f417a24-f868-4cd1-a60b-37df5f098c76	6	68831439	76672243	4556	-0.0296
6f417a24-f868-4cd1-a60b-37df5f098c76	6	76672982	76687678	15	-1.3777
6f417a24-f868-4cd1-a60b-37df5f098c76	6	76689832	78992683	1234	-0.072
6f417a24-f868-4cd1-a60b-37df5f098c76	6	79003854	80021249	504	0.019
6f417a24-f868-4cd1-a60b-37df5f098c76	6	80021297	105262543	13849	-0.0329
6f417a24-f868-4cd1-a60b-37df5f098c76	6	105262844	107593128	1448	0.0011
6f417a24-f868-4cd1-a60b-37df5f098c76	6	107593573	107595807	2	-1.7825
6f417a24-f868-4cd1-a60b-37df5f098c76	6	107596225	118941110	6366	-0.0134
6f417a24-f868-4cd1-a60b-37df5f098c76	6	118952012	120606876	1005	-0.5306
6f417a24-f868-4cd1-a60b-37df5f098c76	6	120614375	120709765	52	-1.3375
6f417a24-f868-4cd1-a60b-37df5f098c76	6	120709930	158608310	23803	-0.5286
6f417a24-f868-4cd1-a60b-37df5f098c76	6	158612814	158878184	128	-0.0228
6f417a24-f868-4cd1-a60b-37df5f098c76	6	158890408	170596889	6149	-0.564
6f417a24-f868-4cd1-a60b-37df5f098c76	7	664936	826832	50	0.6026
6f417a24-f868-4cd1-a60b-37df5f098c76	7	831611	862813	20	-1.3469
6f417a24-f868-4cd1-a60b-37df5f098c76	7	865781	12285380	5073	0.5621
6f417a24-f868-4cd1-a60b-37df5f098c76	7	12285620	12723343	297	0.8027
6f417a24-f868-4cd1-a60b-37df5f098c76	7	12727657	19932816	4008	0.5748
6f417a24-f868-4cd1-a60b-37df5f098c76	7	19937068	40063407	13553	-0.0512
6f417a24-f868-4cd1-a60b-37df5f098c76	7	40065659	40094024	21	-0.6398
6f417a24-f868-4cd1-a60b-37df5f098c76	7	40100873	40120097	14	-0.2218
6f417a24-f868-4cd1-a60b-37df5f098c76	7	40120464	55650140	10138	-0.0618
6f417a24-f868-4cd1-a60b-37df5f098c76	7	55650249	63675854	417	-0.1512
6f417a24-f868-4cd1-a60b-37df5f098c76	7	63677725	63916039	24	0.479
6f417a24-f868-4cd1-a60b-37df5f098c76	7	63916855	63919204	2	-0.867
6f417a24-f868-4cd1-a60b-37df5f098c76	7	63921298	66938024	809	0.5132
6f417a24-f868-4cd1-a60b-37df5f098c76	7	66943020	67072636	40	0.2053
6f417a24-f868-4cd1-a60b-37df5f098c76	7	67075488	77169757	4139	0.5132
6f417a24-f868-4cd1-a60b-37df5f098c76	7	77170679	79636172	1684	0.5683
6f417a24-f868-4cd1-a60b-37df5f098c76	7	79636332	83802265	2616	0.6056
6f417a24-f868-4cd1-a60b-37df5f098c76	7	83803093	92851381	4112	0.5702
6f417a24-f868-4cd1-a60b-37df5f098c76	7	92851545	93636427	458	0.5448
6f417a24-f868-4cd1-a60b-37df5f098c76	7	93639556	93659246	9	-1.082
6f417a24-f868-4cd1-a60b-37df5f098c76	7	93669663	96952499	2048	0.5999
6f417a24-f868-4cd1-a60b-37df5f098c76	7	96953448	99826708	1294	0.544
6f417a24-f868-4cd1-a60b-37df5f098c76	7	99827128	99993270	87	0.6117
6f417a24-f868-4cd1-a60b-37df5f098c76	7	99993795	100149768	59	0.8097
6f417a24-f868-4cd1-a60b-37df5f098c76	7	100150146	100330784	43	0.6527
6f417a24-f868-4cd1-a60b-37df5f098c76	7	100340919	102867661	823	0.4943
6f417a24-f868-4cd1-a60b-37df5f098c76	7	102869567	103600270	345	0.576
6f417a24-f868-4cd1-a60b-37df5f098c76	7	103601018	105655175	1241	-0.0575
6f417a24-f868-4cd1-a60b-37df5f098c76	7	105655657	105659068	3	-1.8884
6f417a24-f868-4cd1-a60b-37df5f098c76	7	105659791	105941076	232	-0.059
6f417a24-f868-4cd1-a60b-37df5f098c76	7	105943593	106406285	343	0.0063
6f417a24-f868-4cd1-a60b-37df5f098c76	7	106408034	114742334	4149	-0.0786
6f417a24-f868-4cd1-a60b-37df5f098c76	7	114742803	117471577	1711	-0.0243
6f417a24-f868-4cd1-a60b-37df5f098c76	7	117472036	132841590	8322	-0.0725
6f417a24-f868-4cd1-a60b-37df5f098c76	7	132842315	132943799	44	-0.559
6f417a24-f868-4cd1-a60b-37df5f098c76	7	132949038	135222221	1385	-0.0299
6f417a24-f868-4cd1-a60b-37df5f098c76	7	135223482	141213910	3577	-0.0791
6f417a24-f868-4cd1-a60b-37df5f098c76	7	141216221	144851560	1466	-0.0515
6f417a24-f868-4cd1-a60b-37df5f098c76	7	144853509	148706407	2337	-0.1091
6f417a24-f868-4cd1-a60b-37df5f098c76	7	148707308	150310262	553	-0.0591
6f417a24-f868-4cd1-a60b-37df5f098c76	7	150311101	150311459	3	-1.1942
6f417a24-f868-4cd1-a60b-37df5f098c76	7	150315722	152259381	1083	-0.0706
6f417a24-f868-4cd1-a60b-37df5f098c76	7	152268649	152424360	60	-0.5282
6f417a24-f868-4cd1-a60b-37df5f098c76	7	152424876	154677266	911	-0.1081
6f417a24-f868-4cd1-a60b-37df5f098c76	7	154677436	157016740	1611	-0.0453
6f417a24-f868-4cd1-a60b-37df5f098c76	7	157016941	157701195	397	-0.1014
6f417a24-f868-4cd1-a60b-37df5f098c76	7	157705635	157706076	2	-0.9409
6f417a24-f868-4cd1-a60b-37df5f098c76	7	157712702	158592540	342	-0.1299
6f417a24-f868-4cd1-a60b-37df5f098c76	8	667625	3937803	1679	0.2654
6f417a24-f868-4cd1-a60b-37df5f098c76	8	3938010	14076068	4583	0.32
6f417a24-f868-4cd1-a60b-37df5f098c76	8	14076366	16495866	1804	0.2782
6f417a24-f868-4cd1-a60b-37df5f098c76	8	16496535	23044055	4898	0.3227
6f417a24-f868-4cd1-a60b-37df5f098c76	8	23051438	23105040	27	-0.7174
6f417a24-f868-4cd1-a60b-37df5f098c76	8	23111578	30260384	4888	0.3258
6f417a24-f868-4cd1-a60b-37df5f098c76	8	30260755	51463365	9622	0.2925
6f417a24-f868-4cd1-a60b-37df5f098c76	8	51465043	83033801	18542	0.3162
6f417a24-f868-4cd1-a60b-37df5f098c76	8	83034506	84128134	623	0.2436
6f417a24-f868-4cd1-a60b-37df5f098c76	8	84136834	87231509	1458	0.3175
6f417a24-f868-4cd1-a60b-37df5f098c76	8	87234730	89318526	1221	0.2731
6f417a24-f868-4cd1-a60b-37df5f098c76	8	89318572	94961182	3222	0.3187
6f417a24-f868-4cd1-a60b-37df5f098c76	8	94961376	94995684	18	-0.0242
6f417a24-f868-4cd1-a60b-37df5f098c76	8	94999884	102681525	4597	0.3328
6f417a24-f868-4cd1-a60b-37df5f098c76	8	102681593	102941205	142	0.6159
6f417a24-f868-4cd1-a60b-37df5f098c76	8	102942012	102948087	3	1.3885
6f417a24-f868-4cd1-a60b-37df5f098c76	8	102948482	103208212	206	0.6258
6f417a24-f868-4cd1-a60b-37df5f098c76	8	103209577	110949315	4085	0.3341
6f417a24-f868-4cd1-a60b-37df5f098c76	8	110949823	114665177	1865	0.2852
6f417a24-f868-4cd1-a60b-37df5f098c76	8	114667021	117995037	2013	0.3295
6f417a24-f868-4cd1-a60b-37df5f098c76	8	118000449	124610987	4437	0.2638
6f417a24-f868-4cd1-a60b-37df5f098c76	8	124615683	124616101	2	-0.8663
6f417a24-f868-4cd1-a60b-37df5f098c76	8	124616245	131456805	4832	0.2618
6f417a24-f868-4cd1-a60b-37df5f098c76	8	131457727	131508221	26	-0.41
6f417a24-f868-4cd1-a60b-37df5f098c76	8	131514910	134804143	2667	0.2689
6f417a24-f868-4cd1-a60b-37df5f098c76	8	134806349	139290277	3268	0.2109
6f417a24-f868-4cd1-a60b-37df5f098c76	8	139290814	139688714	374	0.2819
6f417a24-f868-4cd1-a60b-37df5f098c76	8	139690631	139776056	59	0.4584
6f417a24-f868-4cd1-a60b-37df5f098c76	8	139776576	144182542	1100	0.2345
6f417a24-f868-4cd1-a60b-37df5f098c76	9	789794	7138349	3751	0.3152
6f417a24-f868-4cd1-a60b-37df5f098c76	9	7138366	7209423	104	-0.0775
6f417a24-f868-4cd1-a60b-37df5f098c76	9	7244787	11143477	2422	0.2903
6f417a24-f868-4cd1-a60b-37df5f098c76	9	11143915	14413358	1476	0.3403
6f417a24-f868-4cd1-a60b-37df5f098c76	9	14413760	14634476	228	0.9702
6f417a24-f868-4cd1-a60b-37df5f098c76	9	14639462	21255700	5254	0.308
6f417a24-f868-4cd1-a60b-37df5f098c76	9	21280981	21303884	51	1.0111
6f417a24-f868-4cd1-a60b-37df5f098c76	9	21310589	22799684	919	0.3427
6f417a24-f868-4cd1-a60b-37df5f098c76	9	22801250	32329380	5480	0.2891
6f417a24-f868-4cd1-a60b-37df5f098c76	9	32330517	35659283	1895	0.3184
6f417a24-f868-4cd1-a60b-37df5f098c76	9	35662883	35685892	19	-0.0672
6f417a24-f868-4cd1-a60b-37df5f098c76	9	35687199	36396919	402	0.3187
6f417a24-f868-4cd1-a60b-37df5f098c76	9	36411462	36869726	274	0.9716
6f417a24-f868-4cd1-a60b-37df5f098c76	9	36872505	36955091	113	1.1732
6f417a24-f868-4cd1-a60b-37df5f098c76	9	36957636	37277834	187	0.5886
6f417a24-f868-4cd1-a60b-37df5f098c76	9	37281827	38747691	1032	0.2941
6f417a24-f868-4cd1-a60b-37df5f098c76	9	38752071	68807000	338	0.604
6f417a24-f868-4cd1-a60b-37df5f098c76	9	68807416	86085336	11987	-0.0306
6f417a24-f868-4cd1-a60b-37df5f098c76	9	86092202	86123088	24	-0.572
6f417a24-f868-4cd1-a60b-37df5f098c76	9	86127663	87333094	861	-0.0163
6f417a24-f868-4cd1-a60b-37df5f098c76	9	87333554	88645959	899	-0.062
6f417a24-f868-4cd1-a60b-37df5f098c76	9	88646079	92316840	2562	-0.0008
6f417a24-f868-4cd1-a60b-37df5f098c76	9	92598089	92629948	17	0.3916
6f417a24-f868-4cd1-a60b-37df5f098c76	9	92631808	102663187	6163	-0.0312
6f417a24-f868-4cd1-a60b-37df5f098c76	9	102664695	102715378	36	-0.5569
6f417a24-f868-4cd1-a60b-37df5f098c76	9	102716030	103444989	318	-0.0501
6f417a24-f868-4cd1-a60b-37df5f098c76	9	103445049	103445402	2	-1.53
6f417a24-f868-4cd1-a60b-37df5f098c76	9	103449759	108300235	3401	-0.0223
6f417a24-f868-4cd1-a60b-37df5f098c76	9	108300572	108324338	31	-0.5253
6f417a24-f868-4cd1-a60b-37df5f098c76	9	108327776	109711252	1105	-0.0195
6f417a24-f868-4cd1-a60b-37df5f098c76	9	109712787	109723280	10	0.2339
6f417a24-f868-4cd1-a60b-37df5f098c76	9	109725875	109790792	91	0.4182
6f417a24-f868-4cd1-a60b-37df5f098c76	9	109791205	110007352	172	0.2977
6f417a24-f868-4cd1-a60b-37df5f098c76	9	110009872	110011392	2	-0.6313
6f417a24-f868-4cd1-a60b-37df5f098c76	9	110017372	110937947	667	0.3472
6f417a24-f868-4cd1-a60b-37df5f098c76	9	110938021	111145821	150	-0.0396
6f417a24-f868-4cd1-a60b-37df5f098c76	9	111150369	111570854	294	-1.3552
6f417a24-f868-4cd1-a60b-37df5f098c76	9	111571024	117412207	3977	-0.0279
6f417a24-f868-4cd1-a60b-37df5f098c76	9	117412536	117591227	163	0.6288
6f417a24-f868-4cd1-a60b-37df5f098c76	9	117593855	118238364	463	0.0054
6f417a24-f868-4cd1-a60b-37df5f098c76	9	118238521	120885991	1963	-0.0628
6f417a24-f868-4cd1-a60b-37df5f098c76	9	120886020	121522803	414	-0.015
6f417a24-f868-4cd1-a60b-37df5f098c76	9	121524768	121525511	2	-1.1495
6f417a24-f868-4cd1-a60b-37df5f098c76	9	121525603	122959326	892	-0.0278
6f417a24-f868-4cd1-a60b-37df5f098c76	9	122964952	125724677	1587	0.324
6f417a24-f868-4cd1-a60b-37df5f098c76	9	125725177	125921016	99	-0.0268
6f417a24-f868-4cd1-a60b-37df5f098c76	9	125924391	127974598	1250	0.3356
6f417a24-f868-4cd1-a60b-37df5f098c76	9	127983190	128163308	113	-0.064
6f417a24-f868-4cd1-a60b-37df5f098c76	9	128164018	131801228	1999	0.2901
6f417a24-f868-4cd1-a60b-37df5f098c76	9	131801458	136462541	2431	0.3315
6f417a24-f868-4cd1-a60b-37df5f098c76	9	136465314	138044505	416	0.2834
6f417a24-f868-4cd1-a60b-37df5f098c76	10	366509	411141	29	-0.6658
6f417a24-f868-4cd1-a60b-37df5f098c76	10	411785	827770	139	0.2956
6f417a24-f868-4cd1-a60b-37df5f098c76	10	830389	3232564	1279	-0.0613
6f417a24-f868-4cd1-a60b-37df5f098c76	10	3232938	5582075	1940	0.0034
6f417a24-f868-4cd1-a60b-37df5f098c76	10	5582406	26929446	15420	-0.0441
6f417a24-f868-4cd1-a60b-37df5f098c76	10	26932482	26932613	3	-1.3612
6f417a24-f868-4cd1-a60b-37df5f098c76	10	26932703	27196972	141	-0.0316
6f417a24-f868-4cd1-a60b-37df5f098c76	10	27199805	27469397	74	-1.45
6f417a24-f868-4cd1-a60b-37df5f098c76	10	27470977	29707504	1668	-0.0217
6f417a24-f868-4cd1-a60b-37df5f098c76	10	29709633	29792207	72	-0.563
6f417a24-f868-4cd1-a60b-37df5f098c76	10	29797108	37798474	5134	-0.0399
6f417a24-f868-4cd1-a60b-37df5f098c76	10	37798978	38259275	253	-0.1429
6f417a24-f868-4cd1-a60b-37df5f098c76	10	38260684	38770869	104	-0.0498
6f417a24-f868-4cd1-a60b-37df5f098c76	10	38770921	44577935	1491	-0.5803
6f417a24-f868-4cd1-a60b-37df5f098c76	10	44582663	44583495	3	-1.9201
6f417a24-f868-4cd1-a60b-37df5f098c76	10	44584602	44872584	76	-0.547
6f417a24-f868-4cd1-a60b-37df5f098c76	10	44874619	44876329	4	-2.2837
6f417a24-f868-4cd1-a60b-37df5f098c76	10	44878509	55113507	4912	-0.5663
6f417a24-f868-4cd1-a60b-37df5f098c76	10	55116477	55116667	3	-2.3788
6f417a24-f868-4cd1-a60b-37df5f098c76	10	55119089	65876950	6526	-0.5513
6f417a24-f868-4cd1-a60b-37df5f098c76	10	65880644	69431141	1670	-0.0474
6f417a24-f868-4cd1-a60b-37df5f098c76	10	69431264	69911577	437	0.0471
6f417a24-f868-4cd1-a60b-37df5f098c76	10	69913123	70381251	336	-0.0328
6f417a24-f868-4cd1-a60b-37df5f098c76	10	70384666	70391654	2	-1.179
6f417a24-f868-4cd1-a60b-37df5f098c76	10	70394190	72324734	1246	-0.0275
6f417a24-f868-4cd1-a60b-37df5f098c76	10	72336126	74225042	753	-0.5382
6f417a24-f868-4cd1-a60b-37df5f098c76	10	74231883	74527866	142	-3.5564
6f417a24-f868-4cd1-a60b-37df5f098c76	10	74528427	76051988	868	-0.5678
6f417a24-f868-4cd1-a60b-37df5f098c76	10	76054810	76314221	219	-0.0816
6f417a24-f868-4cd1-a60b-37df5f098c76	10	76319535	87839597	7489	-0.5658
6f417a24-f868-4cd1-a60b-37df5f098c76	10	87842502	87966496	191	-0.3294
6f417a24-f868-4cd1-a60b-37df5f098c76	10	87966647	91010388	2051	-0.5236
6f417a24-f868-4cd1-a60b-37df5f098c76	10	91012611	91012765	2	-2.4203
6f417a24-f868-4cd1-a60b-37df5f098c76	10	91013492	102786426	6558	-0.547
6f417a24-f868-4cd1-a60b-37df5f098c76	10	102786868	102874626	53	0.2842
6f417a24-f868-4cd1-a60b-37df5f098c76	10	102876898	103138673	140	-0.0734
6f417a24-f868-4cd1-a60b-37df5f098c76	10	103140674	103323210	72	0.2719
6f417a24-f868-4cd1-a60b-37df5f098c76	10	103326536	109909374	4274	-0.5771
6f417a24-f868-4cd1-a60b-37df5f098c76	10	109909481	121779799	8485	-0.5473
6f417a24-f868-4cd1-a60b-37df5f098c76	10	121779846	129494642	5553	-0.5849
6f417a24-f868-4cd1-a60b-37df5f098c76	10	129494761	129600319	73	-5.0194
6f417a24-f868-4cd1-a60b-37df5f098c76	10	129602823	133411599	1296	-0.6145
6f417a24-f868-4cd1-a60b-37df5f098c76	11	456012	2860483	748	-0.096
6f417a24-f868-4cd1-a60b-37df5f098c76	11	2871282	3386299	246	-0.6354
6f417a24-f868-4cd1-a60b-37df5f098c76	11	3417166	3805057	116	0.2569
6f417a24-f868-4cd1-a60b-37df5f098c76	11	3810408	7284864	2279	-0.0671
6f417a24-f868-4cd1-a60b-37df5f098c76	11	7290447	7290999	3	-1.2545
6f417a24-f868-4cd1-a60b-37df5f098c76	11	7292192	7470248	188	-0.0419
6f417a24-f868-4cd1-a60b-37df5f098c76	11	7478928	7604300	91	-0.675
6f417a24-f868-4cd1-a60b-37df5f098c76	11	7608159	9210515	1081	-0.0445
6f417a24-f868-4cd1-a60b-37df5f098c76	11	9211043	12457051	2448	-0.5841
6f417a24-f868-4cd1-a60b-37df5f098c76	11	12457520	12458395	2	-2.2784
6f417a24-f868-4cd1-a60b-37df5f098c76	11	12459450	12760112	195	-0.5778
6f417a24-f868-4cd1-a60b-37df5f098c76	11	12762133	16687803	2583	0.3273
6f417a24-f868-4cd1-a60b-37df5f098c76	11	16695868	17214323	371	0.248
6f417a24-f868-4cd1-a60b-37df5f098c76	11	17219414	18320534	757	-0.6006
6f417a24-f868-4cd1-a60b-37df5f098c76	11	18332330	18536639	97	-0.0601
6f417a24-f868-4cd1-a60b-37df5f098c76	11	18539992	20511971	1611	0.3288
6f417a24-f868-4cd1-a60b-37df5f098c76	11	20512173	20931117	378	0.2416
6f417a24-f868-4cd1-a60b-37df5f098c76	11	20933535	24485280	2374	0.3098
6f417a24-f868-4cd1-a60b-37df5f098c76	11	24488375	24699845	156	0.5581
6f417a24-f868-4cd1-a60b-37df5f098c76	11	24702752	28010561	2153	0.2998
6f417a24-f868-4cd1-a60b-37df5f098c76	11	28010642	28045696	14	0.8657
6f417a24-f868-4cd1-a60b-37df5f098c76	11	28048017	30354497	1296	0.2585
6f417a24-f868-4cd1-a60b-37df5f098c76	11	30356009	30731153	276	0.3518
6f417a24-f868-4cd1-a60b-37df5f098c76	11	30736617	31688108	525	0.2712
6f417a24-f868-4cd1-a60b-37df5f098c76	11	31697278	36856190	3668	0.3193
6f417a24-f868-4cd1-a60b-37df5f098c76	11	36856238	43512873	3820	0.2668
6f417a24-f868-4cd1-a60b-37df5f098c76	11	43513267	45759034	1612	0.33
6f417a24-f868-4cd1-a60b-37df5f098c76	11	45759637	73160026	9273	0.2896
6f417a24-f868-4cd1-a60b-37df5f098c76	11	73161343	77661120	2426	0.3359
6f417a24-f868-4cd1-a60b-37df5f098c76	11	77665202	78813200	661	0.7956
6f417a24-f868-4cd1-a60b-37df5f098c76	11	78819597	79151247	301	0.3447
6f417a24-f868-4cd1-a60b-37df5f098c76	11	79154617	79305234	116	-0.0049
6f417a24-f868-4cd1-a60b-37df5f098c76	11	79305254	79305269	2	-1.5438
6f417a24-f868-4cd1-a60b-37df5f098c76	11	79305315	79447518	143	-0.0223
6f417a24-f868-4cd1-a60b-37df5f098c76	11	79450896	94492120	8959	0.3153
6f417a24-f868-4cd1-a60b-37df5f098c76	11	94493786	94783893	241	-0.5279
6f417a24-f868-4cd1-a60b-37df5f098c76	11	94786703	96392871	1197	0.3799
6f417a24-f868-4cd1-a60b-37df5f098c76	11	96394884	101890228	3851	0.2925
6f417a24-f868-4cd1-a60b-37df5f098c76	11	101890654	106364284	2448	0.3375
6f417a24-f868-4cd1-a60b-37df5f098c76	11	106367355	120433732	9272	-0.0259
6f417a24-f868-4cd1-a60b-37df5f098c76	11	120435828	120760080	248	-1.4953
6f417a24-f868-4cd1-a60b-37df5f098c76	11	120764679	121664834	687	0.0202
6f417a24-f868-4cd1-a60b-37df5f098c76	11	121665302	128032805	4546	-0.0368
6f417a24-f868-4cd1-a60b-37df5f098c76	11	128033807	131152686	2163	-0.0054
6f417a24-f868-4cd1-a60b-37df5f098c76	11	131154061	134272740	1978	-0.0622
6f417a24-f868-4cd1-a60b-37df5f098c76	12	780472	9253486	4756	0.3135
6f417a24-f868-4cd1-a60b-37df5f098c76	12	9590931	9791314	145	-0.5121
6f417a24-f868-4cd1-a60b-37df5f098c76	12	9799676	16589780	4178	0.3335
6f417a24-f868-4cd1-a60b-37df5f098c76	12	16590231	25251827	5357	0.3036
6f417a24-f868-4cd1-a60b-37df5f098c76	12	25257141	28121857	1942	0.3446
6f417a24-f868-4cd1-a60b-37df5f098c76	12	28135114	44526524	6457	0.3027
6f417a24-f868-4cd1-a60b-37df5f098c76	12	44527568	45711181	715	0.335
6f417a24-f868-4cd1-a60b-37df5f098c76	12	45716258	45959782	106	-0.4952
6f417a24-f868-4cd1-a60b-37df5f098c76	12	45967342	48391706	1429	0.3341
6f417a24-f868-4cd1-a60b-37df5f098c76	12	48395194	50818961	1089	0.2733
6f417a24-f868-4cd1-a60b-37df5f098c76	12	50819634	52513811	887	0.3167
6f417a24-f868-4cd1-a60b-37df5f098c76	12	52513839	52784020	284	0.4128
6f417a24-f868-4cd1-a60b-37df5f098c76	12	52784154	53834639	500	0.2952
6f417a24-f868-4cd1-a60b-37df5f098c76	12	53837243	55467575	906	0.0977
6f417a24-f868-4cd1-a60b-37df5f098c76	12	55467618	61995807	3729	0.0519
6f417a24-f868-4cd1-a60b-37df5f098c76	12	61997908	76288877	8817	0.0924
6f417a24-f868-4cd1-a60b-37df5f098c76	12	76291578	76309335	10	-0.4232
6f417a24-f868-4cd1-a60b-37df5f098c76	12	76311206	80536685	2683	0.0912
6f417a24-f868-4cd1-a60b-37df5f098c76	12	80543279	80645465	67	-0.2931
6f417a24-f868-4cd1-a60b-37df5f098c76	12	80649533	81439601	535	0.1057
6f417a24-f868-4cd1-a60b-37df5f098c76	12	81442825	85029965	2119	0.0525
6f417a24-f868-4cd1-a60b-37df5f098c76	12	85030997	95084860	6047	0.102
6f417a24-f868-4cd1-a60b-37df5f098c76	12	95088105	95300830	121	-0.347
6f417a24-f868-4cd1-a60b-37df5f098c76	12	95306153	97036758	1121	0.0817
6f417a24-f868-4cd1-a60b-37df5f098c76	12	97039836	97672233	594	0.6492
6f417a24-f868-4cd1-a60b-37df5f098c76	12	97680240	127601133	18145	0.0657
6f417a24-f868-4cd1-a60b-37df5f098c76	12	127607712	132605822	1639	-0.024
6f417a24-f868-4cd1-a60b-37df5f098c76	13	18874255	21415858	1012	0.3006
6f417a24-f868-4cd1-a60b-37df5f098c76	13	21416328	21486986	33	-0.1282
6f417a24-f868-4cd1-a60b-37df5f098c76	13	21489947	31982427	6927	0.3204
6f417a24-f868-4cd1-a60b-37df5f098c76	13	31989157	32089180	64	-0.0543
6f417a24-f868-4cd1-a60b-37df5f098c76	13	32090030	32175075	69	0.3536
6f417a24-f868-4cd1-a60b-37df5f098c76	13	32176434	32196102	12	0.7649
6f417a24-f868-4cd1-a60b-37df5f098c76	13	32196461	38646033	4354	0.3315
6f417a24-f868-4cd1-a60b-37df5f098c76	13	38649094	45913393	4638	-0.5267
6f417a24-f868-4cd1-a60b-37df5f098c76	13	45913515	45990474	52	0.0377
6f417a24-f868-4cd1-a60b-37df5f098c76	13	45993740	48414829	1688	-0.5378
6f417a24-f868-4cd1-a60b-37df5f098c76	13	48418674	48424031	10	-1.8175
6f417a24-f868-4cd1-a60b-37df5f098c76	13	48424347	48486702	58	-2.7333
6f417a24-f868-4cd1-a60b-37df5f098c76	13	48488854	48861288	275	-4.3001
6f417a24-f868-4cd1-a60b-37df5f098c76	13	48861368	48929124	62	-5.9112
6f417a24-f868-4cd1-a60b-37df5f098c76	13	48929314	49295587	142	-3.1866
6f417a24-f868-4cd1-a60b-37df5f098c76	13	49295601	51198711	392	-4.3458
6f417a24-f868-4cd1-a60b-37df5f098c76	13	51201297	52483236	595	-0.521
6f417a24-f868-4cd1-a60b-37df5f098c76	13	52599178	52704309	47	0.0241
6f417a24-f868-4cd1-a60b-37df5f098c76	13	52708927	85549711	18238	-0.5411
6f417a24-f868-4cd1-a60b-37df5f098c76	13	85554231	85775210	165	0.0205
6f417a24-f868-4cd1-a60b-37df5f098c76	13	85782530	92277193	3705	-0.5557
6f417a24-f868-4cd1-a60b-37df5f098c76	13	92282956	93457945	805	0.3288
6f417a24-f868-4cd1-a60b-37df5f098c76	13	93459496	93523568	59	0.5648
6f417a24-f868-4cd1-a60b-37df5f098c76	13	93523587	94512309	710	0.3485
6f417a24-f868-4cd1-a60b-37df5f098c76	13	94516982	97241598	1573	-0.5611
6f417a24-f868-4cd1-a60b-37df5f098c76	13	97242927	97383438	115	-4.8147
6f417a24-f868-4cd1-a60b-37df5f098c76	13	97383740	98212741	524	-0.56
6f417a24-f868-4cd1-a60b-37df5f098c76	13	98213885	98710897	404	0.347
6f417a24-f868-4cd1-a60b-37df5f098c76	13	98714894	99061782	251	0.0129
6f417a24-f868-4cd1-a60b-37df5f098c76	13	99066818	114226675	9960	0.3401
6f417a24-f868-4cd1-a60b-37df5f098c76	14	20033191	25604934	2512	0.3315
6f417a24-f868-4cd1-a60b-37df5f098c76	14	25605343	29496518	2131	0.2952
6f417a24-f868-4cd1-a60b-37df5f098c76	14	29496927	34500200	3342	0.3342
6f417a24-f868-4cd1-a60b-37df5f098c76	14	34500227	34591792	32	0.0516
6f417a24-f868-4cd1-a60b-37df5f098c76	14	34594055	44529085	4887	0.3177
6f417a24-f868-4cd1-a60b-37df5f098c76	14	44529146	46102428	469	0.2387
6f417a24-f868-4cd1-a60b-37df5f098c76	14	46102681	50263663	2233	0.2978
6f417a24-f868-4cd1-a60b-37df5f098c76	14	50265410	52522617	1612	0.3743
6f417a24-f868-4cd1-a60b-37df5f098c76	14	52525827	53382784	481	0.3145
6f417a24-f868-4cd1-a60b-37df5f098c76	14	53385585	60831063	4783	-0.0146
6f417a24-f868-4cd1-a60b-37df5f098c76	14	60839783	61968619	696	0.6324
6f417a24-f868-4cd1-a60b-37df5f098c76	14	61972673	67867869	3460	-0.0294
6f417a24-f868-4cd1-a60b-37df5f098c76	14	67874726	68307402	171	-1.3623
6f417a24-f868-4cd1-a60b-37df5f098c76	14	68307554	68307614	2	-6.9221
6f417a24-f868-4cd1-a60b-37df5f098c76	14	68308050	68452894	109	-1.4898
6f417a24-f868-4cd1-a60b-37df5f098c76	14	68454969	77229837	5451	-0.0171
6f417a24-f868-4cd1-a60b-37df5f098c76	14	77230281	87536395	6767	-0.0444
6f417a24-f868-4cd1-a60b-37df5f098c76	14	87536888	91351681	2172	-0.0167
6f417a24-f868-4cd1-a60b-37df5f098c76	14	91354028	91454533	68	-0.6208
6f417a24-f868-4cd1-a60b-37df5f098c76	14	91462564	91468989	7	0.2056
6f417a24-f868-4cd1-a60b-37df5f098c76	14	91470865	101392523	6832	-0.0184
6f417a24-f868-4cd1-a60b-37df5f098c76	14	101394605	102083502	302	0.2361
6f417a24-f868-4cd1-a60b-37df5f098c76	14	102090406	102708715	262	-0.7827
6f417a24-f868-4cd1-a60b-37df5f098c76	14	102711307	103626452	463	0.2315
6f417a24-f868-4cd1-a60b-37df5f098c76	14	103627184	103647145	17	-0.2342
6f417a24-f868-4cd1-a60b-37df5f098c76	14	103651877	105533894	546	0.2036
6f417a24-f868-4cd1-a60b-37df5f098c76	15	23437561	28250353	2728	-0.0569
6f417a24-f868-4cd1-a60b-37df5f098c76	15	28300781	38918120	4862	-0.0203
6f417a24-f868-4cd1-a60b-37df5f098c76	15	38920334	39891702	729	-1.4632
6f417a24-f868-4cd1-a60b-37df5f098c76	15	39899109	39900717	2	-6.7696
6f417a24-f868-4cd1-a60b-37df5f098c76	15	39904699	40198510	150	-1.4378
6f417a24-f868-4cd1-a60b-37df5f098c76	15	40200491	44064265	1745	-0.0299
6f417a24-f868-4cd1-a60b-37df5f098c76	15	44068118	44279409	88	0.5959
6f417a24-f868-4cd1-a60b-37df5f098c76	15	44287656	57572301	7969	-0.0285
6f417a24-f868-4cd1-a60b-37df5f098c76	15	57572614	59562573	1440	0.0156
6f417a24-f868-4cd1-a60b-37df5f098c76	15	59563207	60372413	598	-0.0148
6f417a24-f868-4cd1-a60b-37df5f098c76	15	60374487	60525887	85	-0.6029
6f417a24-f868-4cd1-a60b-37df5f098c76	15	60528610	73250416	8126	-0.0163
6f417a24-f868-4cd1-a60b-37df5f098c76	15	73251918	73738299	237	0.5784
6f417a24-f868-4cd1-a60b-37df5f098c76	15	73744301	100792805	15664	-0.0278
6f417a24-f868-4cd1-a60b-37df5f098c76	15	100816310	101344124	360	0.3346
6f417a24-f868-4cd1-a60b-37df5f098c76	16	603333	1184871	104	-0.0871
6f417a24-f868-4cd1-a60b-37df5f098c76	16	1184989	1223803	4	-0.8897
6f417a24-f868-4cd1-a60b-37df5f098c76	16	1238529	3723952	835	-0.0604
6f417a24-f868-4cd1-a60b-37df5f098c76	16	3726364	3783115	35	-1.4725
6f417a24-f868-4cd1-a60b-37df5f098c76	16	3787401	4858475	565	-0.045
6f417a24-f868-4cd1-a60b-37df5f098c76	16	4858503	8451211	2165	-0.1086
6f417a24-f868-4cd1-a60b-37df5f098c76	16	8451327	18798018	4541	-0.054
6f417a24-f868-4cd1-a60b-37df5f098c76	16	18809869	18848755	30	-1.3212
6f417a24-f868-4cd1-a60b-37df5f098c76	16	18851311	24388597	2403	-0.0309
6f417a24-f868-4cd1-a60b-37df5f098c76	16	24388762	24393837	2	-1.3388
6f417a24-f868-4cd1-a60b-37df5f098c76	16	24395159	31841585	3355	-0.0717
6f417a24-f868-4cd1-a60b-37df5f098c76	16	46470502	71811991	15338	-0.5662
6f417a24-f868-4cd1-a60b-37df5f098c76	16	71813381	72317667	264	-0.0636
6f417a24-f868-4cd1-a60b-37df5f098c76	16	72319090	73140424	402	-0.5346
6f417a24-f868-4cd1-a60b-37df5f098c76	16	73145855	73399549	192	0.3182
6f417a24-f868-4cd1-a60b-37df5f098c76	16	73400260	78659299	3807	-0.5798
6f417a24-f868-4cd1-a60b-37df5f098c76	16	78659771	78706783	63	-2.1057
6f417a24-f868-4cd1-a60b-37df5f098c76	16	78714855	78927286	35	-0.7127
6f417a24-f868-4cd1-a60b-37df5f098c76	16	78927310	81120843	2031	-0.5492
6f417a24-f868-4cd1-a60b-37df5f098c76	16	81121501	89317317	4982	-0.6189
6f417a24-f868-4cd1-a60b-37df5f098c76	17	1074619	1278022	26	0.3114
6f417a24-f868-4cd1-a60b-37df5f098c76	17	1278872	1424421	69	0.7476
6f417a24-f868-4cd1-a60b-37df5f098c76	17	1426418	11966173	5895	0.3098
6f417a24-f868-4cd1-a60b-37df5f098c76	17	11978954	12117171	71	-0.0549
6f417a24-f868-4cd1-a60b-37df5f098c76	17	12117967	29361836	4802	0.3062
6f417a24-f868-4cd1-a60b-37df5f098c76	17	29368383	32983016	1591	-0.0342
6f417a24-f868-4cd1-a60b-37df5f098c76	17	32984659	40061318	3085	0.326
6f417a24-f868-4cd1-a60b-37df5f098c76	17	40064299	40200563	47	-0.5539
6f417a24-f868-4cd1-a60b-37df5f098c76	17	40212548	40222558	6	0.2861
6f417a24-f868-4cd1-a60b-37df5f098c76	17	40231788	40237596	5	-0.4201
6f417a24-f868-4cd1-a60b-37df5f098c76	17	40241375	41632460	746	0.3665
6f417a24-f868-4cd1-a60b-37df5f098c76	17	41632949	44892360	1460	0.2961
6f417a24-f868-4cd1-a60b-37df5f098c76	17	44895089	52169778	3049	0.3359
6f417a24-f868-4cd1-a60b-37df5f098c76	17	52173672	54827187	1431	0.2974
6f417a24-f868-4cd1-a60b-37df5f098c76	17	54829042	57096744	1752	0.3463
6f417a24-f868-4cd1-a60b-37df5f098c76	17	57100840	61493692	2334	0.0172
6f417a24-f868-4cd1-a60b-37df5f098c76	17	61497237	61544141	23	0.401
6f417a24-f868-4cd1-a60b-37df5f098c76	17	61550516	70556323	4937	0.0401
6f417a24-f868-4cd1-a60b-37df5f098c76	17	70558872	70595291	27	-0.4059
6f417a24-f868-4cd1-a60b-37df5f098c76	17	70595500	77177434	3606	0.0266
6f417a24-f868-4cd1-a60b-37df5f098c76	17	77178214	77178654	2	-1.577
6f417a24-f868-4cd1-a60b-37df5f098c76	17	77179175	77375892	98	0.015
6f417a24-f868-4cd1-a60b-37df5f098c76	17	77376044	77445051	44	-0.618
6f417a24-f868-4cd1-a60b-37df5f098c76	17	77446115	81546926	1729	0.0324
6f417a24-f868-4cd1-a60b-37df5f098c76	17	81564500	81709280	65	-0.5615
6f417a24-f868-4cd1-a60b-37df5f098c76	17	81715021	82959812	400	0.0125
6f417a24-f868-4cd1-a60b-37df5f098c76	18	326691	1009952	138	-0.0792
6f417a24-f868-4cd1-a60b-37df5f098c76	18	1011013	1018355	14	-0.5682
6f417a24-f868-4cd1-a60b-37df5f098c76	18	1020819	1272128	116	-0.1018
6f417a24-f868-4cd1-a60b-37df5f098c76	18	1273795	7516846	3489	0.3152
6f417a24-f868-4cd1-a60b-37df5f098c76	18	7524277	8238338	462	-0.0529
6f417a24-f868-4cd1-a60b-37df5f098c76	18	8238415	31046346	9995	0.3178
6f417a24-f868-4cd1-a60b-37df5f098c76	18	31046653	31131920	47	0.9028
6f417a24-f868-4cd1-a60b-37df5f098c76	18	31134409	37124563	3725	0.3177
6f417a24-f868-4cd1-a60b-37df5f098c76	18	37125104	37199205	33	0.0406
6f417a24-f868-4cd1-a60b-37df5f098c76	18	37199969	45886269	5317	0.3079
6f417a24-f868-4cd1-a60b-37df5f098c76	18	45889676	45986287	46	-0.0085
6f417a24-f868-4cd1-a60b-37df5f098c76	18	45988627	50522271	3018	0.3308
6f417a24-f868-4cd1-a60b-37df5f098c76	18	50523851	50554768	17	-0.0718
6f417a24-f868-4cd1-a60b-37df5f098c76	18	50554982	60108452	6345	0.313
6f417a24-f868-4cd1-a60b-37df5f098c76	18	60109203	60161131	26	-0.5117
6f417a24-f868-4cd1-a60b-37df5f098c76	18	60162574	70137388	5715	0.3206
6f417a24-f868-4cd1-a60b-37df5f098c76	18	70137437	70272446	74	0.6001
6f417a24-f868-4cd1-a60b-37df5f098c76	18	70274230	70278459	4	0.1559
6f417a24-f868-4cd1-a60b-37df5f098c76	18	70280875	70360759	45	0.6281
6f417a24-f868-4cd1-a60b-37df5f098c76	18	70361364	79140411	4258	0.3049
6f417a24-f868-4cd1-a60b-37df5f098c76	18	79142482	79242734	46	-0.076
6f417a24-f868-4cd1-a60b-37df5f098c76	18	79243733	79349796	55	0.336
6f417a24-f868-4cd1-a60b-37df5f098c76	19	283868	1563473	260	-0.091
6f417a24-f868-4cd1-a60b-37df5f098c76	19	1580190	11724864	3831	0.5179
6f417a24-f868-4cd1-a60b-37df5f098c76	19	11726877	12098464	145	-0.0717
6f417a24-f868-4cd1-a60b-37df5f098c76	19	12099115	12137492	30	-1.4476
6f417a24-f868-4cd1-a60b-37df5f098c76	19	12141284	13772285	710	-0.0793
6f417a24-f868-4cd1-a60b-37df5f098c76	19	13777533	13864563	26	-0.5586
6f417a24-f868-4cd1-a60b-37df5f098c76	19	13877018	15246946	688	-0.0751
6f417a24-f868-4cd1-a60b-37df5f098c76	19	15250628	15354347	65	-0.5541
6f417a24-f868-4cd1-a60b-37df5f098c76	19	15354668	18912444	1583	-0.0664
6f417a24-f868-4cd1-a60b-37df5f098c76	19	18913044	19097670	85	-1.2967
6f417a24-f868-4cd1-a60b-37df5f098c76	19	19099202	19538939	196	-0.094
6f417a24-f868-4cd1-a60b-37df5f098c76	19	19546334	19623730	42	-0.4176
6f417a24-f868-4cd1-a60b-37df5f098c76	19	19629492	23786836	1323	-0.0988
6f417a24-f868-4cd1-a60b-37df5f098c76	19	23787938	29581549	1534	-0.021
6f417a24-f868-4cd1-a60b-37df5f098c76	19	29590781	32110647	1798	-0.5946
6f417a24-f868-4cd1-a60b-37df5f098c76	19	32112637	36430496	2531	0.9603
6f417a24-f868-4cd1-a60b-37df5f098c76	19	36440854	48889473	5420	-0.5681
6f417a24-f868-4cd1-a60b-37df5f098c76	19	48927291	58370362	3872	0.5109
6f417a24-f868-4cd1-a60b-37df5f098c76	20	472817	3699646	2099	-0.0919
6f417a24-f868-4cd1-a60b-37df5f098c76	20	3701725	3703375	2	-1.2546
6f417a24-f868-4cd1-a60b-37df5f098c76	20	3704937	15598508	7322	-0.0811
6f417a24-f868-4cd1-a60b-37df5f098c76	20	15598659	15765683	171	0.2839
6f417a24-f868-4cd1-a60b-37df5f098c76	20	15785909	16265091	489	0.9481
6f417a24-f868-4cd1-a60b-37df5f098c76	20	16269101	63588502	27492	0.2995
6f417a24-f868-4cd1-a60b-37df5f098c76	21	13974127	15835762	1142	-0.5393
6f417a24-f868-4cd1-a60b-37df5f098c76	21	15839803	15840069	2	-1.9904
6f417a24-f868-4cd1-a60b-37df5f098c76	21	15840520	19155297	2101	-0.5601
6f417a24-f868-4cd1-a60b-37df5f098c76	21	19156543	19192466	20	-4.8688
6f417a24-f868-4cd1-a60b-37df5f098c76	21	19194438	25952974	4133	-0.5785
6f417a24-f868-4cd1-a60b-37df5f098c76	21	25953491	26099771	118	-1.456
6f417a24-f868-4cd1-a60b-37df5f098c76	21	26104770	39142311	8949	-0.556
6f417a24-f868-4cd1-a60b-37df5f098c76	21	39142853	39203747	36	-1.2833
6f417a24-f868-4cd1-a60b-37df5f098c76	21	39206620	46262057	4050	-0.609
6f417a24-f868-4cd1-a60b-37df5f098c76	22	16934932	28832142	4380	0.2992
6f417a24-f868-4cd1-a60b-37df5f098c76	22	28832957	28931919	71	0.5769
6f417a24-f868-4cd1-a60b-37df5f098c76	22	28932295	29036598	79	0.3017
6f417a24-f868-4cd1-a60b-37df5f098c76	22	29040557	29339044	176	0.564
6f417a24-f868-4cd1-a60b-37df5f098c76	22	29347705	29359836	13	-0.0505
6f417a24-f868-4cd1-a60b-37df5f098c76	22	29359899	29487415	86	-0.1277
6f417a24-f868-4cd1-a60b-37df5f098c76	22	29493157	29865230	201	-0.6031
6f417a24-f868-4cd1-a60b-37df5f098c76	22	29874278	30756801	486	0.3187
6f417a24-f868-4cd1-a60b-37df5f098c76	22	30759745	30957839	128	-0.502
6f417a24-f868-4cd1-a60b-37df5f098c76	22	30959848	32162823	591	0.2891
6f417a24-f868-4cd1-a60b-37df5f098c76	22	32163308	32989945	697	0.3559
6f417a24-f868-4cd1-a60b-37df5f098c76	22	32995613	33098736	60	0.2474
6f417a24-f868-4cd1-a60b-37df5f098c76	22	33107588	33108122	2	-0.5563
6f417a24-f868-4cd1-a60b-37df5f098c76	22	33108475	33934784	803	0.2842
6f417a24-f868-4cd1-a60b-37df5f098c76	22	33937651	34301029	301	0.5729
6f417a24-f868-4cd1-a60b-37df5f098c76	22	34302373	39851639	3107	0.3072
6f417a24-f868-4cd1-a60b-37df5f098c76	22	39852969	41110666	563	-0.5939
6f417a24-f868-4cd1-a60b-37df5f098c76	22	41117919	45079559	2542	0.2952
6f417a24-f868-4cd1-a60b-37df5f098c76	22	45080566	46029766	579	0.8182
6f417a24-f868-4cd1-a60b-37df5f098c76	22	46032759	46708491	407	0.3102
6f417a24-f868-4cd1-a60b-37df5f098c76	22	46708802	46936794	185	0.5567
6f417a24-f868-4cd1-a60b-37df5f098c76	22	46942205	48940621	1637	0.2788
6f417a24-f868-4cd1-a60b-37df5f098c76	X	3236359	24134093	8857	0.3937
6f417a24-f868-4cd1-a60b-37df5f098c76	X	24141698	24263888	95	1.2639
6f417a24-f868-4cd1-a60b-37df5f098c76	X	24271780	41573938	8435	0.3749
6f417a24-f868-4cd1-a60b-37df5f098c76	X	41577398	97845360	19879	-0.1674
6f417a24-f868-4cd1-a60b-37df5f098c76	X	97847626	97847653	2	-2.4988
6f417a24-f868-4cd1-a60b-37df5f098c76	X	97848076	108283279	4791	-0.1528
6f417a24-f868-4cd1-a60b-37df5f098c76	X	108290503	108629558	154	-3.5026
6f417a24-f868-4cd1-a60b-37df5f098c76	X	108776549	112293714	1876	-0.144
6f417a24-f868-4cd1-a60b-37df5f098c76	X	112293726	112294695	2	1.9089
6f417a24-f868-4cd1-a60b-37df5f098c76	X	112294698	117717166	2407	-0.183
6f417a24-f868-4cd1-a60b-37df5f098c76	X	117717732	117717859	2	1.3363
6f417a24-f868-4cd1-a60b-37df5f098c76	X	117718116	120469481	1513	-0.1544
6f417a24-f868-4cd1-a60b-37df5f098c76	X	120473291	120853912	228	0.3589
6f417a24-f868-4cd1-a60b-37df5f098c76	X	120860955	124199658	1646	-0.1549
6f417a24-f868-4cd1-a60b-37df5f098c76	X	124202132	124474442	168	0.386
6f417a24-f868-4cd1-a60b-37df5f098c76	X	124474544	124475844	2	1.9632
6f417a24-f868-4cd1-a60b-37df5f098c76	X	124477066	124794756	215	0.3845
6f417a24-f868-4cd1-a60b-37df5f098c76	X	124802015	130672366	2715	-0.1628
6f417a24-f868-4cd1-a60b-37df5f098c76	X	130680823	131839353	273	0.761
6f417a24-f868-4cd1-a60b-37df5f098c76	X	131845588	155677414	10637	-0.1467
