GDC_Aliquot	Chromosome	Start	End	Num_Probes	Segment_Mean
716de860-5313-47d4-b394-9d7fa9db14ba	1	3301765	13863833	5640	-0.1431
716de860-5313-47d4-b394-9d7fa9db14ba	1	13865259	22660245	5202	-0.1013
716de860-5313-47d4-b394-9d7fa9db14ba	1	22663205	22663252	2	-2.1129
716de860-5313-47d4-b394-9d7fa9db14ba	1	22663566	29289416	2942	-0.1359
716de860-5313-47d4-b394-9d7fa9db14ba	1	29292266	31148580	1210	-0.0963
716de860-5313-47d4-b394-9d7fa9db14ba	1	31150820	31152499	2	-1.3183
716de860-5313-47d4-b394-9d7fa9db14ba	1	31152542	53428657	11710	-0.0994
716de860-5313-47d4-b394-9d7fa9db14ba	1	53431822	55394888	1264	-0.1237
716de860-5313-47d4-b394-9d7fa9db14ba	1	55395038	61666097	4722	-0.0673
716de860-5313-47d4-b394-9d7fa9db14ba	1	61666135	72916142	7204	-0.0956
716de860-5313-47d4-b394-9d7fa9db14ba	1	72918723	76273739	1954	0.0577
716de860-5313-47d4-b394-9d7fa9db14ba	1	76273782	82825051	3866	-0.0755
716de860-5313-47d4-b394-9d7fa9db14ba	1	82825718	85784174	1923	-0.053
716de860-5313-47d4-b394-9d7fa9db14ba	1	85784211	85784228	2	-0.9702
716de860-5313-47d4-b394-9d7fa9db14ba	1	85785989	87888740	1397	-0.0584
716de860-5313-47d4-b394-9d7fa9db14ba	1	87890062	88095878	148	-0.0019
716de860-5313-47d4-b394-9d7fa9db14ba	1	88096046	88123755	13	0.2678
716de860-5313-47d4-b394-9d7fa9db14ba	1	88125423	88479211	227	-0.0027
716de860-5313-47d4-b394-9d7fa9db14ba	1	88481098	90727492	1380	-0.0539
716de860-5313-47d4-b394-9d7fa9db14ba	1	90729395	93156577	1317	-0.092
716de860-5313-47d4-b394-9d7fa9db14ba	1	93161427	94449280	766	0.2
716de860-5313-47d4-b394-9d7fa9db14ba	1	94450158	103316820	5459	-0.0782
716de860-5313-47d4-b394-9d7fa9db14ba	1	103318294	106155449	1203	-0.1193
716de860-5313-47d4-b394-9d7fa9db14ba	1	106155476	111702965	3333	-0.0692
716de860-5313-47d4-b394-9d7fa9db14ba	1	111705665	112349545	558	0.3036
716de860-5313-47d4-b394-9d7fa9db14ba	1	112351195	115749555	2041	0.2401
716de860-5313-47d4-b394-9d7fa9db14ba	1	115749848	119984772	2641	0.301
716de860-5313-47d4-b394-9d7fa9db14ba	1	146716041	150880582	345	0.5417
716de860-5313-47d4-b394-9d7fa9db14ba	1	150883915	152046138	543	0.1964
716de860-5313-47d4-b394-9d7fa9db14ba	1	152053260	153462879	839	0.2806
716de860-5313-47d4-b394-9d7fa9db14ba	1	153469638	154579119	465	0.2061
716de860-5313-47d4-b394-9d7fa9db14ba	1	154579241	154859828	200	0.2946
716de860-5313-47d4-b394-9d7fa9db14ba	1	154859846	155827038	392	0.1559
716de860-5313-47d4-b394-9d7fa9db14ba	1	155829832	156171141	136	0.3489
716de860-5313-47d4-b394-9d7fa9db14ba	1	156172621	167767159	8020	0.4516
716de860-5313-47d4-b394-9d7fa9db14ba	1	167768816	171290329	2506	0.2759
716de860-5313-47d4-b394-9d7fa9db14ba	1	171290798	171768444	297	0.1823
716de860-5313-47d4-b394-9d7fa9db14ba	1	171771454	173357525	1039	0.2686
716de860-5313-47d4-b394-9d7fa9db14ba	1	173358366	175033554	837	0.2093
716de860-5313-47d4-b394-9d7fa9db14ba	1	175044029	179672700	2743	0.2596
716de860-5313-47d4-b394-9d7fa9db14ba	1	179673458	190269907	6679	-0.2427
716de860-5313-47d4-b394-9d7fa9db14ba	1	190272267	192275900	1091	0.2237
716de860-5313-47d4-b394-9d7fa9db14ba	1	192276580	192587395	213	0.0437
716de860-5313-47d4-b394-9d7fa9db14ba	1	192587872	193079057	299	0.2498
716de860-5313-47d4-b394-9d7fa9db14ba	1	193081397	197194405	2374	0.0118
716de860-5313-47d4-b394-9d7fa9db14ba	1	197194798	200269262	1884	0.063
716de860-5313-47d4-b394-9d7fa9db14ba	1	200269688	205862778	3688	0.0267
716de860-5313-47d4-b394-9d7fa9db14ba	1	205865709	206178584	118	0.1207
716de860-5313-47d4-b394-9d7fa9db14ba	1	206366301	206559319	115	0.2549
716de860-5313-47d4-b394-9d7fa9db14ba	1	206560716	206923694	258	0.0708
716de860-5313-47d4-b394-9d7fa9db14ba	1	206924585	233557847	17496	-0.2146
716de860-5313-47d4-b394-9d7fa9db14ba	1	233559205	235477776	1303	0.0393
716de860-5313-47d4-b394-9d7fa9db14ba	1	235479936	235696435	125	0.5805
716de860-5313-47d4-b394-9d7fa9db14ba	1	235698361	247650984	7623	0.0075
716de860-5313-47d4-b394-9d7fa9db14ba	2	480597	3139179	1105	0.4342
716de860-5313-47d4-b394-9d7fa9db14ba	2	3139421	6499236	2451	0.0467
716de860-5313-47d4-b394-9d7fa9db14ba	2	6499361	6800086	227	0.1369
716de860-5313-47d4-b394-9d7fa9db14ba	2	6801877	7400829	477	0.0397
716de860-5313-47d4-b394-9d7fa9db14ba	2	7400871	18919100	7788	0.1004
716de860-5313-47d4-b394-9d7fa9db14ba	2	18919746	19190825	193	-0.0423
716de860-5313-47d4-b394-9d7fa9db14ba	2	19194777	22906295	2356	0.111
716de860-5313-47d4-b394-9d7fa9db14ba	2	22908260	28020090	2539	0.0589
716de860-5313-47d4-b394-9d7fa9db14ba	2	28021813	28383404	224	-0.7057
716de860-5313-47d4-b394-9d7fa9db14ba	2	28384477	40941918	6880	0.0922
716de860-5313-47d4-b394-9d7fa9db14ba	2	40952099	40982240	29	-0.7439
716de860-5313-47d4-b394-9d7fa9db14ba	2	40983591	44321035	2054	0.0694
716de860-5313-47d4-b394-9d7fa9db14ba	2	44321143	46392779	1542	0.1166
716de860-5313-47d4-b394-9d7fa9db14ba	2	46393460	59395101	7147	0.0706
716de860-5313-47d4-b394-9d7fa9db14ba	2	59395287	59417321	3	0.9439
716de860-5313-47d4-b394-9d7fa9db14ba	2	59417707	60647017	892	0.1082
716de860-5313-47d4-b394-9d7fa9db14ba	2	60650860	62423460	821	0.0262
716de860-5313-47d4-b394-9d7fa9db14ba	2	62423896	65520325	1577	0.0835
716de860-5313-47d4-b394-9d7fa9db14ba	2	65521864	69288470	2618	0.1011
716de860-5313-47d4-b394-9d7fa9db14ba	2	69291594	88831554	9881	0.057
716de860-5313-47d4-b394-9d7fa9db14ba	2	94675825	100686266	2392	0.3509
716de860-5313-47d4-b394-9d7fa9db14ba	2	100686982	101988889	793	-0.2294
716de860-5313-47d4-b394-9d7fa9db14ba	2	101991125	102503852	357	-0.16
716de860-5313-47d4-b394-9d7fa9db14ba	2	102503910	102643986	110	-0.0336
716de860-5313-47d4-b394-9d7fa9db14ba	2	102650064	103321903	392	-0.1631
716de860-5313-47d4-b394-9d7fa9db14ba	2	103323846	106953134	2358	-0.2196
716de860-5313-47d4-b394-9d7fa9db14ba	2	106953634	107203956	213	-0.3313
716de860-5313-47d4-b394-9d7fa9db14ba	2	107208473	118930316	5465	-0.2906
716de860-5313-47d4-b394-9d7fa9db14ba	2	118930378	122063520	1802	-0.3449
716de860-5313-47d4-b394-9d7fa9db14ba	2	122066904	122332748	188	0.0281
716de860-5313-47d4-b394-9d7fa9db14ba	2	122333544	130766941	3969	-0.312
716de860-5313-47d4-b394-9d7fa9db14ba	2	130783105	134285919	1564	-0.0104
716de860-5313-47d4-b394-9d7fa9db14ba	2	134289572	159100008	14122	-0.2751
716de860-5313-47d4-b394-9d7fa9db14ba	2	159107684	159738616	377	-0.394
716de860-5313-47d4-b394-9d7fa9db14ba	2	159739583	164995378	2947	-0.2587
716de860-5313-47d4-b394-9d7fa9db14ba	2	164997464	165007539	5	-1.3991
716de860-5313-47d4-b394-9d7fa9db14ba	2	165008929	169440149	2815	-0.2648
716de860-5313-47d4-b394-9d7fa9db14ba	2	169442444	170203218	428	-0.1074
716de860-5313-47d4-b394-9d7fa9db14ba	2	170204273	170372467	121	0.0307
716de860-5313-47d4-b394-9d7fa9db14ba	2	170373939	170399569	31	0.1969
716de860-5313-47d4-b394-9d7fa9db14ba	2	170399865	170442903	41	0.0542
716de860-5313-47d4-b394-9d7fa9db14ba	2	170442904	170976403	343	-0.111
716de860-5313-47d4-b394-9d7fa9db14ba	2	170977400	172196806	629	-0.2994
716de860-5313-47d4-b394-9d7fa9db14ba	2	172197022	176061664	2520	0.0695
716de860-5313-47d4-b394-9d7fa9db14ba	2	176064129	176557889	312	0.2299
716de860-5313-47d4-b394-9d7fa9db14ba	2	176559733	177073198	417	0.3609
716de860-5313-47d4-b394-9d7fa9db14ba	2	177073486	177582418	294	0.2193
716de860-5313-47d4-b394-9d7fa9db14ba	2	177582478	177756795	103	0.3262
716de860-5313-47d4-b394-9d7fa9db14ba	2	177756982	178761290	586	0.2052
716de860-5313-47d4-b394-9d7fa9db14ba	2	178764590	183005418	2627	0.0647
716de860-5313-47d4-b394-9d7fa9db14ba	2	183005631	187492452	1853	-0.0949
716de860-5313-47d4-b394-9d7fa9db14ba	2	187495032	187501070	7	-0.988
716de860-5313-47d4-b394-9d7fa9db14ba	2	187503657	189455357	868	-0.0921
716de860-5313-47d4-b394-9d7fa9db14ba	2	189456425	190288288	516	0.1045
716de860-5313-47d4-b394-9d7fa9db14ba	2	190288746	192412220	1298	-0.1913
716de860-5313-47d4-b394-9d7fa9db14ba	2	192415150	201813138	4551	-0.2819
716de860-5313-47d4-b394-9d7fa9db14ba	2	201815364	203664105	785	-0.3406
716de860-5313-47d4-b394-9d7fa9db14ba	2	203664994	226410046	14308	-0.2753
716de860-5313-47d4-b394-9d7fa9db14ba	2	226412084	226680018	189	-1.4039
716de860-5313-47d4-b394-9d7fa9db14ba	2	226689078	232926201	3346	-0.308
716de860-5313-47d4-b394-9d7fa9db14ba	2	232926898	233031321	74	-0.5089
716de860-5313-47d4-b394-9d7fa9db14ba	2	233031788	233032451	3	-2.031
716de860-5313-47d4-b394-9d7fa9db14ba	2	233032704	236174434	2142	-0.3183
716de860-5313-47d4-b394-9d7fa9db14ba	2	236175595	237829027	1157	0.0496
716de860-5313-47d4-b394-9d7fa9db14ba	2	237832118	238839463	586	-0.2901
716de860-5313-47d4-b394-9d7fa9db14ba	2	238839679	241537572	1394	-0.4119
716de860-5313-47d4-b394-9d7fa9db14ba	3	2170634	3185486	452	-0.4169
716de860-5313-47d4-b394-9d7fa9db14ba	3	3185875	8489727	3138	-0.3653
716de860-5313-47d4-b394-9d7fa9db14ba	3	8492132	11335085	1814	-0.4167
716de860-5313-47d4-b394-9d7fa9db14ba	3	11339116	11351613	6	0.8452
716de860-5313-47d4-b394-9d7fa9db14ba	3	11351794	11364971	11	1.1975
716de860-5313-47d4-b394-9d7fa9db14ba	3	11365018	11755443	255	0.8239
716de860-5313-47d4-b394-9d7fa9db14ba	3	11756108	11815945	52	1.2633
716de860-5313-47d4-b394-9d7fa9db14ba	3	11816154	11833722	9	1.7788
716de860-5313-47d4-b394-9d7fa9db14ba	3	11833797	11856451	30	1.3711
716de860-5313-47d4-b394-9d7fa9db14ba	3	11866564	12575342	467	2.563
716de860-5313-47d4-b394-9d7fa9db14ba	3	12575834	13040149	314	1.603
716de860-5313-47d4-b394-9d7fa9db14ba	3	13040385	13545249	348	-0.5098
716de860-5313-47d4-b394-9d7fa9db14ba	3	13550393	15223056	1089	0.2973
716de860-5313-47d4-b394-9d7fa9db14ba	3	15223244	17853716	1626	-0.3641
716de860-5313-47d4-b394-9d7fa9db14ba	3	17853740	19076777	639	-0.2709
716de860-5313-47d4-b394-9d7fa9db14ba	3	19078758	24026478	2442	-0.3489
716de860-5313-47d4-b394-9d7fa9db14ba	3	24030993	25564561	1348	-0.2772
716de860-5313-47d4-b394-9d7fa9db14ba	3	25564969	25607693	73	-0.3518
716de860-5313-47d4-b394-9d7fa9db14ba	3	25611012	25736852	67	0.2164
716de860-5313-47d4-b394-9d7fa9db14ba	3	25742215	40711816	9046	-0.3401
716de860-5313-47d4-b394-9d7fa9db14ba	3	40712469	40712946	2	-2.3536
716de860-5313-47d4-b394-9d7fa9db14ba	3	40713750	42597126	1081	-0.3224
716de860-5313-47d4-b394-9d7fa9db14ba	3	42601389	42802132	97	0.2841
716de860-5313-47d4-b394-9d7fa9db14ba	3	42805365	46991334	2374	-0.3544
716de860-5313-47d4-b394-9d7fa9db14ba	3	46994135	46994245	2	-1.5853
716de860-5313-47d4-b394-9d7fa9db14ba	3	46994693	49792220	1017	-0.4008
716de860-5313-47d4-b394-9d7fa9db14ba	3	49796662	50943555	529	-0.2003
716de860-5313-47d4-b394-9d7fa9db14ba	3	50943764	53167882	918	-0.3902
716de860-5313-47d4-b394-9d7fa9db14ba	3	53172778	53806638	432	0.8676
716de860-5313-47d4-b394-9d7fa9db14ba	3	53807244	53910458	52	1.0463
716de860-5313-47d4-b394-9d7fa9db14ba	3	53910886	54390660	337	1.2752
716de860-5313-47d4-b394-9d7fa9db14ba	3	54390674	54500748	67	0.9355
716de860-5313-47d4-b394-9d7fa9db14ba	3	54503007	54570783	60	1.2286
716de860-5313-47d4-b394-9d7fa9db14ba	3	54571255	55242490	590	1.0472
716de860-5313-47d4-b394-9d7fa9db14ba	3	55242573	55840737	488	0.7898
716de860-5313-47d4-b394-9d7fa9db14ba	3	55844146	55859395	33	0.6419
716de860-5313-47d4-b394-9d7fa9db14ba	3	55859512	55860282	5	0.1256
716de860-5313-47d4-b394-9d7fa9db14ba	3	55860475	56553471	454	0.7063
716de860-5313-47d4-b394-9d7fa9db14ba	3	56556939	56567468	6	0.5765
716de860-5313-47d4-b394-9d7fa9db14ba	3	56596441	56650950	30	0.323
716de860-5313-47d4-b394-9d7fa9db14ba	3	56653776	57778937	589	0.1762
716de860-5313-47d4-b394-9d7fa9db14ba	3	57778988	59554185	1057	0.2692
716de860-5313-47d4-b394-9d7fa9db14ba	3	59554443	59720118	161	0.7317
716de860-5313-47d4-b394-9d7fa9db14ba	3	61040294	73868916	9417	-0.3968
716de860-5313-47d4-b394-9d7fa9db14ba	3	73869857	87337219	6829	-0.3558
716de860-5313-47d4-b394-9d7fa9db14ba	3	87338709	87340635	2	-2.1962
716de860-5313-47d4-b394-9d7fa9db14ba	3	87347555	89337324	1057	-0.3085
716de860-5313-47d4-b394-9d7fa9db14ba	3	89376731	94065702	364	0.2386
716de860-5313-47d4-b394-9d7fa9db14ba	3	94071231	97094204	1528	0.2731
716de860-5313-47d4-b394-9d7fa9db14ba	3	97095476	101463046	2313	0.3313
716de860-5313-47d4-b394-9d7fa9db14ba	3	101463085	107499293	3433	0.2712
716de860-5313-47d4-b394-9d7fa9db14ba	3	107502740	114715311	4051	0.3073
716de860-5313-47d4-b394-9d7fa9db14ba	3	114715917	120015865	3401	0.389
716de860-5313-47d4-b394-9d7fa9db14ba	3	120016826	121572059	755	0.183
716de860-5313-47d4-b394-9d7fa9db14ba	3	121676841	125243826	2282	0.2573
716de860-5313-47d4-b394-9d7fa9db14ba	3	125246941	126014114	328	0.1632
716de860-5313-47d4-b394-9d7fa9db14ba	3	126014238	127498295	929	0.2605
716de860-5313-47d4-b394-9d7fa9db14ba	3	127498636	131441998	2000	0.1833
716de860-5313-47d4-b394-9d7fa9db14ba	3	131442010	131452104	2	-0.989
716de860-5313-47d4-b394-9d7fa9db14ba	3	131453915	131808176	251	0.187
716de860-5313-47d4-b394-9d7fa9db14ba	3	131809100	132208411	333	0.2718
716de860-5313-47d4-b394-9d7fa9db14ba	3	132209167	132953375	439	0.2098
716de860-5313-47d4-b394-9d7fa9db14ba	3	132953824	142755481	5451	0.1796
716de860-5313-47d4-b394-9d7fa9db14ba	3	142756690	144727267	1007	0.2303
716de860-5313-47d4-b394-9d7fa9db14ba	3	144727882	148220696	1462	0.1751
716de860-5313-47d4-b394-9d7fa9db14ba	3	148220978	149357572	745	0.2242
716de860-5313-47d4-b394-9d7fa9db14ba	3	149361380	149542999	122	0.3405
716de860-5313-47d4-b394-9d7fa9db14ba	3	149543359	159676773	5689	0.1923
716de860-5313-47d4-b394-9d7fa9db14ba	3	159695948	159865729	93	0.6143
716de860-5313-47d4-b394-9d7fa9db14ba	3	159866238	161304917	775	0.9793
716de860-5313-47d4-b394-9d7fa9db14ba	3	161306294	161834016	254	0.6772
716de860-5313-47d4-b394-9d7fa9db14ba	3	161834286	163214288	567	0.2008
716de860-5313-47d4-b394-9d7fa9db14ba	3	163214781	166682125	1444	0.1399
716de860-5313-47d4-b394-9d7fa9db14ba	3	166685508	176972093	5287	0.2099
716de860-5313-47d4-b394-9d7fa9db14ba	3	177177049	178627120	828	0.6745
716de860-5313-47d4-b394-9d7fa9db14ba	3	178668302	187170094	4454	0.1752
716de860-5313-47d4-b394-9d7fa9db14ba	3	187172953	191088183	2725	0.2328
716de860-5313-47d4-b394-9d7fa9db14ba	3	191088979	193711089	1530	0.1842
716de860-5313-47d4-b394-9d7fa9db14ba	3	193712005	194439749	457	0.354
716de860-5313-47d4-b394-9d7fa9db14ba	3	194440827	195244120	448	0.2859
716de860-5313-47d4-b394-9d7fa9db14ba	3	195250049	197812401	519	0.1355
716de860-5313-47d4-b394-9d7fa9db14ba	4	1059384	7610788	3703	0.2685
716de860-5313-47d4-b394-9d7fa9db14ba	4	7611140	7613366	2	-0.9042
716de860-5313-47d4-b394-9d7fa9db14ba	4	7613468	10527600	1298	0.3003
716de860-5313-47d4-b394-9d7fa9db14ba	4	10540536	12457228	1492	0.7118
716de860-5313-47d4-b394-9d7fa9db14ba	4	12457345	20245261	5411	0.289
716de860-5313-47d4-b394-9d7fa9db14ba	4	20245816	22831894	1765	-0.3101
716de860-5313-47d4-b394-9d7fa9db14ba	4	22841082	29337890	4190	-0.269
716de860-5313-47d4-b394-9d7fa9db14ba	4	29339333	34173522	2707	-0.3123
716de860-5313-47d4-b394-9d7fa9db14ba	4	34179318	51837853	7802	-0.4993
716de860-5313-47d4-b394-9d7fa9db14ba	4	51838342	53615056	1010	-0.004
716de860-5313-47d4-b394-9d7fa9db14ba	4	53615996	54692732	889	0.2983
716de860-5313-47d4-b394-9d7fa9db14ba	4	54692745	57170408	1528	0.4473
716de860-5313-47d4-b394-9d7fa9db14ba	4	57171356	57991353	557	0.6806
716de860-5313-47d4-b394-9d7fa9db14ba	4	57991644	58865953	488	0.4194
716de860-5313-47d4-b394-9d7fa9db14ba	4	58935379	59261617	230	0.5721
716de860-5313-47d4-b394-9d7fa9db14ba	4	59261927	59341096	34	0.3866
716de860-5313-47d4-b394-9d7fa9db14ba	4	59342126	61762926	1407	0.1784
716de860-5313-47d4-b394-9d7fa9db14ba	4	61765501	61979772	113	-0.0094
716de860-5313-47d4-b394-9d7fa9db14ba	4	61984804	62002910	19	0.3185
716de860-5313-47d4-b394-9d7fa9db14ba	4	62004346	62683648	303	0.0009
716de860-5313-47d4-b394-9d7fa9db14ba	4	62686529	62686862	2	-1.4852
716de860-5313-47d4-b394-9d7fa9db14ba	4	62690057	69452478	3058	-0.0513
716de860-5313-47d4-b394-9d7fa9db14ba	4	69453762	69521121	55	0.4261
716de860-5313-47d4-b394-9d7fa9db14ba	4	69521995	71231569	921	-0.1288
716de860-5313-47d4-b394-9d7fa9db14ba	4	71233457	72390329	592	-0.0163
716de860-5313-47d4-b394-9d7fa9db14ba	4	72394535	72657635	164	-0.1063
716de860-5313-47d4-b394-9d7fa9db14ba	4	72658091	73395658	409	0.2936
716de860-5313-47d4-b394-9d7fa9db14ba	4	73399098	74791070	849	0.6726
716de860-5313-47d4-b394-9d7fa9db14ba	4	74791404	76216939	896	0.1986
716de860-5313-47d4-b394-9d7fa9db14ba	4	76218357	76931371	473	0.2942
716de860-5313-47d4-b394-9d7fa9db14ba	4	76936952	78131924	767	0.4046
716de860-5313-47d4-b394-9d7fa9db14ba	4	78134422	78541926	326	0.525
716de860-5313-47d4-b394-9d7fa9db14ba	4	78542643	79930322	795	0.423
716de860-5313-47d4-b394-9d7fa9db14ba	4	79933096	80001153	16	0.1357
716de860-5313-47d4-b394-9d7fa9db14ba	4	80004665	81899178	1103	0.036
716de860-5313-47d4-b394-9d7fa9db14ba	4	81899253	86602241	2843	-0.0848
716de860-5313-47d4-b394-9d7fa9db14ba	4	86602264	86754962	68	-0.5108
716de860-5313-47d4-b394-9d7fa9db14ba	4	86757426	86775509	17	-0.1296
716de860-5313-47d4-b394-9d7fa9db14ba	4	86779527	87020852	124	-0.4788
716de860-5313-47d4-b394-9d7fa9db14ba	4	87020887	90741848	2220	-0.0047
716de860-5313-47d4-b394-9d7fa9db14ba	4	90741991	91374317	408	0.1166
716de860-5313-47d4-b394-9d7fa9db14ba	4	91376718	91434967	20	-0.2987
716de860-5313-47d4-b394-9d7fa9db14ba	4	91435107	93310224	761	0.1575
716de860-5313-47d4-b394-9d7fa9db14ba	4	93310394	99090677	3319	-0.0688
716de860-5313-47d4-b394-9d7fa9db14ba	4	99092657	104670172	3091	-0.0405
716de860-5313-47d4-b394-9d7fa9db14ba	4	104671163	121637817	9770	-0.0796
716de860-5313-47d4-b394-9d7fa9db14ba	4	121646584	123593116	1000	-0.4169
716de860-5313-47d4-b394-9d7fa9db14ba	4	123593257	140650479	8957	-0.3977
716de860-5313-47d4-b394-9d7fa9db14ba	4	140653086	140695825	39	-0.7481
716de860-5313-47d4-b394-9d7fa9db14ba	4	140696596	176189417	19732	-0.39
716de860-5313-47d4-b394-9d7fa9db14ba	4	176190789	187842528	5764	-0.4386
716de860-5313-47d4-b394-9d7fa9db14ba	5	913983	3646573	1654	1.2562
716de860-5313-47d4-b394-9d7fa9db14ba	5	3647476	5650772	1659	1.3181
716de860-5313-47d4-b394-9d7fa9db14ba	5	5650799	6206869	443	1.4793
716de860-5313-47d4-b394-9d7fa9db14ba	5	6206893	14219937	5448	1.2912
716de860-5313-47d4-b394-9d7fa9db14ba	5	14220459	15290520	744	1.3709
716de860-5313-47d4-b394-9d7fa9db14ba	5	15291289	15331291	24	1.1798
716de860-5313-47d4-b394-9d7fa9db14ba	5	15332460	15332597	6	0.4
716de860-5313-47d4-b394-9d7fa9db14ba	5	15332903	16503802	335	1.3221
716de860-5313-47d4-b394-9d7fa9db14ba	5	16507421	19268421	1441	1.2067
716de860-5313-47d4-b394-9d7fa9db14ba	5	19274491	19274566	2	2.4241
716de860-5313-47d4-b394-9d7fa9db14ba	5	19276620	21295460	940	1.2064
716de860-5313-47d4-b394-9d7fa9db14ba	5	21295503	21361673	39	0.8998
716de860-5313-47d4-b394-9d7fa9db14ba	5	21391680	26271828	2550	1.2064
716de860-5313-47d4-b394-9d7fa9db14ba	5	26273621	26334135	34	1.159
716de860-5313-47d4-b394-9d7fa9db14ba	5	26340312	27595466	701	1.0415
716de860-5313-47d4-b394-9d7fa9db14ba	5	27595616	27699900	35	1.2651
716de860-5313-47d4-b394-9d7fa9db14ba	5	27705422	27953061	142	1.0501
716de860-5313-47d4-b394-9d7fa9db14ba	5	27953101	28165791	109	1.2604
716de860-5313-47d4-b394-9d7fa9db14ba	5	28167888	28498800	195	1.0852
716de860-5313-47d4-b394-9d7fa9db14ba	5	28498876	28499054	3	0.3896
716de860-5313-47d4-b394-9d7fa9db14ba	5	28500301	28635718	64	1.0457
716de860-5313-47d4-b394-9d7fa9db14ba	5	28635768	29077282	200	1.2202
716de860-5313-47d4-b394-9d7fa9db14ba	5	29077295	29482849	241	0.8783
716de860-5313-47d4-b394-9d7fa9db14ba	5	29484003	33613973	2790	1.0981
716de860-5313-47d4-b394-9d7fa9db14ba	5	33614101	33614210	2	2.2888
716de860-5313-47d4-b394-9d7fa9db14ba	5	33614731	35616800	798	1.1248
716de860-5313-47d4-b394-9d7fa9db14ba	5	35622806	37255481	1032	1.5175
716de860-5313-47d4-b394-9d7fa9db14ba	5	37259058	50828231	4517	1.217
716de860-5313-47d4-b394-9d7fa9db14ba	5	50829022	51521462	395	0.1041
716de860-5313-47d4-b394-9d7fa9db14ba	5	51573410	52006853	224	0.2562
716de860-5313-47d4-b394-9d7fa9db14ba	5	52011494	52198101	100	0.0498
716de860-5313-47d4-b394-9d7fa9db14ba	5	52198347	52358076	93	0.469
716de860-5313-47d4-b394-9d7fa9db14ba	5	52376844	54114613	1153	-0.4566
716de860-5313-47d4-b394-9d7fa9db14ba	5	54115599	68011967	8348	-0.8375
716de860-5313-47d4-b394-9d7fa9db14ba	5	68012193	68012705	3	-2.6413
716de860-5313-47d4-b394-9d7fa9db14ba	5	68015362	69025724	648	-0.8472
716de860-5313-47d4-b394-9d7fa9db14ba	5	69025918	69030301	2	-2.7162
716de860-5313-47d4-b394-9d7fa9db14ba	5	69030573	69444826	171	-0.8425
716de860-5313-47d4-b394-9d7fa9db14ba	5	69448492	84284381	7775	-0.4179
716de860-5313-47d4-b394-9d7fa9db14ba	5	84284519	85776091	790	-0.142
716de860-5313-47d4-b394-9d7fa9db14ba	5	85787116	88017591	1108	-0.4091
716de860-5313-47d4-b394-9d7fa9db14ba	5	88017720	89519905	765	-0.1477
716de860-5313-47d4-b394-9d7fa9db14ba	5	89520103	98370140	4639	-0.3811
716de860-5313-47d4-b394-9d7fa9db14ba	5	98371112	102213601	1196	-0.4389
716de860-5313-47d4-b394-9d7fa9db14ba	5	102217251	102865303	365	0.6327
716de860-5313-47d4-b394-9d7fa9db14ba	5	102865886	103005106	66	0.4011
716de860-5313-47d4-b394-9d7fa9db14ba	5	103005542	103364997	137	0.1842
716de860-5313-47d4-b394-9d7fa9db14ba	5	103365331	103757329	210	0.0054
716de860-5313-47d4-b394-9d7fa9db14ba	5	103757454	103783258	25	0.1722
716de860-5313-47d4-b394-9d7fa9db14ba	5	103783404	103824892	25	-0.0241
716de860-5313-47d4-b394-9d7fa9db14ba	5	103825761	107421698	1798	-0.4135
716de860-5313-47d4-b394-9d7fa9db14ba	5	107423804	107430639	7	-0.1756
716de860-5313-47d4-b394-9d7fa9db14ba	5	107432587	107467744	31	0.2209
716de860-5313-47d4-b394-9d7fa9db14ba	5	107467745	107635867	150	0.12
716de860-5313-47d4-b394-9d7fa9db14ba	5	107636314	108305580	520	0.2642
716de860-5313-47d4-b394-9d7fa9db14ba	5	108310132	108611011	173	0.5931
716de860-5313-47d4-b394-9d7fa9db14ba	5	108612339	112837848	2683	-0.4021
716de860-5313-47d4-b394-9d7fa9db14ba	5	112837944	112985125	90	-0.1318
716de860-5313-47d4-b394-9d7fa9db14ba	5	112985373	113479366	385	0.1552
716de860-5313-47d4-b394-9d7fa9db14ba	5	113483330	114101748	363	-0.3958
716de860-5313-47d4-b394-9d7fa9db14ba	5	114107319	114441882	240	0.6519
716de860-5313-47d4-b394-9d7fa9db14ba	5	114444490	132860691	10565	-0.393
716de860-5313-47d4-b394-9d7fa9db14ba	5	132865726	133123188	97	0.488
716de860-5313-47d4-b394-9d7fa9db14ba	5	133123234	133147690	13	0.0601
716de860-5313-47d4-b394-9d7fa9db14ba	5	133149373	142727894	5562	-0.4406
716de860-5313-47d4-b394-9d7fa9db14ba	5	142730184	168147604	16577	-0.4075
716de860-5313-47d4-b394-9d7fa9db14ba	5	168147787	175694597	5210	-0.4487
716de860-5313-47d4-b394-9d7fa9db14ba	5	175695053	175696148	2	-2.552
716de860-5313-47d4-b394-9d7fa9db14ba	5	175697957	180934240	2185	-0.5027
716de860-5313-47d4-b394-9d7fa9db14ba	6	1011760	1145619	132	0.3484
716de860-5313-47d4-b394-9d7fa9db14ba	6	1151379	5641895	3136	0.1672
716de860-5313-47d4-b394-9d7fa9db14ba	6	5641922	6283862	543	0.2875
716de860-5313-47d4-b394-9d7fa9db14ba	6	6283892	10880817	3186	0.1749
716de860-5313-47d4-b394-9d7fa9db14ba	6	10889578	11827145	734	0.0559
716de860-5313-47d4-b394-9d7fa9db14ba	6	11827598	17108555	3785	0.164
716de860-5313-47d4-b394-9d7fa9db14ba	6	17109116	18173781	556	0.0015
716de860-5313-47d4-b394-9d7fa9db14ba	6	18184782	21124207	2183	0.185
716de860-5313-47d4-b394-9d7fa9db14ba	6	21126656	21156714	34	0.8189
716de860-5313-47d4-b394-9d7fa9db14ba	6	21156807	26139168	3317	0.1783
716de860-5313-47d4-b394-9d7fa9db14ba	6	26142367	26238295	56	-0.381
716de860-5313-47d4-b394-9d7fa9db14ba	6	26238693	28109824	584	0.144
716de860-5313-47d4-b394-9d7fa9db14ba	6	28110167	29501712	516	0.0221
716de860-5313-47d4-b394-9d7fa9db14ba	6	29503208	29659172	74	0.3127
716de860-5313-47d4-b394-9d7fa9db14ba	6	29661106	30780025	346	0.7977
716de860-5313-47d4-b394-9d7fa9db14ba	6	30795855	31175734	179	0.5944
716de860-5313-47d4-b394-9d7fa9db14ba	6	31175805	31238839	29	-0.3961
716de860-5313-47d4-b394-9d7fa9db14ba	6	32899215	34194968	725	0.3032
716de860-5313-47d4-b394-9d7fa9db14ba	6	34195382	34364402	63	-0.3203
716de860-5313-47d4-b394-9d7fa9db14ba	6	34366022	34617432	157	0.2861
716de860-5313-47d4-b394-9d7fa9db14ba	6	34624954	37440681	1486	-0.3296
716de860-5313-47d4-b394-9d7fa9db14ba	6	37441861	37901935	316	-0.1314
716de860-5313-47d4-b394-9d7fa9db14ba	6	37904730	38445453	353	0.4477
716de860-5313-47d4-b394-9d7fa9db14ba	6	38446611	38502311	35	-0.1133
716de860-5313-47d4-b394-9d7fa9db14ba	6	38504091	38864803	276	0.4504
716de860-5313-47d4-b394-9d7fa9db14ba	6	38865002	38877583	10	-0.0804
716de860-5313-47d4-b394-9d7fa9db14ba	6	38881948	38959953	83	0.8424
716de860-5313-47d4-b394-9d7fa9db14ba	6	38960468	38985516	12	0.3471
716de860-5313-47d4-b394-9d7fa9db14ba	6	38986061	39115512	99	0.7673
716de860-5313-47d4-b394-9d7fa9db14ba	6	39116577	39138500	15	0.551
716de860-5313-47d4-b394-9d7fa9db14ba	6	39141805	39291617	130	-0.1416
716de860-5313-47d4-b394-9d7fa9db14ba	6	39293021	39298860	4	1.0786
716de860-5313-47d4-b394-9d7fa9db14ba	6	39305650	39382268	70	0.4208
716de860-5313-47d4-b394-9d7fa9db14ba	6	39386599	40496952	830	0.8606
716de860-5313-47d4-b394-9d7fa9db14ba	6	40498689	43402994	1756	1.0934
716de860-5313-47d4-b394-9d7fa9db14ba	6	43404305	44378269	520	0.8381
716de860-5313-47d4-b394-9d7fa9db14ba	6	44378337	46493014	1199	0.7344
716de860-5313-47d4-b394-9d7fa9db14ba	6	46498418	47043248	407	0.3889
716de860-5313-47d4-b394-9d7fa9db14ba	6	47053955	48889233	1115	0.0818
716de860-5313-47d4-b394-9d7fa9db14ba	6	48889960	49118604	87	-0.2167
716de860-5313-47d4-b394-9d7fa9db14ba	6	49121809	50890927	959	0.3627
716de860-5313-47d4-b394-9d7fa9db14ba	6	50895892	51520211	354	-0.2097
716de860-5313-47d4-b394-9d7fa9db14ba	6	51524919	52467141	664	0.3916
716de860-5313-47d4-b394-9d7fa9db14ba	6	52468293	56633024	2711	-0.2228
716de860-5313-47d4-b394-9d7fa9db14ba	6	56633959	70113732	4928	-0.2755
716de860-5313-47d4-b394-9d7fa9db14ba	6	70113790	70553840	307	-0.2166
716de860-5313-47d4-b394-9d7fa9db14ba	6	70557863	73792796	1879	-0.3375
716de860-5313-47d4-b394-9d7fa9db14ba	6	73794308	75076324	796	-0.2529
716de860-5313-47d4-b394-9d7fa9db14ba	6	75079810	88990391	7712	-0.3331
716de860-5313-47d4-b394-9d7fa9db14ba	6	88991690	90496299	990	-0.3967
716de860-5313-47d4-b394-9d7fa9db14ba	6	90496746	90796239	199	-0.3442
716de860-5313-47d4-b394-9d7fa9db14ba	6	90796937	90797256	2	-2.2874
716de860-5313-47d4-b394-9d7fa9db14ba	6	90797321	111681686	11468	-0.3317
716de860-5313-47d4-b394-9d7fa9db14ba	6	111683923	115474135	2223	-0.2801
716de860-5313-47d4-b394-9d7fa9db14ba	6	115474925	116057900	393	-0.514
716de860-5313-47d4-b394-9d7fa9db14ba	6	116063679	119301514	1484	-0.3016
716de860-5313-47d4-b394-9d7fa9db14ba	6	119301609	119382366	65	-0.6632
716de860-5313-47d4-b394-9d7fa9db14ba	6	119382611	131005149	6973	-0.3023
716de860-5313-47d4-b394-9d7fa9db14ba	6	131005252	131474503	273	-0.2681
716de860-5313-47d4-b394-9d7fa9db14ba	6	131474789	132633663	762	-0.5576
716de860-5313-47d4-b394-9d7fa9db14ba	6	132633824	133458764	590	-0.3098
716de860-5313-47d4-b394-9d7fa9db14ba	6	133460249	134873723	949	-0.3641
716de860-5313-47d4-b394-9d7fa9db14ba	6	134873737	136576971	1171	-0.2984
716de860-5313-47d4-b394-9d7fa9db14ba	6	136578597	139586607	1936	0.1139
716de860-5313-47d4-b394-9d7fa9db14ba	6	139587637	148233299	5008	0.1505
716de860-5313-47d4-b394-9d7fa9db14ba	6	148235719	148447852	136	0.0533
716de860-5313-47d4-b394-9d7fa9db14ba	6	148452458	159441930	7351	0.1207
716de860-5313-47d4-b394-9d7fa9db14ba	6	159442230	170596889	5758	0.0969
716de860-5313-47d4-b394-9d7fa9db14ba	7	664936	7126532	2317	0.09
716de860-5313-47d4-b394-9d7fa9db14ba	7	7126761	12619355	3055	0.1448
716de860-5313-47d4-b394-9d7fa9db14ba	7	12627715	15128931	1828	0.1074
716de860-5313-47d4-b394-9d7fa9db14ba	7	15129279	32152416	10594	0.1665
716de860-5313-47d4-b394-9d7fa9db14ba	7	32153266	45954937	8396	0.138
716de860-5313-47d4-b394-9d7fa9db14ba	7	45955730	47049742	904	0.1985
716de860-5313-47d4-b394-9d7fa9db14ba	7	47050474	47052088	2	-0.9627
716de860-5313-47d4-b394-9d7fa9db14ba	7	47052112	49496915	1671	0.1532
716de860-5313-47d4-b394-9d7fa9db14ba	7	49499044	52461313	2159	0.1011
716de860-5313-47d4-b394-9d7fa9db14ba	7	52462389	55027504	1677	0.1508
716de860-5313-47d4-b394-9d7fa9db14ba	7	55027857	57864241	985	0.0991
716de860-5313-47d4-b394-9d7fa9db14ba	7	57876479	64999173	460	0.3667
716de860-5313-47d4-b394-9d7fa9db14ba	7	64999952	67804610	780	0.2433
716de860-5313-47d4-b394-9d7fa9db14ba	7	67805962	69590538	1136	0.1621
716de860-5313-47d4-b394-9d7fa9db14ba	7	69601183	71572375	1143	0.2161
716de860-5313-47d4-b394-9d7fa9db14ba	7	71574634	71612932	33	0.379
716de860-5313-47d4-b394-9d7fa9db14ba	7	71615413	71869837	167	0.4944
716de860-5313-47d4-b394-9d7fa9db14ba	7	71869915	72880997	367	0.3671
716de860-5313-47d4-b394-9d7fa9db14ba	7	72889156	75436167	535	0.228
716de860-5313-47d4-b394-9d7fa9db14ba	7	75437276	83444385	4394	0.3417
716de860-5313-47d4-b394-9d7fa9db14ba	7	83446641	84021966	473	0.2756
716de860-5313-47d4-b394-9d7fa9db14ba	7	84023559	94681750	5044	0.3429
716de860-5313-47d4-b394-9d7fa9db14ba	7	94681988	95135158	228	0.2397
716de860-5313-47d4-b394-9d7fa9db14ba	7	95137013	99035807	2120	0.3316
716de860-5313-47d4-b394-9d7fa9db14ba	7	99036047	100217624	530	0.4733
716de860-5313-47d4-b394-9d7fa9db14ba	7	100229612	100636060	90	0.3617
716de860-5313-47d4-b394-9d7fa9db14ba	7	100636537	103391212	948	0.2646
716de860-5313-47d4-b394-9d7fa9db14ba	7	103392156	106909420	2320	0.3263
716de860-5313-47d4-b394-9d7fa9db14ba	7	106909457	149161680	22809	0.2323
716de860-5313-47d4-b394-9d7fa9db14ba	7	149166545	149252050	69	0.5843
716de860-5313-47d4-b394-9d7fa9db14ba	7	149265304	151709769	1131	0.2289
716de860-5313-47d4-b394-9d7fa9db14ba	7	151710952	154360833	974	0.1824
716de860-5313-47d4-b394-9d7fa9db14ba	7	154361303	157739434	2299	0.2347
716de860-5313-47d4-b394-9d7fa9db14ba	7	157741413	158592540	321	0.1839
716de860-5313-47d4-b394-9d7fa9db14ba	8	667625	3545700	1431	-0.0594
716de860-5313-47d4-b394-9d7fa9db14ba	8	3545979	10116622	2944	-0.0119
716de860-5313-47d4-b394-9d7fa9db14ba	8	10518434	12998899	1101	-0.0379
716de860-5313-47d4-b394-9d7fa9db14ba	8	13003413	13003860	4	-1.256
716de860-5313-47d4-b394-9d7fa9db14ba	8	13005718	18288839	3985	0.0051
716de860-5313-47d4-b394-9d7fa9db14ba	8	18292492	20387903	1692	-0.3872
716de860-5313-47d4-b394-9d7fa9db14ba	8	20388446	20388478	2	-2.2376
716de860-5313-47d4-b394-9d7fa9db14ba	8	20390973	27112174	4629	-0.4136
716de860-5313-47d4-b394-9d7fa9db14ba	8	27120202	28060056	709	0.6058
716de860-5313-47d4-b394-9d7fa9db14ba	8	28060523	30167612	1308	-0.408
716de860-5313-47d4-b394-9d7fa9db14ba	8	30173398	30386488	145	-0.233
716de860-5313-47d4-b394-9d7fa9db14ba	8	30387835	33392278	1974	-0.3899
716de860-5313-47d4-b394-9d7fa9db14ba	8	33392637	33392658	2	-2.2388
716de860-5313-47d4-b394-9d7fa9db14ba	8	33398418	37449659	2068	-0.4155
716de860-5313-47d4-b394-9d7fa9db14ba	8	37455569	40062496	1180	0.582
716de860-5313-47d4-b394-9d7fa9db14ba	8	40063676	42207133	1431	0.6858
716de860-5313-47d4-b394-9d7fa9db14ba	8	42207199	51283691	2763	0.5996
716de860-5313-47d4-b394-9d7fa9db14ba	8	51284588	51823117	365	0.6781
716de860-5313-47d4-b394-9d7fa9db14ba	8	51825829	51826640	3	-0.1204
716de860-5313-47d4-b394-9d7fa9db14ba	8	51826910	59046020	4433	0.6797
716de860-5313-47d4-b394-9d7fa9db14ba	8	59049030	59051969	2	-0.4015
716de860-5313-47d4-b394-9d7fa9db14ba	8	59052641	70040504	6394	0.6849
716de860-5313-47d4-b394-9d7fa9db14ba	8	70041692	70048926	8	-0.0285
716de860-5313-47d4-b394-9d7fa9db14ba	8	70048989	70049279	6	0.5578
716de860-5313-47d4-b394-9d7fa9db14ba	8	70050863	70051197	4	0.1083
716de860-5313-47d4-b394-9d7fa9db14ba	8	70052137	78235553	4871	0.6852
716de860-5313-47d4-b394-9d7fa9db14ba	8	78239083	79773608	832	0.7434
716de860-5313-47d4-b394-9d7fa9db14ba	8	79773899	81782161	1119	0.6956
716de860-5313-47d4-b394-9d7fa9db14ba	8	81783508	88657838	3477	0.6591
716de860-5313-47d4-b394-9d7fa9db14ba	8	88659697	89321476	472	0.6862
716de860-5313-47d4-b394-9d7fa9db14ba	8	89321506	89321628	2	1.5284
716de860-5313-47d4-b394-9d7fa9db14ba	8	89321705	92007424	1460	0.702
716de860-5313-47d4-b394-9d7fa9db14ba	8	92007733	92007901	4	-0.1599
716de860-5313-47d4-b394-9d7fa9db14ba	8	92008360	101265948	5470	0.7026
716de860-5313-47d4-b394-9d7fa9db14ba	8	101267093	102846274	973	1.0132
716de860-5313-47d4-b394-9d7fa9db14ba	8	102848297	113027662	5414	0.6776
716de860-5313-47d4-b394-9d7fa9db14ba	8	113028312	113032421	3	-0.427
716de860-5313-47d4-b394-9d7fa9db14ba	8	113036167	117068542	2177	0.657
716de860-5313-47d4-b394-9d7fa9db14ba	8	117069520	119432388	1764	0.7417
716de860-5313-47d4-b394-9d7fa9db14ba	8	119435624	136036428	11735	0.6626
716de860-5313-47d4-b394-9d7fa9db14ba	8	136037152	136106718	59	0.1431
716de860-5313-47d4-b394-9d7fa9db14ba	8	136108721	137059602	497	0.603
716de860-5313-47d4-b394-9d7fa9db14ba	8	137071567	137251492	135	0.1733
716de860-5313-47d4-b394-9d7fa9db14ba	8	137254411	139119592	1525	0.6114
716de860-5313-47d4-b394-9d7fa9db14ba	8	139120296	143601764	1563	0.6625
716de860-5313-47d4-b394-9d7fa9db14ba	8	143604922	144182542	121	0.5831
716de860-5313-47d4-b394-9d7fa9db14ba	9	789794	11132057	6266	-0.1712
716de860-5313-47d4-b394-9d7fa9db14ba	9	11142334	11202763	48	-0.8465
716de860-5313-47d4-b394-9d7fa9db14ba	9	11218532	16035674	2636	-0.152
716de860-5313-47d4-b394-9d7fa9db14ba	9	16037253	17429428	1222	-0.2092
716de860-5313-47d4-b394-9d7fa9db14ba	9	17430717	25717859	5837	-0.1561
716de860-5313-47d4-b394-9d7fa9db14ba	9	25718006	25718259	4	-1.3014
716de860-5313-47d4-b394-9d7fa9db14ba	9	25719192	34113640	4801	-0.169
716de860-5313-47d4-b394-9d7fa9db14ba	9	34114609	34197863	34	0.2979
716de860-5313-47d4-b394-9d7fa9db14ba	9	34198060	38752071	2748	-0.1828
716de860-5313-47d4-b394-9d7fa9db14ba	9	68423153	69068713	574	-0.1098
716de860-5313-47d4-b394-9d7fa9db14ba	9	69069453	69069786	3	-1.1833
716de860-5313-47d4-b394-9d7fa9db14ba	9	69071560	72642924	2504	-0.1481
716de860-5313-47d4-b394-9d7fa9db14ba	9	72642964	73829418	705	-0.0713
716de860-5313-47d4-b394-9d7fa9db14ba	9	73829743	79422033	3954	-0.1262
716de860-5313-47d4-b394-9d7fa9db14ba	9	79424427	79424447	2	-1.9574
716de860-5313-47d4-b394-9d7fa9db14ba	9	79425334	120985875	28023	-0.1347
716de860-5313-47d4-b394-9d7fa9db14ba	9	120986477	127301603	3836	-0.1614
716de860-5313-47d4-b394-9d7fa9db14ba	9	127304628	127524404	115	-0.8308
716de860-5313-47d4-b394-9d7fa9db14ba	9	127534317	136470133	4740	-0.2066
716de860-5313-47d4-b394-9d7fa9db14ba	9	136471002	136623715	44	0.2185
716de860-5313-47d4-b394-9d7fa9db14ba	9	136635215	137599242	177	0.5833
716de860-5313-47d4-b394-9d7fa9db14ba	9	137616769	137857049	126	0.2055
716de860-5313-47d4-b394-9d7fa9db14ba	9	137857410	138044505	66	-0.1938
716de860-5313-47d4-b394-9d7fa9db14ba	10	366509	803290	151	0.3636
716de860-5313-47d4-b394-9d7fa9db14ba	10	803925	5955532	3454	0.2673
716de860-5313-47d4-b394-9d7fa9db14ba	10	5955778	6824080	647	0.3424
716de860-5313-47d4-b394-9d7fa9db14ba	10	6833351	8319248	1248	0.2234
716de860-5313-47d4-b394-9d7fa9db14ba	10	8320941	9508456	970	0.2942
716de860-5313-47d4-b394-9d7fa9db14ba	10	9509724	10391996	502	0.2094
716de860-5313-47d4-b394-9d7fa9db14ba	10	10394172	10424467	23	-0.0288
716de860-5313-47d4-b394-9d7fa9db14ba	10	10425017	11617631	1047	0.2047
716de860-5313-47d4-b394-9d7fa9db14ba	10	11619863	14468213	2301	0.1442
716de860-5313-47d4-b394-9d7fa9db14ba	10	14468959	27573011	8759	0.1008
716de860-5313-47d4-b394-9d7fa9db14ba	10	27573237	28857135	869	0.1691
716de860-5313-47d4-b394-9d7fa9db14ba	10	28858045	28871528	13	0.6085
716de860-5313-47d4-b394-9d7fa9db14ba	10	28871907	32933508	2866	0.1607
716de860-5313-47d4-b394-9d7fa9db14ba	10	32933940	34505531	1175	0.1197
716de860-5313-47d4-b394-9d7fa9db14ba	10	34506405	47221487	4346	0.062
716de860-5313-47d4-b394-9d7fa9db14ba	10	47222010	49616573	1236	0.1109
716de860-5313-47d4-b394-9d7fa9db14ba	10	49616617	51090945	342	0.245
716de860-5313-47d4-b394-9d7fa9db14ba	10	51093451	51436248	266	0.1231
716de860-5313-47d4-b394-9d7fa9db14ba	10	51436717	51471924	33	0.2359
716de860-5313-47d4-b394-9d7fa9db14ba	10	51472102	51525380	56	0.637
716de860-5313-47d4-b394-9d7fa9db14ba	10	51527000	51559745	46	0.9926
716de860-5313-47d4-b394-9d7fa9db14ba	10	51560007	51560953	10	1.4268
716de860-5313-47d4-b394-9d7fa9db14ba	10	51562248	51600580	34	1.1156
716de860-5313-47d4-b394-9d7fa9db14ba	10	51601443	52475351	640	1.3524
716de860-5313-47d4-b394-9d7fa9db14ba	10	52480421	68167255	9203	-0.3991
716de860-5313-47d4-b394-9d7fa9db14ba	10	68167679	71100119	1924	-0.4735
716de860-5313-47d4-b394-9d7fa9db14ba	10	71101190	71184275	62	-0.3547
716de860-5313-47d4-b394-9d7fa9db14ba	10	71184728	73247617	1145	-0.1332
716de860-5313-47d4-b394-9d7fa9db14ba	10	73247830	87725551	9014	-0.4358
716de860-5313-47d4-b394-9d7fa9db14ba	10	87725638	96462598	5384	-0.3746
716de860-5313-47d4-b394-9d7fa9db14ba	10	96462818	104055696	4140	-0.4389
716de860-5313-47d4-b394-9d7fa9db14ba	10	104056758	118756742	9995	-0.3916
716de860-5313-47d4-b394-9d7fa9db14ba	10	118757593	119805653	632	-0.4831
716de860-5313-47d4-b394-9d7fa9db14ba	10	119805809	123083550	2623	-0.3956
716de860-5313-47d4-b394-9d7fa9db14ba	10	123083948	133411599	6073	-0.4499
716de860-5313-47d4-b394-9d7fa9db14ba	11	456012	1157084	208	-0.1351
716de860-5313-47d4-b394-9d7fa9db14ba	11	1209581	3917867	972	-0.4401
716de860-5313-47d4-b394-9d7fa9db14ba	11	3917968	15513877	8052	-0.3649
716de860-5313-47d4-b394-9d7fa9db14ba	11	15514993	15781050	210	-0.1272
716de860-5313-47d4-b394-9d7fa9db14ba	11	15781970	20761414	3588	-0.3747
716de860-5313-47d4-b394-9d7fa9db14ba	11	20762289	24320206	2415	-0.3401
716de860-5313-47d4-b394-9d7fa9db14ba	11	24326580	24334121	2	-1.4851
716de860-5313-47d4-b394-9d7fa9db14ba	11	24334586	31483193	4424	-0.3421
716de860-5313-47d4-b394-9d7fa9db14ba	11	31486084	34308953	1769	-0.3842
716de860-5313-47d4-b394-9d7fa9db14ba	11	34310543	34314140	4	-1.3275
716de860-5313-47d4-b394-9d7fa9db14ba	11	34315072	34609558	294	-0.3387
716de860-5313-47d4-b394-9d7fa9db14ba	11	34609654	34611717	5	-1.4455
716de860-5313-47d4-b394-9d7fa9db14ba	11	34612198	35723682	898	-0.3297
716de860-5313-47d4-b394-9d7fa9db14ba	11	35724874	48183522	7267	-0.4032
716de860-5313-47d4-b394-9d7fa9db14ba	11	48183658	50096159	538	-0.3341
716de860-5313-47d4-b394-9d7fa9db14ba	11	50101778	57861316	904	0.3324
716de860-5313-47d4-b394-9d7fa9db14ba	11	57862334	60600719	1585	0.4294
716de860-5313-47d4-b394-9d7fa9db14ba	11	60600943	61823823	604	0.3645
716de860-5313-47d4-b394-9d7fa9db14ba	11	61824060	63035548	629	0.4405
716de860-5313-47d4-b394-9d7fa9db14ba	11	63035777	71592950	3360	0.3517
716de860-5313-47d4-b394-9d7fa9db14ba	11	71615907	72443192	284	0.2997
716de860-5313-47d4-b394-9d7fa9db14ba	11	72443485	74196006	843	0.206
716de860-5313-47d4-b394-9d7fa9db14ba	11	74208401	81874808	4846	0.2617
716de860-5313-47d4-b394-9d7fa9db14ba	11	81874870	81874901	2	-1.0776
716de860-5313-47d4-b394-9d7fa9db14ba	11	81877316	89378026	4493	0.276
716de860-5313-47d4-b394-9d7fa9db14ba	11	89384122	94059969	2486	0.2362
716de860-5313-47d4-b394-9d7fa9db14ba	11	94062508	97017533	2070	0.2983
716de860-5313-47d4-b394-9d7fa9db14ba	11	97017602	121018173	15638	0.2585
716de860-5313-47d4-b394-9d7fa9db14ba	11	121018836	121673934	503	0.3259
716de860-5313-47d4-b394-9d7fa9db14ba	11	121684202	121787431	72	0.2075
716de860-5313-47d4-b394-9d7fa9db14ba	11	121787804	122450355	439	0.3308
716de860-5313-47d4-b394-9d7fa9db14ba	11	122452490	123712908	954	0.249
716de860-5313-47d4-b394-9d7fa9db14ba	11	123717071	131230668	5319	0.278
716de860-5313-47d4-b394-9d7fa9db14ba	11	131233011	134272740	1892	0.2395
716de860-5313-47d4-b394-9d7fa9db14ba	12	780472	2325612	546	0.451
716de860-5313-47d4-b394-9d7fa9db14ba	12	2327356	3940036	1049	0.1968
716de860-5313-47d4-b394-9d7fa9db14ba	12	3940521	4294698	291	0.3233
716de860-5313-47d4-b394-9d7fa9db14ba	12	4294710	4831062	395	0.2242
716de860-5313-47d4-b394-9d7fa9db14ba	12	4831088	4831344	2	-1.1485
716de860-5313-47d4-b394-9d7fa9db14ba	12	4833009	5462282	623	0.2398
716de860-5313-47d4-b394-9d7fa9db14ba	12	5462679	6087247	524	0.377
716de860-5313-47d4-b394-9d7fa9db14ba	12	6088143	8861159	1095	0.1912
716de860-5313-47d4-b394-9d7fa9db14ba	12	8863598	10176099	637	0.3567
716de860-5313-47d4-b394-9d7fa9db14ba	12	10204175	12522356	1379	0.2339
716de860-5313-47d4-b394-9d7fa9db14ba	12	12522920	12527232	4	-1.7765
716de860-5313-47d4-b394-9d7fa9db14ba	12	12531606	12667780	84	0.2764
716de860-5313-47d4-b394-9d7fa9db14ba	12	12669503	13232876	185	0.3603
716de860-5313-47d4-b394-9d7fa9db14ba	12	13233953	14361479	919	0.2662
716de860-5313-47d4-b394-9d7fa9db14ba	12	14366661	15802305	808	0.3687
716de860-5313-47d4-b394-9d7fa9db14ba	12	15805070	19743884	2392	0.2301
716de860-5313-47d4-b394-9d7fa9db14ba	12	19746065	24732783	3259	0.3412
716de860-5313-47d4-b394-9d7fa9db14ba	12	24735028	25973317	792	0.0845
716de860-5313-47d4-b394-9d7fa9db14ba	12	25974012	26796716	599	0.1575
716de860-5313-47d4-b394-9d7fa9db14ba	12	26796748	27580729	412	0.0972
716de860-5313-47d4-b394-9d7fa9db14ba	12	27581330	30764086	2178	-0.1561
716de860-5313-47d4-b394-9d7fa9db14ba	12	30772428	31776459	543	0.257
716de860-5313-47d4-b394-9d7fa9db14ba	12	31778441	31947436	74	0.3045
716de860-5313-47d4-b394-9d7fa9db14ba	12	31947540	41407845	2493	0.3705
716de860-5313-47d4-b394-9d7fa9db14ba	12	41407912	42818897	925	0.2901
716de860-5313-47d4-b394-9d7fa9db14ba	12	43344680	46023048	1478	0.1491
716de860-5313-47d4-b394-9d7fa9db14ba	12	46024878	46564445	324	0.3264
716de860-5313-47d4-b394-9d7fa9db14ba	12	46566874	48574381	1184	0.1514
716de860-5313-47d4-b394-9d7fa9db14ba	12	48578679	48862015	141	0.0468
716de860-5313-47d4-b394-9d7fa9db14ba	12	48868610	51111016	1017	-0.064
716de860-5313-47d4-b394-9d7fa9db14ba	12	51112545	51401161	140	0.045
716de860-5313-47d4-b394-9d7fa9db14ba	12	51401839	53196140	1024	0.1439
716de860-5313-47d4-b394-9d7fa9db14ba	12	53204261	53445433	110	0.0622
716de860-5313-47d4-b394-9d7fa9db14ba	12	53447936	53854053	233	-0.0789
716de860-5313-47d4-b394-9d7fa9db14ba	12	53857680	55117654	691	0.0073
716de860-5313-47d4-b394-9d7fa9db14ba	12	55118113	57680426	1242	0.0785
716de860-5313-47d4-b394-9d7fa9db14ba	12	57685741	63473244	3701	0.1155
716de860-5313-47d4-b394-9d7fa9db14ba	12	63476675	68516854	3167	0.0488
716de860-5313-47d4-b394-9d7fa9db14ba	12	68519620	68821685	173	-0.027
716de860-5313-47d4-b394-9d7fa9db14ba	12	68821763	68834838	15	-0.3016
716de860-5313-47d4-b394-9d7fa9db14ba	12	68834860	68922084	71	-0.0398
716de860-5313-47d4-b394-9d7fa9db14ba	12	68922666	77372136	5020	0.0602
716de860-5313-47d4-b394-9d7fa9db14ba	12	77372151	78384644	829	-0.0304
716de860-5313-47d4-b394-9d7fa9db14ba	12	78386889	94034549	9154	0.0009
716de860-5313-47d4-b394-9d7fa9db14ba	12	94034789	96734867	1896	-0.0471
716de860-5313-47d4-b394-9d7fa9db14ba	12	96735067	100726523	2479	-0.0024
716de860-5313-47d4-b394-9d7fa9db14ba	12	100727395	100965256	184	0.1149
716de860-5313-47d4-b394-9d7fa9db14ba	12	100965352	107357000	4355	-0.0045
716de860-5313-47d4-b394-9d7fa9db14ba	12	107357137	114121479	3546	-0.0506
716de860-5313-47d4-b394-9d7fa9db14ba	12	114121561	116207509	1637	0.0008
716de860-5313-47d4-b394-9d7fa9db14ba	12	116207615	116651451	294	-0.0986
716de860-5313-47d4-b394-9d7fa9db14ba	12	116652647	124250559	4071	-0.0437
716de860-5313-47d4-b394-9d7fa9db14ba	12	124250937	124251382	2	-1.1091
716de860-5313-47d4-b394-9d7fa9db14ba	12	124252463	125157068	563	-0.0925
716de860-5313-47d4-b394-9d7fa9db14ba	12	125179811	125785204	474	0.0129
716de860-5313-47d4-b394-9d7fa9db14ba	12	125786599	126864910	683	-0.0527
716de860-5313-47d4-b394-9d7fa9db14ba	12	126864917	132605822	2260	-0.0889
716de860-5313-47d4-b394-9d7fa9db14ba	13	18874255	21051122	777	0.1952
716de860-5313-47d4-b394-9d7fa9db14ba	13	21051305	21098586	23	0.5887
716de860-5313-47d4-b394-9d7fa9db14ba	13	21098640	28054780	4397	0.2227
716de860-5313-47d4-b394-9d7fa9db14ba	13	28054793	28219345	119	0.0879
716de860-5313-47d4-b394-9d7fa9db14ba	13	28219622	30973362	2026	0.2138
716de860-5313-47d4-b394-9d7fa9db14ba	13	30976306	32293530	778	0.4961
716de860-5313-47d4-b394-9d7fa9db14ba	13	32296306	32765562	338	0.399
716de860-5313-47d4-b394-9d7fa9db14ba	13	32770263	33270788	405	0.508
716de860-5313-47d4-b394-9d7fa9db14ba	13	33270970	35968530	1793	0.375
716de860-5313-47d4-b394-9d7fa9db14ba	13	35968617	36087299	101	0.3106
716de860-5313-47d4-b394-9d7fa9db14ba	13	36087960	37264157	773	0.2343
716de860-5313-47d4-b394-9d7fa9db14ba	13	37265114	38005201	526	0.3709
716de860-5313-47d4-b394-9d7fa9db14ba	13	38005748	44034906	3915	0.1467
716de860-5313-47d4-b394-9d7fa9db14ba	13	44038739	44303911	217	0.2686
716de860-5313-47d4-b394-9d7fa9db14ba	13	44306647	45655312	727	0.1159
716de860-5313-47d4-b394-9d7fa9db14ba	13	45656725	53776480	4228	0.2579
716de860-5313-47d4-b394-9d7fa9db14ba	13	53783917	70936027	8382	0.1983
716de860-5313-47d4-b394-9d7fa9db14ba	13	70943370	72632980	1095	0.2537
716de860-5313-47d4-b394-9d7fa9db14ba	13	72635843	73049535	223	0.3365
716de860-5313-47d4-b394-9d7fa9db14ba	13	73056482	74303064	972	0.648
716de860-5313-47d4-b394-9d7fa9db14ba	13	74306275	80103879	3859	0.37
716de860-5313-47d4-b394-9d7fa9db14ba	13	80107459	80733907	367	0.3145
716de860-5313-47d4-b394-9d7fa9db14ba	13	80733990	80808934	39	0.5682
716de860-5313-47d4-b394-9d7fa9db14ba	13	80814725	85242988	2454	0.3178
716de860-5313-47d4-b394-9d7fa9db14ba	13	85243528	86137158	580	0.3906
716de860-5313-47d4-b394-9d7fa9db14ba	13	86137617	94018762	4697	0.3209
716de860-5313-47d4-b394-9d7fa9db14ba	13	94019932	114161416	13171	0.3562
716de860-5313-47d4-b394-9d7fa9db14ba	13	114162629	114226675	42	0.2374
716de860-5313-47d4-b394-9d7fa9db14ba	14	20033191	21635545	908	-0.1002
716de860-5313-47d4-b394-9d7fa9db14ba	14	22664303	23756361	474	0.1048
716de860-5313-47d4-b394-9d7fa9db14ba	14	23762392	34601523	6639	-0.0719
716de860-5313-47d4-b394-9d7fa9db14ba	14	34601950	36122181	682	0.1712
716de860-5313-47d4-b394-9d7fa9db14ba	14	36124878	37154384	805	-0.053
716de860-5313-47d4-b394-9d7fa9db14ba	14	37157295	46731158	4170	-0.1129
716de860-5313-47d4-b394-9d7fa9db14ba	14	46731833	46735067	2	-1.5292
716de860-5313-47d4-b394-9d7fa9db14ba	14	46736497	59767489	8259	-0.1016
716de860-5313-47d4-b394-9d7fa9db14ba	14	59772498	59926946	70	-0.3638
716de860-5313-47d4-b394-9d7fa9db14ba	14	59929166	60231428	168	-0.0662
716de860-5313-47d4-b394-9d7fa9db14ba	14	60234233	76825609	9884	-0.3942
716de860-5313-47d4-b394-9d7fa9db14ba	14	76825750	78056289	852	-0.4559
716de860-5313-47d4-b394-9d7fa9db14ba	14	78056543	89170142	7021	-0.3876
716de860-5313-47d4-b394-9d7fa9db14ba	14	89172437	90323018	756	-0.7066
716de860-5313-47d4-b394-9d7fa9db14ba	14	90327726	90429740	59	-0.3225
716de860-5313-47d4-b394-9d7fa9db14ba	14	90430231	91626973	683	-0.0657
716de860-5313-47d4-b394-9d7fa9db14ba	14	91627376	93958769	1447	-0.462
716de860-5313-47d4-b394-9d7fa9db14ba	14	93959048	93959908	3	-2.0927
716de860-5313-47d4-b394-9d7fa9db14ba	14	93960716	97123059	2419	-0.4763
716de860-5313-47d4-b394-9d7fa9db14ba	14	97123227	97888943	552	-0.4171
716de860-5313-47d4-b394-9d7fa9db14ba	14	97889609	97903026	12	-0.9747
716de860-5313-47d4-b394-9d7fa9db14ba	14	97905123	99005975	783	-0.4091
716de860-5313-47d4-b394-9d7fa9db14ba	14	99006468	105533894	3105	-0.4841
716de860-5313-47d4-b394-9d7fa9db14ba	15	23437561	24733099	569	-0.3956
716de860-5313-47d4-b394-9d7fa9db14ba	15	24733247	31498512	2577	-0.4666
716de860-5313-47d4-b394-9d7fa9db14ba	15	31499260	39983295	5208	-0.3935
716de860-5313-47d4-b394-9d7fa9db14ba	15	39987017	40194954	118	0.0864
716de860-5313-47d4-b394-9d7fa9db14ba	15	40198510	45879729	2516	-0.4287
716de860-5313-47d4-b394-9d7fa9db14ba	15	45880004	58669857	8180	-0.3557
716de860-5313-47d4-b394-9d7fa9db14ba	15	58679570	59923064	795	-0.4228
716de860-5313-47d4-b394-9d7fa9db14ba	15	59925133	61222285	1083	0.1259
716de860-5313-47d4-b394-9d7fa9db14ba	15	61232416	76617690	9081	-0.4125
716de860-5313-47d4-b394-9d7fa9db14ba	15	76622896	76747694	56	-0.9011
716de860-5313-47d4-b394-9d7fa9db14ba	15	76747786	84744517	4299	-0.4085
716de860-5313-47d4-b394-9d7fa9db14ba	15	84744850	101344124	10256	-0.3296
716de860-5313-47d4-b394-9d7fa9db14ba	16	603333	7688400	3192	0.0728
716de860-5313-47d4-b394-9d7fa9db14ba	16	7688937	10231388	1953	0.1296
716de860-5313-47d4-b394-9d7fa9db14ba	16	10232100	10271015	52	0.0544
716de860-5313-47d4-b394-9d7fa9db14ba	16	10272419	12167300	1162	0.5145
716de860-5313-47d4-b394-9d7fa9db14ba	16	12167767	14657199	1894	0.114
716de860-5313-47d4-b394-9d7fa9db14ba	16	18797068	20189405	772	0.4548
716de860-5313-47d4-b394-9d7fa9db14ba	16	20192418	20695969	269	0.1819
716de860-5313-47d4-b394-9d7fa9db14ba	16	20696489	21348993	360	0.0935
716de860-5313-47d4-b394-9d7fa9db14ba	16	22773239	23034533	189	0.2264
716de860-5313-47d4-b394-9d7fa9db14ba	16	23034622	23784226	402	0.0944
716de860-5313-47d4-b394-9d7fa9db14ba	16	23787276	24603421	538	0.4417
716de860-5313-47d4-b394-9d7fa9db14ba	16	24603762	25120392	294	0.3463
716de860-5313-47d4-b394-9d7fa9db14ba	16	25123586	25341460	141	0.2506
716de860-5313-47d4-b394-9d7fa9db14ba	16	25341968	26120957	647	0.3475
716de860-5313-47d4-b394-9d7fa9db14ba	16	26121058	26121117	2	1.3022
716de860-5313-47d4-b394-9d7fa9db14ba	16	26121322	26198709	47	0.3222
716de860-5313-47d4-b394-9d7fa9db14ba	16	26200445	26645124	367	0.4069
716de860-5313-47d4-b394-9d7fa9db14ba	16	26650597	28257592	1014	0.2359
716de860-5313-47d4-b394-9d7fa9db14ba	16	28257780	30889436	354	0.1811
716de860-5313-47d4-b394-9d7fa9db14ba	16	30895425	31152667	89	0.0597
716de860-5313-47d4-b394-9d7fa9db14ba	16	31154707	31157196	3	-0.7293
716de860-5313-47d4-b394-9d7fa9db14ba	16	31159869	51233534	3051	0.0808
716de860-5313-47d4-b394-9d7fa9db14ba	16	51235555	51895338	512	0.1527
716de860-5313-47d4-b394-9d7fa9db14ba	16	51897300	52683211	604	0.2743
716de860-5313-47d4-b394-9d7fa9db14ba	16	52683439	56282314	2743	0.1055
716de860-5313-47d4-b394-9d7fa9db14ba	16	56283304	71305441	8480	0.0801
716de860-5313-47d4-b394-9d7fa9db14ba	16	71308968	74291454	1826	0.12
716de860-5313-47d4-b394-9d7fa9db14ba	16	74291845	75814390	705	0.0603
716de860-5313-47d4-b394-9d7fa9db14ba	16	75815722	76398477	435	0.1013
716de860-5313-47d4-b394-9d7fa9db14ba	16	76398501	76487237	82	0.2272
716de860-5313-47d4-b394-9d7fa9db14ba	16	76487339	76871411	188	0.1258
716de860-5313-47d4-b394-9d7fa9db14ba	16	76872672	76875989	4	-0.5
716de860-5313-47d4-b394-9d7fa9db14ba	16	76876739	76997608	124	0.1156
716de860-5313-47d4-b394-9d7fa9db14ba	16	77000992	79111485	1893	0.0473
716de860-5313-47d4-b394-9d7fa9db14ba	16	79113570	81957819	2407	0.0871
716de860-5313-47d4-b394-9d7fa9db14ba	16	81958259	83648348	1563	0.1281
716de860-5313-47d4-b394-9d7fa9db14ba	16	83648919	89317317	2869	0.0578
716de860-5313-47d4-b394-9d7fa9db14ba	17	1074619	2800203	729	-0.1416
716de860-5313-47d4-b394-9d7fa9db14ba	17	2804311	2833858	12	-0.6878
716de860-5313-47d4-b394-9d7fa9db14ba	17	2835767	26943491	8993	-0.114
716de860-5313-47d4-b394-9d7fa9db14ba	17	26943774	27646278	302	0.6384
716de860-5313-47d4-b394-9d7fa9db14ba	17	27647232	27753793	67	-0.0029
716de860-5313-47d4-b394-9d7fa9db14ba	17	27754003	27769571	13	-0.2717
716de860-5313-47d4-b394-9d7fa9db14ba	17	27769698	27837468	50	-0.0204
716de860-5313-47d4-b394-9d7fa9db14ba	17	27848356	32041301	1776	0.6607
716de860-5313-47d4-b394-9d7fa9db14ba	17	32059530	32148412	30	-0.0687
716de860-5313-47d4-b394-9d7fa9db14ba	17	32153161	32162866	9	0.7216
716de860-5313-47d4-b394-9d7fa9db14ba	17	32165619	37561220	2566	-0.0949
716de860-5313-47d4-b394-9d7fa9db14ba	17	37564796	37610983	26	0.5425
716de860-5313-47d4-b394-9d7fa9db14ba	17	37611838	37763774	120	1.0689
716de860-5313-47d4-b394-9d7fa9db14ba	17	38254377	39164233	426	0.7602
716de860-5313-47d4-b394-9d7fa9db14ba	17	39165352	39419381	102	1.1917
716de860-5313-47d4-b394-9d7fa9db14ba	17	39423166	39529133	39	0.6556
716de860-5313-47d4-b394-9d7fa9db14ba	17	39529148	39720645	118	0.9483
716de860-5313-47d4-b394-9d7fa9db14ba	17	39720681	39720995	3	0.1067
716de860-5313-47d4-b394-9d7fa9db14ba	17	39725020	40036380	141	0.9377
716de860-5313-47d4-b394-9d7fa9db14ba	17	40041052	40181572	49	0.3354
716de860-5313-47d4-b394-9d7fa9db14ba	17	40185351	40560309	162	-0.0933
716de860-5313-47d4-b394-9d7fa9db14ba	17	40574179	40769250	121	0.1518
716de860-5313-47d4-b394-9d7fa9db14ba	17	40771762	41614748	469	-0.0396
716de860-5313-47d4-b394-9d7fa9db14ba	17	41616943	47617293	2129	-0.1171
716de860-5313-47d4-b394-9d7fa9db14ba	17	47623967	47788858	86	0.1174
716de860-5313-47d4-b394-9d7fa9db14ba	17	47795563	51619381	1828	-0.114
716de860-5313-47d4-b394-9d7fa9db14ba	17	51619501	58976060	4812	-0.0642
716de860-5313-47d4-b394-9d7fa9db14ba	17	59093350	59381086	126	0.9409
716de860-5313-47d4-b394-9d7fa9db14ba	17	59382195	60245742	390	1.2894
716de860-5313-47d4-b394-9d7fa9db14ba	17	60249685	60921651	334	1.5847
716de860-5313-47d4-b394-9d7fa9db14ba	17	60922010	61855832	499	1.9303
716de860-5313-47d4-b394-9d7fa9db14ba	17	61856231	62041077	83	1.6083
716de860-5313-47d4-b394-9d7fa9db14ba	17	62044963	63219748	509	1.1199
716de860-5313-47d4-b394-9d7fa9db14ba	17	63236692	64231014	485	0.3554
716de860-5313-47d4-b394-9d7fa9db14ba	17	64232186	65867872	838	0.1226
716de860-5313-47d4-b394-9d7fa9db14ba	17	65869990	72481409	4406	-0.0739
716de860-5313-47d4-b394-9d7fa9db14ba	17	72481911	72531936	35	-0.7826
716de860-5313-47d4-b394-9d7fa9db14ba	17	72532066	82959812	4390	-0.1302
716de860-5313-47d4-b394-9d7fa9db14ba	18	326691	2985985	986	-0.0239
716de860-5313-47d4-b394-9d7fa9db14ba	18	2993336	9967374	4552	-0.3897
716de860-5313-47d4-b394-9d7fa9db14ba	18	9967449	10133182	152	-0.8293
716de860-5313-47d4-b394-9d7fa9db14ba	18	10133807	10275994	84	-0.4304
716de860-5313-47d4-b394-9d7fa9db14ba	18	10279132	11203330	713	-0.8234
716de860-5313-47d4-b394-9d7fa9db14ba	18	11204209	11329872	93	-0.3747
716de860-5313-47d4-b394-9d7fa9db14ba	18	11333974	11503485	118	-0.0568
716de860-5313-47d4-b394-9d7fa9db14ba	18	11503915	13895250	1378	-0.4257
716de860-5313-47d4-b394-9d7fa9db14ba	18	13908503	14661644	183	-0.12
716de860-5313-47d4-b394-9d7fa9db14ba	18	21109102	21608549	196	0.3468
716de860-5313-47d4-b394-9d7fa9db14ba	18	21610160	22113526	233	0.5281
716de860-5313-47d4-b394-9d7fa9db14ba	18	22116709	22146757	22	-0.4839
716de860-5313-47d4-b394-9d7fa9db14ba	18	22150385	22591168	270	0.4082
716de860-5313-47d4-b394-9d7fa9db14ba	18	22596123	23625602	555	-0.4204
716de860-5313-47d4-b394-9d7fa9db14ba	18	23628944	26153815	1691	0.4162
716de860-5313-47d4-b394-9d7fa9db14ba	18	26155717	27262474	745	0.2206
716de860-5313-47d4-b394-9d7fa9db14ba	18	27266247	27276596	3	-0.6153
716de860-5313-47d4-b394-9d7fa9db14ba	18	27278180	27734269	282	0.2716
716de860-5313-47d4-b394-9d7fa9db14ba	18	27735349	27991502	192	0.3888
716de860-5313-47d4-b394-9d7fa9db14ba	18	27998279	31347544	1952	-0.353
716de860-5313-47d4-b394-9d7fa9db14ba	18	31347917	31841681	296	-0.0272
716de860-5313-47d4-b394-9d7fa9db14ba	18	31846706	32478862	432	-0.3807
716de860-5313-47d4-b394-9d7fa9db14ba	18	32480671	37291471	2904	-0.8106
716de860-5313-47d4-b394-9d7fa9db14ba	18	37292241	37523704	171	-1.0753
716de860-5313-47d4-b394-9d7fa9db14ba	18	37523897	39012518	1008	-0.8269
716de860-5313-47d4-b394-9d7fa9db14ba	18	39013210	42423309	1946	-0.5643
716de860-5313-47d4-b394-9d7fa9db14ba	18	42425866	43595136	602	-0.8376
716de860-5313-47d4-b394-9d7fa9db14ba	18	43595768	50880033	4871	-0.4236
716de860-5313-47d4-b394-9d7fa9db14ba	18	50880715	63274208	8115	-0.1896
716de860-5313-47d4-b394-9d7fa9db14ba	18	63275862	63334689	56	-0.4222
716de860-5313-47d4-b394-9d7fa9db14ba	18	63335708	63346535	10	-0.0525
716de860-5313-47d4-b394-9d7fa9db14ba	18	63346672	64342545	705	0.1553
716de860-5313-47d4-b394-9d7fa9db14ba	18	64342693	65489425	596	-0.0854
716de860-5313-47d4-b394-9d7fa9db14ba	18	65490849	66721918	446	0.3119
716de860-5313-47d4-b394-9d7fa9db14ba	18	66725882	68118231	720	0.0783
716de860-5313-47d4-b394-9d7fa9db14ba	18	68124218	68797388	311	-0.1425
716de860-5313-47d4-b394-9d7fa9db14ba	18	68798652	68845461	29	0.2345
716de860-5313-47d4-b394-9d7fa9db14ba	18	68846019	68873465	17	-0.1353
716de860-5313-47d4-b394-9d7fa9db14ba	18	68876222	69481194	398	0.3291
716de860-5313-47d4-b394-9d7fa9db14ba	18	69488074	71378886	1155	0.1493
716de860-5313-47d4-b394-9d7fa9db14ba	18	71380423	74410171	488	0.346
716de860-5313-47d4-b394-9d7fa9db14ba	18	74474890	75202827	463	-0.093
716de860-5313-47d4-b394-9d7fa9db14ba	18	75210785	79349796	2754	-0.9143
716de860-5313-47d4-b394-9d7fa9db14ba	19	283868	21528153	7978	0.1873
716de860-5313-47d4-b394-9d7fa9db14ba	19	21534501	21538872	2	-1.3837
716de860-5313-47d4-b394-9d7fa9db14ba	19	21539503	28824699	1877	0.2078
716de860-5313-47d4-b394-9d7fa9db14ba	19	28825384	33747051	3482	0.2496
716de860-5313-47d4-b394-9d7fa9db14ba	19	33749170	36072847	1364	0.2085
716de860-5313-47d4-b394-9d7fa9db14ba	19	36073856	36077192	2	-0.8447
716de860-5313-47d4-b394-9d7fa9db14ba	19	36077896	36740291	317	0.1919
716de860-5313-47d4-b394-9d7fa9db14ba	19	36740496	37264829	254	0.5795
716de860-5313-47d4-b394-9d7fa9db14ba	19	37303948	37315248	11	-0.8337
716de860-5313-47d4-b394-9d7fa9db14ba	19	37323023	39146421	879	0.3669
716de860-5313-47d4-b394-9d7fa9db14ba	19	39147780	49035529	4164	0.1994
716de860-5313-47d4-b394-9d7fa9db14ba	19	49060867	52179313	1192	0.2604
716de860-5313-47d4-b394-9d7fa9db14ba	19	52182309	52567257	181	0.2112
716de860-5313-47d4-b394-9d7fa9db14ba	19	52567364	52663198	56	-0.2926
716de860-5313-47d4-b394-9d7fa9db14ba	19	52667381	58370362	2402	0.2475
716de860-5313-47d4-b394-9d7fa9db14ba	20	472817	652505	117	0.0771
716de860-5313-47d4-b394-9d7fa9db14ba	20	654410	1456503	434	0.2918
716de860-5313-47d4-b394-9d7fa9db14ba	20	1457869	1843535	260	0.7516
716de860-5313-47d4-b394-9d7fa9db14ba	20	1845167	2181952	279	0.6221
716de860-5313-47d4-b394-9d7fa9db14ba	20	2182134	3081265	666	0.4515
716de860-5313-47d4-b394-9d7fa9db14ba	20	3094607	3343103	149	0.2372
716de860-5313-47d4-b394-9d7fa9db14ba	20	3343686	3483290	79	0.1949
716de860-5313-47d4-b394-9d7fa9db14ba	20	3483653	6158638	1440	-0.0868
716de860-5313-47d4-b394-9d7fa9db14ba	20	6159285	7382972	836	-0.0209
716de860-5313-47d4-b394-9d7fa9db14ba	20	7383545	17434773	6851	-0.3519
716de860-5313-47d4-b394-9d7fa9db14ba	20	17434788	18836445	1060	-0.4253
716de860-5313-47d4-b394-9d7fa9db14ba	20	18839781	20410529	1351	-0.3745
716de860-5313-47d4-b394-9d7fa9db14ba	20	20411620	22645906	1440	-0.0504
716de860-5313-47d4-b394-9d7fa9db14ba	20	22649989	26217295	1992	-0.3977
716de860-5313-47d4-b394-9d7fa9db14ba	20	31247668	34254551	1488	0.0593
716de860-5313-47d4-b394-9d7fa9db14ba	20	34254727	35659101	644	0.276
716de860-5313-47d4-b394-9d7fa9db14ba	20	35659268	38995625	1840	0.0524
716de860-5313-47d4-b394-9d7fa9db14ba	20	38996035	43050958	2852	0.098
716de860-5313-47d4-b394-9d7fa9db14ba	20	43051186	49681321	4325	0.0664
716de860-5313-47d4-b394-9d7fa9db14ba	20	49738173	51090926	794	0.2654
716de860-5313-47d4-b394-9d7fa9db14ba	20	51092037	52697667	1134	0.0524
716de860-5313-47d4-b394-9d7fa9db14ba	20	52697981	53411204	528	0.318
716de860-5313-47d4-b394-9d7fa9db14ba	20	53411777	53937819	277	0.208
716de860-5313-47d4-b394-9d7fa9db14ba	20	53937953	54497028	465	0.3368
716de860-5313-47d4-b394-9d7fa9db14ba	20	54497487	55803525	1013	0.0927
716de860-5313-47d4-b394-9d7fa9db14ba	20	55803705	58063268	1677	0.0392
716de860-5313-47d4-b394-9d7fa9db14ba	20	58065474	59153554	761	0.0898
716de860-5313-47d4-b394-9d7fa9db14ba	20	59154157	59154379	3	-1.0165
716de860-5313-47d4-b394-9d7fa9db14ba	20	59154800	63588502	2798	0.0766
716de860-5313-47d4-b394-9d7fa9db14ba	21	13974127	18744653	2947	0.4031
716de860-5313-47d4-b394-9d7fa9db14ba	21	18745064	24939629	3871	0.3325
716de860-5313-47d4-b394-9d7fa9db14ba	21	24940160	27829716	2104	0.3794
716de860-5313-47d4-b394-9d7fa9db14ba	21	27832081	28764230	560	0.4346
716de860-5313-47d4-b394-9d7fa9db14ba	21	28764251	29172802	282	0.3588
716de860-5313-47d4-b394-9d7fa9db14ba	21	29173679	29249554	64	0.6757
716de860-5313-47d4-b394-9d7fa9db14ba	21	29256854	41562754	8621	0.3849
716de860-5313-47d4-b394-9d7fa9db14ba	21	41564593	46262057	2159	0.5817
716de860-5313-47d4-b394-9d7fa9db14ba	22	16934932	17727938	469	0.3446
716de860-5313-47d4-b394-9d7fa9db14ba	22	17728056	25839857	1449	0.4081
716de860-5313-47d4-b394-9d7fa9db14ba	22	25841814	32225175	4329	0.3014
716de860-5313-47d4-b394-9d7fa9db14ba	22	32225224	32929818	615	0.3578
716de860-5313-47d4-b394-9d7fa9db14ba	22	32930720	35970110	2429	0.2929
716de860-5313-47d4-b394-9d7fa9db14ba	22	35973464	36042533	26	0.6101
716de860-5313-47d4-b394-9d7fa9db14ba	22	36042607	36097885	6	0.2968
716de860-5313-47d4-b394-9d7fa9db14ba	22	36098081	40504073	2122	0.2454
716de860-5313-47d4-b394-9d7fa9db14ba	22	40507026	48940621	5650	-0.0547
716de860-5313-47d4-b394-9d7fa9db14ba	X	3236359	3486051	180	0.2856
716de860-5313-47d4-b394-9d7fa9db14ba	X	3489490	10451329	1594	0.5397
716de860-5313-47d4-b394-9d7fa9db14ba	X	10452145	11572278	642	0.6288
716de860-5313-47d4-b394-9d7fa9db14ba	X	11575386	14075384	1748	0.9019
716de860-5313-47d4-b394-9d7fa9db14ba	X	14076848	14731798	422	0.673
716de860-5313-47d4-b394-9d7fa9db14ba	X	14734133	15696773	287	0.609
716de860-5313-47d4-b394-9d7fa9db14ba	X	15696824	15696832	5	-0.019
716de860-5313-47d4-b394-9d7fa9db14ba	X	15705022	20439301	2062	0.5904
716de860-5313-47d4-b394-9d7fa9db14ba	X	20443399	21836477	641	0.9155
716de860-5313-47d4-b394-9d7fa9db14ba	X	21836650	23824351	1165	0.8364
716de860-5313-47d4-b394-9d7fa9db14ba	X	23825822	24556598	418	1.2164
716de860-5313-47d4-b394-9d7fa9db14ba	X	24556734	25691600	450	1.3675
716de860-5313-47d4-b394-9d7fa9db14ba	X	25694450	25838655	97	0.8385
716de860-5313-47d4-b394-9d7fa9db14ba	X	25839288	26337784	302	1.0174
716de860-5313-47d4-b394-9d7fa9db14ba	X	26340018	26588436	149	0.8512
716de860-5313-47d4-b394-9d7fa9db14ba	X	26589749	28331194	997	0.5458
716de860-5313-47d4-b394-9d7fa9db14ba	X	28333820	30209369	1073	0.8426
716de860-5313-47d4-b394-9d7fa9db14ba	X	30209878	34762321	1749	0.7176
716de860-5313-47d4-b394-9d7fa9db14ba	X	34770379	37656609	1357	0.3708
716de860-5313-47d4-b394-9d7fa9db14ba	X	37662630	39526739	1024	0.1284
716de860-5313-47d4-b394-9d7fa9db14ba	X	39528957	41635484	1083	0.0619
716de860-5313-47d4-b394-9d7fa9db14ba	X	41640969	44479702	1171	0.1506
716de860-5313-47d4-b394-9d7fa9db14ba	X	44481446	45013707	231	0.0225
716de860-5313-47d4-b394-9d7fa9db14ba	X	45014403	46210671	610	0.1244
716de860-5313-47d4-b394-9d7fa9db14ba	X	46214032	46226839	6	0.9531
716de860-5313-47d4-b394-9d7fa9db14ba	X	46228540	47061173	409	0.1102
716de860-5313-47d4-b394-9d7fa9db14ba	X	47064753	49618343	870	0.0454
716de860-5313-47d4-b394-9d7fa9db14ba	X	49636659	52426450	1198	0.1111
716de860-5313-47d4-b394-9d7fa9db14ba	X	52544810	55253927	894	0.3592
716de860-5313-47d4-b394-9d7fa9db14ba	X	55255726	55450216	103	0.4688
716de860-5313-47d4-b394-9d7fa9db14ba	X	55481074	55583689	46	0.9633
716de860-5313-47d4-b394-9d7fa9db14ba	X	55584511	56202631	295	0.6314
716de860-5313-47d4-b394-9d7fa9db14ba	X	56214954	56576159	58	0.8751
716de860-5313-47d4-b394-9d7fa9db14ba	X	56580320	56706591	40	0.6809
716de860-5313-47d4-b394-9d7fa9db14ba	X	56706903	56731318	2	-0.2572
716de860-5313-47d4-b394-9d7fa9db14ba	X	56732938	57317150	279	0.6605
716de860-5313-47d4-b394-9d7fa9db14ba	X	57317808	63080655	362	0.5365
716de860-5313-47d4-b394-9d7fa9db14ba	X	63085014	63874833	204	0.6701
716de860-5313-47d4-b394-9d7fa9db14ba	X	63879341	64954255	460	0.4329
716de860-5313-47d4-b394-9d7fa9db14ba	X	64954820	65393565	159	-0.5318
716de860-5313-47d4-b394-9d7fa9db14ba	X	65401807	70501810	2113	-0.8423
716de860-5313-47d4-b394-9d7fa9db14ba	X	70509562	70829816	134	-0.436
716de860-5313-47d4-b394-9d7fa9db14ba	X	70836208	72367392	618	-0.507
716de860-5313-47d4-b394-9d7fa9db14ba	X	72371358	90321513	7301	-0.4175
716de860-5313-47d4-b394-9d7fa9db14ba	X	91524751	91920217	117	-0.0307
716de860-5313-47d4-b394-9d7fa9db14ba	X	91921061	92417782	198	-0.2537
716de860-5313-47d4-b394-9d7fa9db14ba	X	92424329	92868702	116	-0.1035
716de860-5313-47d4-b394-9d7fa9db14ba	X	92870068	112919774	9030	-0.4077
716de860-5313-47d4-b394-9d7fa9db14ba	X	112919868	118307451	2409	-0.3131
716de860-5313-47d4-b394-9d7fa9db14ba	X	118308428	119824629	844	-0.3834
716de860-5313-47d4-b394-9d7fa9db14ba	X	119824663	119832914	2	-1.4049
716de860-5313-47d4-b394-9d7fa9db14ba	X	119833048	120740655	476	-0.381
716de860-5313-47d4-b394-9d7fa9db14ba	X	120741423	122955950	948	-0.3166
716de860-5313-47d4-b394-9d7fa9db14ba	X	122956207	123713169	511	-0.0731
716de860-5313-47d4-b394-9d7fa9db14ba	X	123714979	124242772	288	-0.1699
716de860-5313-47d4-b394-9d7fa9db14ba	X	124244186	124773312	345	-0.0881
716de860-5313-47d4-b394-9d7fa9db14ba	X	124773352	129565255	2117	-0.3001
716de860-5313-47d4-b394-9d7fa9db14ba	X	129565518	130232886	365	-0.4117
716de860-5313-47d4-b394-9d7fa9db14ba	X	130233245	133003929	1124	-0.2826
716de860-5313-47d4-b394-9d7fa9db14ba	X	133004103	135022354	962	-0.3471
716de860-5313-47d4-b394-9d7fa9db14ba	X	135027272	136487965	374	-0.2893
716de860-5313-47d4-b394-9d7fa9db14ba	X	136488487	136508178	7	-0.2031
716de860-5313-47d4-b394-9d7fa9db14ba	X	136508741	136838205	207	0.0055
716de860-5313-47d4-b394-9d7fa9db14ba	X	136840125	136973427	50	-0.1524
716de860-5313-47d4-b394-9d7fa9db14ba	X	136975821	137136135	74	0.0028
716de860-5313-47d4-b394-9d7fa9db14ba	X	137136803	137138726	2	0.8176
716de860-5313-47d4-b394-9d7fa9db14ba	X	137141666	137440291	174	0.0586
716de860-5313-47d4-b394-9d7fa9db14ba	X	137442746	148388931	5637	-0.0855
716de860-5313-47d4-b394-9d7fa9db14ba	X	148393982	150158545	718	-0.0228
716de860-5313-47d4-b394-9d7fa9db14ba	X	150158928	155677414	1841	-0.0816
