GDC_Aliquot	Chromosome	Start	End	Num_Probes	Segment_Mean
176c6c1e-0489-4c91-9678-a0b76d05f440	1	3301765	4430561	706	-0.1009
176c6c1e-0489-4c91-9678-a0b76d05f440	1	4431094	5773853	1073	-0.1668
176c6c1e-0489-4c91-9678-a0b76d05f440	1	5775005	6176837	204	-0.0739
176c6c1e-0489-4c91-9678-a0b76d05f440	1	6183275	6254762	25	0.3839
176c6c1e-0489-4c91-9678-a0b76d05f440	1	6256824	14470051	4161	-0.0983
176c6c1e-0489-4c91-9678-a0b76d05f440	1	14470758	15203833	582	-0.1731
176c6c1e-0489-4c91-9678-a0b76d05f440	1	15212530	17428271	883	-0.0804
176c6c1e-0489-4c91-9678-a0b76d05f440	1	17428319	18895348	1093	-0.1702
176c6c1e-0489-4c91-9678-a0b76d05f440	1	18896973	19470421	346	-0.1324
176c6c1e-0489-4c91-9678-a0b76d05f440	1	19470754	21841817	1376	-0.0772
176c6c1e-0489-4c91-9678-a0b76d05f440	1	21844077	23184455	747	-0.138
176c6c1e-0489-4c91-9678-a0b76d05f440	1	23186554	29249093	2580	-0.0697
176c6c1e-0489-4c91-9678-a0b76d05f440	1	29252645	32005625	1663	-0.1387
176c6c1e-0489-4c91-9678-a0b76d05f440	1	32011168	32811399	292	-0.7061
176c6c1e-0489-4c91-9678-a0b76d05f440	1	32815047	33597903	408	-0.1026
176c6c1e-0489-4c91-9678-a0b76d05f440	1	33599192	34678280	802	-0.1691
176c6c1e-0489-4c91-9678-a0b76d05f440	1	34679412	41353860	3438	-0.0898
176c6c1e-0489-4c91-9678-a0b76d05f440	1	41355898	42807569	924	-0.1697
176c6c1e-0489-4c91-9678-a0b76d05f440	1	42807837	47755033	2560	-0.0888
176c6c1e-0489-4c91-9678-a0b76d05f440	1	47755373	49325808	1025	-0.1939
176c6c1e-0489-4c91-9678-a0b76d05f440	1	49328034	54133040	2285	-0.1035
176c6c1e-0489-4c91-9678-a0b76d05f440	1	54137895	55086896	600	-0.1746
176c6c1e-0489-4c91-9678-a0b76d05f440	1	55086963	55886843	634	-0.1252
176c6c1e-0489-4c91-9678-a0b76d05f440	1	55886944	63001924	5180	-0.1886
176c6c1e-0489-4c91-9678-a0b76d05f440	1	63002242	65577429	1862	-0.1366
176c6c1e-0489-4c91-9678-a0b76d05f440	1	65580244	66949978	1053	-0.0465
176c6c1e-0489-4c91-9678-a0b76d05f440	1	66951872	69277944	1512	-0.1545
176c6c1e-0489-4c91-9678-a0b76d05f440	1	69279541	80826565	6430	-0.1309
176c6c1e-0489-4c91-9678-a0b76d05f440	1	80827228	84448899	2320	-0.1767
176c6c1e-0489-4c91-9678-a0b76d05f440	1	84449617	92622355	5133	-0.1228
176c6c1e-0489-4c91-9678-a0b76d05f440	1	92624773	94020934	728	-0.0633
176c6c1e-0489-4c91-9678-a0b76d05f440	1	94021031	99064022	3112	-0.1682
176c6c1e-0489-4c91-9678-a0b76d05f440	1	99064270	107459738	4727	-0.1217
176c6c1e-0489-4c91-9678-a0b76d05f440	1	107460142	112241121	2914	-0.07
176c6c1e-0489-4c91-9678-a0b76d05f440	1	112241359	115070326	1628	-0.1118
176c6c1e-0489-4c91-9678-a0b76d05f440	1	115073336	117299534	1591	-0.1845
176c6c1e-0489-4c91-9678-a0b76d05f440	1	117300031	119051015	960	-0.1055
176c6c1e-0489-4c91-9678-a0b76d05f440	1	119051198	119855725	516	-0.1894
176c6c1e-0489-4c91-9678-a0b76d05f440	1	119855759	157392700	3648	-0.0825
176c6c1e-0489-4c91-9678-a0b76d05f440	1	157396886	158073915	501	-0.0015
176c6c1e-0489-4c91-9678-a0b76d05f440	1	158074570	162019628	2377	-0.0903
176c6c1e-0489-4c91-9678-a0b76d05f440	1	162020316	164418570	1814	-0.1413
176c6c1e-0489-4c91-9678-a0b76d05f440	1	164418999	164979408	463	-0.2141
176c6c1e-0489-4c91-9678-a0b76d05f440	1	164979508	165683078	679	-0.1463
176c6c1e-0489-4c91-9678-a0b76d05f440	1	165685211	165751342	42	0.0258
176c6c1e-0489-4c91-9678-a0b76d05f440	1	165758175	167457187	1233	-0.1049
176c6c1e-0489-4c91-9678-a0b76d05f440	1	167457560	167599785	139	-0.0018
176c6c1e-0489-4c91-9678-a0b76d05f440	1	167599827	167600216	2	-1.1834
176c6c1e-0489-4c91-9678-a0b76d05f440	1	167602924	170096814	1848	-0.0928
176c6c1e-0489-4c91-9678-a0b76d05f440	1	170098094	173453063	2190	-0.1558
176c6c1e-0489-4c91-9678-a0b76d05f440	1	173457772	174587653	561	-0.0629
176c6c1e-0489-4c91-9678-a0b76d05f440	1	174589352	174833703	101	-0.2066
176c6c1e-0489-4c91-9678-a0b76d05f440	1	174833918	175448885	395	-0.0421
176c6c1e-0489-4c91-9678-a0b76d05f440	1	175449961	176614917	428	-0.1191
176c6c1e-0489-4c91-9678-a0b76d05f440	1	176616321	177503356	601	-0.1672
176c6c1e-0489-4c91-9678-a0b76d05f440	1	177503558	183781388	4197	-0.0876
176c6c1e-0489-4c91-9678-a0b76d05f440	1	183787502	189046689	3281	-0.1628
176c6c1e-0489-4c91-9678-a0b76d05f440	1	189047051	191786782	1460	-0.1181
176c6c1e-0489-4c91-9678-a0b76d05f440	1	191787560	193268671	986	-0.0493
176c6c1e-0489-4c91-9678-a0b76d05f440	1	193270274	194522938	833	-0.0921
176c6c1e-0489-4c91-9678-a0b76d05f440	1	194534832	197650228	1549	-0.141
176c6c1e-0489-4c91-9678-a0b76d05f440	1	197652181	200986315	2046	-0.0832
176c6c1e-0489-4c91-9678-a0b76d05f440	1	200991410	201573274	496	-0.1784
176c6c1e-0489-4c91-9678-a0b76d05f440	1	201573491	208092267	4081	-0.0987
176c6c1e-0489-4c91-9678-a0b76d05f440	1	208092711	210870553	2181	-0.1878
176c6c1e-0489-4c91-9678-a0b76d05f440	1	210874027	213486533	1545	-0.0943
176c6c1e-0489-4c91-9678-a0b76d05f440	1	213486558	221420526	5472	-0.1484
176c6c1e-0489-4c91-9678-a0b76d05f440	1	221424554	222090023	516	-0.0665
176c6c1e-0489-4c91-9678-a0b76d05f440	1	222092211	224882351	1616	-0.1452
176c6c1e-0489-4c91-9678-a0b76d05f440	1	224882466	227271546	1312	-0.0676
176c6c1e-0489-4c91-9678-a0b76d05f440	1	227271678	229121005	884	-0.1451
176c6c1e-0489-4c91-9678-a0b76d05f440	1	229124764	231758318	1764	-0.0902
176c6c1e-0489-4c91-9678-a0b76d05f440	1	231758698	233390216	1280	-0.2179
176c6c1e-0489-4c91-9678-a0b76d05f440	1	233390445	239024906	4146	-0.1477
176c6c1e-0489-4c91-9678-a0b76d05f440	1	239026884	240593549	1206	-0.1972
176c6c1e-0489-4c91-9678-a0b76d05f440	1	240598306	240883605	200	-0.9485
176c6c1e-0489-4c91-9678-a0b76d05f440	1	240884190	240884402	2	-3.0448
176c6c1e-0489-4c91-9678-a0b76d05f440	1	240885422	247650984	3637	-0.8417
176c6c1e-0489-4c91-9678-a0b76d05f440	2	480597	2939259	966	-0.165
176c6c1e-0489-4c91-9678-a0b76d05f440	2	2940817	4503795	1005	-0.0658
176c6c1e-0489-4c91-9678-a0b76d05f440	2	4509937	4745786	169	-0.1263
176c6c1e-0489-4c91-9678-a0b76d05f440	2	4747344	4748883	2	-1.516
176c6c1e-0489-4c91-9678-a0b76d05f440	2	4751107	5681385	713	-0.1241
176c6c1e-0489-4c91-9678-a0b76d05f440	2	5681616	6889352	996	-0.0175
176c6c1e-0489-4c91-9678-a0b76d05f440	2	6890826	7144140	238	-0.1375
176c6c1e-0489-4c91-9678-a0b76d05f440	2	7144989	9185004	1270	-0.2163
176c6c1e-0489-4c91-9678-a0b76d05f440	2	9188064	11444722	1540	-0.108
176c6c1e-0489-4c91-9678-a0b76d05f440	2	11446663	17081563	3838	-0.1604
176c6c1e-0489-4c91-9678-a0b76d05f440	2	17084633	17115181	24	-0.0707
176c6c1e-0489-4c91-9678-a0b76d05f440	2	17116722	17117032	2	-0.8859
176c6c1e-0489-4c91-9678-a0b76d05f440	2	17120303	18491757	983	-0.0772
176c6c1e-0489-4c91-9678-a0b76d05f440	2	18491968	19975141	1132	-0.1308
176c6c1e-0489-4c91-9678-a0b76d05f440	2	19978054	19978158	2	-1.1185
176c6c1e-0489-4c91-9678-a0b76d05f440	2	19978325	23428265	2124	-0.134
176c6c1e-0489-4c91-9678-a0b76d05f440	2	23428333	26575277	1526	-0.0684
176c6c1e-0489-4c91-9678-a0b76d05f440	2	26576163	29570263	1564	-0.1297
176c6c1e-0489-4c91-9678-a0b76d05f440	2	29570308	39478899	5196	-0.0748
176c6c1e-0489-4c91-9678-a0b76d05f440	2	39479184	41402191	1101	-0.1678
176c6c1e-0489-4c91-9678-a0b76d05f440	2	41405932	44202564	1872	-0.1105
176c6c1e-0489-4c91-9678-a0b76d05f440	2	44206426	48690628	2947	-0.0667
176c6c1e-0489-4c91-9678-a0b76d05f440	2	48692458	51390464	1475	-0.1578
176c6c1e-0489-4c91-9678-a0b76d05f440	2	51391375	51531137	124	-0.1003
176c6c1e-0489-4c91-9678-a0b76d05f440	2	51535207	51548086	13	-0.8848
176c6c1e-0489-4c91-9678-a0b76d05f440	2	51550391	54812156	1503	-0.1205
176c6c1e-0489-4c91-9678-a0b76d05f440	2	54814014	55952285	682	-0.0554
176c6c1e-0489-4c91-9678-a0b76d05f440	2	55952433	59887309	2363	-0.1324
176c6c1e-0489-4c91-9678-a0b76d05f440	2	59887661	61391525	877	-0.0329
176c6c1e-0489-4c91-9678-a0b76d05f440	2	61392057	63594529	1029	-0.0938
176c6c1e-0489-4c91-9678-a0b76d05f440	2	63600729	65645551	1108	-0.0482
176c6c1e-0489-4c91-9678-a0b76d05f440	2	65647101	67800023	1641	-0.1313
176c6c1e-0489-4c91-9678-a0b76d05f440	2	67800972	70352309	1485	-0.0682
176c6c1e-0489-4c91-9678-a0b76d05f440	2	70352354	78274834	4445	-0.1167
176c6c1e-0489-4c91-9678-a0b76d05f440	2	78277383	78413168	73	0.3016
176c6c1e-0489-4c91-9678-a0b76d05f440	2	78414792	78630476	102	-0.1046
176c6c1e-0489-4c91-9678-a0b76d05f440	2	78630744	80955423	1170	-0.1817
176c6c1e-0489-4c91-9678-a0b76d05f440	2	80955660	101711961	6523	-0.0986
176c6c1e-0489-4c91-9678-a0b76d05f440	2	101718284	105677436	2533	-0.1368
176c6c1e-0489-4c91-9678-a0b76d05f440	2	105678280	107315053	1087	-0.2016
176c6c1e-0489-4c91-9678-a0b76d05f440	2	107320084	118101491	4839	-0.1234
176c6c1e-0489-4c91-9678-a0b76d05f440	2	118101980	121056124	1840	-0.1774
176c6c1e-0489-4c91-9678-a0b76d05f440	2	121057396	123409446	1444	-0.1065
176c6c1e-0489-4c91-9678-a0b76d05f440	2	123412019	123862120	190	-0.8065
176c6c1e-0489-4c91-9678-a0b76d05f440	2	123866810	156198839	17150	-0.1267
176c6c1e-0489-4c91-9678-a0b76d05f440	2	156198862	159242021	1724	-0.1975
176c6c1e-0489-4c91-9678-a0b76d05f440	2	159243734	160461493	751	-0.1407
176c6c1e-0489-4c91-9678-a0b76d05f440	2	160463911	161910776	807	-0.0661
176c6c1e-0489-4c91-9678-a0b76d05f440	2	161911361	163600067	908	-0.1278
176c6c1e-0489-4c91-9678-a0b76d05f440	2	163600207	168871524	3180	-0.1666
176c6c1e-0489-4c91-9678-a0b76d05f440	2	168871808	169233314	265	-0.1111
176c6c1e-0489-4c91-9678-a0b76d05f440	2	169233341	172197022	1717	-0.0628
176c6c1e-0489-4c91-9678-a0b76d05f440	2	172201116	176568096	2842	-0.1352
176c6c1e-0489-4c91-9678-a0b76d05f440	2	176568235	177549967	672	-0.0697
176c6c1e-0489-4c91-9678-a0b76d05f440	2	177551666	179344639	1029	-0.1306
176c6c1e-0489-4c91-9678-a0b76d05f440	2	179348942	180604955	871	-0.0652
176c6c1e-0489-4c91-9678-a0b76d05f440	2	180608036	181231337	365	-0.1442
176c6c1e-0489-4c91-9678-a0b76d05f440	2	181234644	181678728	295	-0.2333
176c6c1e-0489-4c91-9678-a0b76d05f440	2	181680560	182881729	721	-0.1246
176c6c1e-0489-4c91-9678-a0b76d05f440	2	182889675	182895113	8	-0.5316
176c6c1e-0489-4c91-9678-a0b76d05f440	2	182896389	183181920	145	-0.1156
176c6c1e-0489-4c91-9678-a0b76d05f440	2	183186642	185352515	981	-0.0171
176c6c1e-0489-4c91-9678-a0b76d05f440	2	185352958	195627868	4508	-0.1188
176c6c1e-0489-4c91-9678-a0b76d05f440	2	195627964	196769806	674	-0.0424
176c6c1e-0489-4c91-9678-a0b76d05f440	2	196770231	203866082	3730	-0.1059
176c6c1e-0489-4c91-9678-a0b76d05f440	2	203866178	205871264	1435	-0.1822
176c6c1e-0489-4c91-9678-a0b76d05f440	2	205871274	210974009	2953	-0.1234
176c6c1e-0489-4c91-9678-a0b76d05f440	2	210976026	213756024	1711	-0.1684
176c6c1e-0489-4c91-9678-a0b76d05f440	2	213757546	216852306	1979	-0.1224
176c6c1e-0489-4c91-9678-a0b76d05f440	2	216852596	218048519	852	-0.1647
176c6c1e-0489-4c91-9678-a0b76d05f440	2	218051547	220412237	1315	-0.0861
176c6c1e-0489-4c91-9678-a0b76d05f440	2	220414423	221963550	1063	-0.1592
176c6c1e-0489-4c91-9678-a0b76d05f440	2	221963967	227270464	3452	-0.0777
176c6c1e-0489-4c91-9678-a0b76d05f440	2	227274337	229698609	1577	-0.1309
176c6c1e-0489-4c91-9678-a0b76d05f440	2	229701626	234190093	2293	-0.0838
176c6c1e-0489-4c91-9678-a0b76d05f440	2	234190725	236802815	1715	-0.2072
176c6c1e-0489-4c91-9678-a0b76d05f440	2	236811871	240941450	2441	-0.1286
176c6c1e-0489-4c91-9678-a0b76d05f440	2	240945784	241537572	318	-0.0264
176c6c1e-0489-4c91-9678-a0b76d05f440	3	2170634	3821595	1084	0.2831
176c6c1e-0489-4c91-9678-a0b76d05f440	3	3823831	4894367	527	0.349
176c6c1e-0489-4c91-9678-a0b76d05f440	3	4894970	7780784	1425	0.284
176c6c1e-0489-4c91-9678-a0b76d05f440	3	7785336	10372000	1651	0.3414
176c6c1e-0489-4c91-9678-a0b76d05f440	3	10372031	14289405	2685	0.3056
176c6c1e-0489-4c91-9678-a0b76d05f440	3	14289564	18053566	2349	0.3504
176c6c1e-0489-4c91-9678-a0b76d05f440	3	18053685	18542273	293	0.3055
176c6c1e-0489-4c91-9678-a0b76d05f440	3	18543873	19215468	305	0.2351
176c6c1e-0489-4c91-9678-a0b76d05f440	3	19215649	21377731	1112	0.3221
176c6c1e-0489-4c91-9678-a0b76d05f440	3	21379214	29390802	4698	0.2724
176c6c1e-0489-4c91-9678-a0b76d05f440	3	29391114	38144926	5506	0.3281
176c6c1e-0489-4c91-9678-a0b76d05f440	3	38144973	43176330	2988	0.2868
176c6c1e-0489-4c91-9678-a0b76d05f440	3	43179004	44184135	567	0.2241
176c6c1e-0489-4c91-9678-a0b76d05f440	3	44184840	46571732	1423	0.2902
176c6c1e-0489-4c91-9678-a0b76d05f440	3	46575821	54067912	3235	0.331
176c6c1e-0489-4c91-9678-a0b76d05f440	3	54068020	57745725	2560	0.2556
176c6c1e-0489-4c91-9678-a0b76d05f440	3	57749623	59241606	788	0.3213
176c6c1e-0489-4c91-9678-a0b76d05f440	3	59244814	65755650	4188	0.2615
176c6c1e-0489-4c91-9678-a0b76d05f440	3	65756205	68161221	1520	0.3497
176c6c1e-0489-4c91-9678-a0b76d05f440	3	68170698	70221348	1558	0.2607
176c6c1e-0489-4c91-9678-a0b76d05f440	3	70221487	71695861	950	0.3481
176c6c1e-0489-4c91-9678-a0b76d05f440	3	71696537	76116028	2641	0.2629
176c6c1e-0489-4c91-9678-a0b76d05f440	3	76119751	77042065	527	0.3751
176c6c1e-0489-4c91-9678-a0b76d05f440	3	77051481	113729292	17535	0.2964
176c6c1e-0489-4c91-9678-a0b76d05f440	3	113732655	116485454	1630	0.3429
176c6c1e-0489-4c91-9678-a0b76d05f440	3	116487878	116529919	31	0.6512
176c6c1e-0489-4c91-9678-a0b76d05f440	3	116530368	116594797	52	0.2958
176c6c1e-0489-4c91-9678-a0b76d05f440	3	116597006	116700187	49	-0.1963
176c6c1e-0489-4c91-9678-a0b76d05f440	3	116702736	116866434	192	0.2929
176c6c1e-0489-4c91-9678-a0b76d05f440	3	116867387	116901474	20	-0.1124
176c6c1e-0489-4c91-9678-a0b76d05f440	3	116902509	116935110	23	-0.7947
176c6c1e-0489-4c91-9678-a0b76d05f440	3	116937088	117018148	59	0.2849
176c6c1e-0489-4c91-9678-a0b76d05f440	3	117019549	117358489	258	-0.1149
176c6c1e-0489-4c91-9678-a0b76d05f440	3	117360108	117464796	89	0.3725
176c6c1e-0489-4c91-9678-a0b76d05f440	3	117468360	117631469	127	-0.0976
176c6c1e-0489-4c91-9678-a0b76d05f440	3	117633358	118351171	469	0.4409
176c6c1e-0489-4c91-9678-a0b76d05f440	3	118352447	122530308	2138	0.3348
176c6c1e-0489-4c91-9678-a0b76d05f440	3	122530923	131883444	5382	0.2793
176c6c1e-0489-4c91-9678-a0b76d05f440	3	131885273	133799889	1304	0.3612
176c6c1e-0489-4c91-9678-a0b76d05f440	3	133801137	134421515	375	0.3058
176c6c1e-0489-4c91-9678-a0b76d05f440	3	134424899	135376798	686	0.2443
176c6c1e-0489-4c91-9678-a0b76d05f440	3	135377377	138361788	1380	0.3088
176c6c1e-0489-4c91-9678-a0b76d05f440	3	138362209	140904182	1612	0.2387
176c6c1e-0489-4c91-9678-a0b76d05f440	3	140904562	144393319	1652	0.2839
176c6c1e-0489-4c91-9678-a0b76d05f440	3	144400752	144418630	11	-0.2171
176c6c1e-0489-4c91-9678-a0b76d05f440	3	144418736	150355850	2972	0.2643
176c6c1e-0489-4c91-9678-a0b76d05f440	3	150356464	152683537	1403	0.3233
176c6c1e-0489-4c91-9678-a0b76d05f440	3	152685236	155155531	1286	0.2413
176c6c1e-0489-4c91-9678-a0b76d05f440	3	155158836	169286030	7003	0.2864
176c6c1e-0489-4c91-9678-a0b76d05f440	3	169286415	170809511	937	0.3549
176c6c1e-0489-4c91-9678-a0b76d05f440	3	170810879	176156437	2575	0.2744
176c6c1e-0489-4c91-9678-a0b76d05f440	3	176156566	178158664	1023	0.385
176c6c1e-0489-4c91-9678-a0b76d05f440	3	178158812	178337974	79	0.3135
176c6c1e-0489-4c91-9678-a0b76d05f440	3	178340302	178366893	8	-0.0209
176c6c1e-0489-4c91-9678-a0b76d05f440	3	178372677	178478759	54	0.3376
176c6c1e-0489-4c91-9678-a0b76d05f440	3	178478906	178491791	6	-0.1424
176c6c1e-0489-4c91-9678-a0b76d05f440	3	178492932	179165384	366	0.329
176c6c1e-0489-4c91-9678-a0b76d05f440	3	179165882	179166084	6	-0.5265
176c6c1e-0489-4c91-9678-a0b76d05f440	3	179166158	182299701	1737	0.3028
176c6c1e-0489-4c91-9678-a0b76d05f440	3	182302154	184194551	655	0.3755
176c6c1e-0489-4c91-9678-a0b76d05f440	3	184194875	185910993	812	0.2908
176c6c1e-0489-4c91-9678-a0b76d05f440	3	185911199	185911401	2	-0.999
176c6c1e-0489-4c91-9678-a0b76d05f440	3	185914863	186130358	232	0.3093
176c6c1e-0489-4c91-9678-a0b76d05f440	3	186130763	187682451	1142	0.3817
176c6c1e-0489-4c91-9678-a0b76d05f440	3	187684727	187862008	117	0.966
176c6c1e-0489-4c91-9678-a0b76d05f440	3	187863073	188123506	170	1.5561
176c6c1e-0489-4c91-9678-a0b76d05f440	3	188124867	188140063	14	1.1958
176c6c1e-0489-4c91-9678-a0b76d05f440	3	188140231	188148966	9	0.8195
176c6c1e-0489-4c91-9678-a0b76d05f440	3	188149220	188193022	40	0.6825
176c6c1e-0489-4c91-9678-a0b76d05f440	3	188193342	189302164	740	0.3369
176c6c1e-0489-4c91-9678-a0b76d05f440	3	189302522	189569386	200	0.4371
176c6c1e-0489-4c91-9678-a0b76d05f440	3	189569741	190267108	474	0.3634
176c6c1e-0489-4c91-9678-a0b76d05f440	3	190267354	193155110	1745	0.2565
176c6c1e-0489-4c91-9678-a0b76d05f440	3	193169977	197812401	1755	0.3384
176c6c1e-0489-4c91-9678-a0b76d05f440	4	1059384	4937829	1697	-0.0941
176c6c1e-0489-4c91-9678-a0b76d05f440	4	4938267	6506114	1243	-0.1685
176c6c1e-0489-4c91-9678-a0b76d05f440	4	6506706	7487295	644	-0.085
176c6c1e-0489-4c91-9678-a0b76d05f440	4	7487377	8693217	749	-0.2125
176c6c1e-0489-4c91-9678-a0b76d05f440	4	8695449	10153248	394	-0.122
176c6c1e-0489-4c91-9678-a0b76d05f440	4	10153860	11267103	898	-0.0657
176c6c1e-0489-4c91-9678-a0b76d05f440	4	11267190	20132811	6209	-0.1415
176c6c1e-0489-4c91-9678-a0b76d05f440	4	20135938	24220795	2693	-0.1951
176c6c1e-0489-4c91-9678-a0b76d05f440	4	24222345	24985041	507	-0.144
176c6c1e-0489-4c91-9678-a0b76d05f440	4	24987782	27750839	1781	-0.0748
176c6c1e-0489-4c91-9678-a0b76d05f440	4	27751697	27761945	9	-0.8172
176c6c1e-0489-4c91-9678-a0b76d05f440	4	27767090	37333133	5681	-0.1461
176c6c1e-0489-4c91-9678-a0b76d05f440	4	37338961	40834619	2063	-0.0921
176c6c1e-0489-4c91-9678-a0b76d05f440	4	40834936	41812354	704	-0.1626
176c6c1e-0489-4c91-9678-a0b76d05f440	4	41812802	43531651	801	-0.0677
176c6c1e-0489-4c91-9678-a0b76d05f440	4	43534672	62590800	8833	-0.148
176c6c1e-0489-4c91-9678-a0b76d05f440	4	62597979	62894138	142	0.2889
176c6c1e-0489-4c91-9678-a0b76d05f440	4	62898044	70103419	3357	-0.131
176c6c1e-0489-4c91-9678-a0b76d05f440	4	70104102	71408937	678	-0.0378
176c6c1e-0489-4c91-9678-a0b76d05f440	4	71411968	72171511	361	-0.1307
176c6c1e-0489-4c91-9678-a0b76d05f440	4	72171533	77121178	3044	-0.1577
176c6c1e-0489-4c91-9678-a0b76d05f440	4	77123667	77613424	372	-0.1311
176c6c1e-0489-4c91-9678-a0b76d05f440	4	77617230	79574840	1171	-0.0943
176c6c1e-0489-4c91-9678-a0b76d05f440	4	79576928	80237067	358	-0.1625
176c6c1e-0489-4c91-9678-a0b76d05f440	4	80237391	81839016	946	-0.0659
176c6c1e-0489-4c91-9678-a0b76d05f440	4	81841588	82694909	526	-0.1246
176c6c1e-0489-4c91-9678-a0b76d05f440	4	82695462	83477837	448	-0.0682
176c6c1e-0489-4c91-9678-a0b76d05f440	4	83482504	84826192	845	-0.1559
176c6c1e-0489-4c91-9678-a0b76d05f440	4	84829381	86070849	790	-0.0437
176c6c1e-0489-4c91-9678-a0b76d05f440	4	86078653	88110665	1247	-0.1396
176c6c1e-0489-4c91-9678-a0b76d05f440	4	88117930	90829793	1518	-0.2073
176c6c1e-0489-4c91-9678-a0b76d05f440	4	90830655	99400208	4600	-0.1539
176c6c1e-0489-4c91-9678-a0b76d05f440	4	99400286	99400363	2	-2.1224
176c6c1e-0489-4c91-9678-a0b76d05f440	4	99401288	115053524	8983	-0.1183
176c6c1e-0489-4c91-9678-a0b76d05f440	4	115053552	138626909	12378	-0.1452
176c6c1e-0489-4c91-9678-a0b76d05f440	4	138628805	139886907	831	-0.0783
176c6c1e-0489-4c91-9678-a0b76d05f440	4	139886985	140909284	656	-0.1387
176c6c1e-0489-4c91-9678-a0b76d05f440	4	140909968	141756879	494	-0.2084
176c6c1e-0489-4c91-9678-a0b76d05f440	4	141757494	141758173	2	-1.0159
176c6c1e-0489-4c91-9678-a0b76d05f440	4	141758435	142263910	349	-0.1833
176c6c1e-0489-4c91-9678-a0b76d05f440	4	142265338	142571471	209	-0.1516
176c6c1e-0489-4c91-9678-a0b76d05f440	4	142572060	144795657	1084	-0.1045
176c6c1e-0489-4c91-9678-a0b76d05f440	4	144801647	144806380	2	-1.4952
176c6c1e-0489-4c91-9678-a0b76d05f440	4	144806693	147298174	1332	-0.1145
176c6c1e-0489-4c91-9678-a0b76d05f440	4	147298555	148794640	940	-0.2183
176c6c1e-0489-4c91-9678-a0b76d05f440	4	148798470	152475521	1811	-0.1349
176c6c1e-0489-4c91-9678-a0b76d05f440	4	152481052	153903529	908	-0.0763
176c6c1e-0489-4c91-9678-a0b76d05f440	4	153904116	154728056	442	-0.1453
176c6c1e-0489-4c91-9678-a0b76d05f440	4	154728757	160379786	3402	-0.1888
176c6c1e-0489-4c91-9678-a0b76d05f440	4	160380218	162899359	1495	-0.1267
176c6c1e-0489-4c91-9678-a0b76d05f440	4	162900048	164153740	719	-0.0439
176c6c1e-0489-4c91-9678-a0b76d05f440	4	164154216	165927994	834	-0.1419
176c6c1e-0489-4c91-9678-a0b76d05f440	4	165928705	167422751	755	-0.0604
176c6c1e-0489-4c91-9678-a0b76d05f440	4	167422948	168114662	301	-0.1205
176c6c1e-0489-4c91-9678-a0b76d05f440	4	168115889	169134605	729	-0.2034
176c6c1e-0489-4c91-9678-a0b76d05f440	4	169137437	171959780	1552	-0.8662
176c6c1e-0489-4c91-9678-a0b76d05f440	4	171960095	171964210	3	-3.0108
176c6c1e-0489-4c91-9678-a0b76d05f440	4	171970276	174800735	1498	-0.8311
176c6c1e-0489-4c91-9678-a0b76d05f440	4	174808400	175861613	521	-0.7388
176c6c1e-0489-4c91-9678-a0b76d05f440	4	175862780	180555651	2679	-0.8665
176c6c1e-0489-4c91-9678-a0b76d05f440	4	180556514	183573131	1355	-0.9325
176c6c1e-0489-4c91-9678-a0b76d05f440	4	183576356	187842528	1905	-0.8513
176c6c1e-0489-4c91-9678-a0b76d05f440	5	913983	2626438	743	-0.1052
176c6c1e-0489-4c91-9678-a0b76d05f440	5	2626916	4726944	1737	-0.193
176c6c1e-0489-4c91-9678-a0b76d05f440	5	4727544	7628436	2322	-0.1249
176c6c1e-0489-4c91-9678-a0b76d05f440	5	7628774	9411137	1378	-0.1783
176c6c1e-0489-4c91-9678-a0b76d05f440	5	9411266	9740508	276	-0.1349
176c6c1e-0489-4c91-9678-a0b76d05f440	5	9742234	10962115	744	-0.0763
176c6c1e-0489-4c91-9678-a0b76d05f440	5	10962622	16903003	3395	-0.1603
176c6c1e-0489-4c91-9678-a0b76d05f440	5	16903609	33042500	8821	-0.1232
176c6c1e-0489-4c91-9678-a0b76d05f440	5	33048527	41420415	4874	-0.1543
176c6c1e-0489-4c91-9678-a0b76d05f440	5	41420882	41425370	4	-1.2712
176c6c1e-0489-4c91-9678-a0b76d05f440	5	41435415	42741494	668	-0.1498
176c6c1e-0489-4c91-9678-a0b76d05f440	5	42744793	44487351	817	-0.0799
176c6c1e-0489-4c91-9678-a0b76d05f440	5	44487399	56376182	3767	-0.1374
176c6c1e-0489-4c91-9678-a0b76d05f440	5	56376272	60264387	2628	-0.1979
176c6c1e-0489-4c91-9678-a0b76d05f440	5	60264671	79764113	10289	-0.1312
176c6c1e-0489-4c91-9678-a0b76d05f440	5	79777389	81525392	1083	-0.0715
176c6c1e-0489-4c91-9678-a0b76d05f440	5	81525651	95714913	7379	-0.1417
176c6c1e-0489-4c91-9678-a0b76d05f440	5	95715470	96176764	289	-0.2374
176c6c1e-0489-4c91-9678-a0b76d05f440	5	96176900	96551541	243	-0.1066
176c6c1e-0489-4c91-9678-a0b76d05f440	5	96562131	97411946	511	0.3991
176c6c1e-0489-4c91-9678-a0b76d05f440	5	97412040	106304227	3728	0.3169
176c6c1e-0489-4c91-9678-a0b76d05f440	5	106307298	112545191	3750	0.2722
176c6c1e-0489-4c91-9678-a0b76d05f440	5	112545578	114655814	1530	0.3172
176c6c1e-0489-4c91-9678-a0b76d05f440	5	114656196	120320689	3339	0.3547
176c6c1e-0489-4c91-9678-a0b76d05f440	5	120323266	123661384	1876	0.2934
176c6c1e-0489-4c91-9678-a0b76d05f440	5	123662163	125622065	1259	0.4089
176c6c1e-0489-4c91-9678-a0b76d05f440	5	125622154	135276382	5516	0.3261
176c6c1e-0489-4c91-9678-a0b76d05f440	5	135277003	137418060	1542	0.2832
176c6c1e-0489-4c91-9678-a0b76d05f440	5	137424011	139447463	946	0.3296
176c6c1e-0489-4c91-9678-a0b76d05f440	5	139447861	139463851	3	-0.3098
176c6c1e-0489-4c91-9678-a0b76d05f440	5	139469401	141788561	991	0.3421
176c6c1e-0489-4c91-9678-a0b76d05f440	5	141790180	145827266	2625	0.2645
176c6c1e-0489-4c91-9678-a0b76d05f440	5	145827318	150658236	3238	0.3112
176c6c1e-0489-4c91-9678-a0b76d05f440	5	150658703	151424288	497	0.3962
176c6c1e-0489-4c91-9678-a0b76d05f440	5	151431172	152882165	1003	0.3258
176c6c1e-0489-4c91-9678-a0b76d05f440	5	152898460	156397017	2284	-0.1439
176c6c1e-0489-4c91-9678-a0b76d05f440	5	156397567	157828475	949	-0.0482
176c6c1e-0489-4c91-9678-a0b76d05f440	5	157829873	164159244	4017	-0.1278
176c6c1e-0489-4c91-9678-a0b76d05f440	5	164159263	171702903	5174	-0.169
176c6c1e-0489-4c91-9678-a0b76d05f440	5	171703209	174874303	2081	-0.0889
176c6c1e-0489-4c91-9678-a0b76d05f440	5	174874847	176291892	789	-0.198
176c6c1e-0489-4c91-9678-a0b76d05f440	5	176295907	180934240	2036	-0.1192
176c6c1e-0489-4c91-9678-a0b76d05f440	6	1011760	3197663	1668	0.3555
176c6c1e-0489-4c91-9678-a0b76d05f440	6	3203528	7645875	3212	0.3211
176c6c1e-0489-4c91-9678-a0b76d05f440	6	7646054	14681079	5031	0.36
176c6c1e-0489-4c91-9678-a0b76d05f440	6	14682844	17746282	1952	0.294
176c6c1e-0489-4c91-9678-a0b76d05f440	6	17816767	18267170	332	0.3472
176c6c1e-0489-4c91-9678-a0b76d05f440	6	18267452	18921087	488	0.435
176c6c1e-0489-4c91-9678-a0b76d05f440	6	18921943	19455646	407	0.3334
176c6c1e-0489-4c91-9678-a0b76d05f440	6	19456027	21540198	1437	0.3005
176c6c1e-0489-4c91-9678-a0b76d05f440	6	21540396	22150129	419	0.2222
176c6c1e-0489-4c91-9678-a0b76d05f440	6	22150832	23504363	1051	0.2754
176c6c1e-0489-4c91-9678-a0b76d05f440	6	23504966	24444903	640	0.3504
176c6c1e-0489-4c91-9678-a0b76d05f440	6	24445490	25300511	583	0.4243
176c6c1e-0489-4c91-9678-a0b76d05f440	6	25301178	26670022	638	0.3513
176c6c1e-0489-4c91-9678-a0b76d05f440	6	26936980	30365701	1206	0.307
176c6c1e-0489-4c91-9678-a0b76d05f440	6	30372309	33115107	453	0.3752
176c6c1e-0489-4c91-9678-a0b76d05f440	6	33115121	33115708	2	-0.7923
176c6c1e-0489-4c91-9678-a0b76d05f440	6	33116894	38593819	3070	0.3396
176c6c1e-0489-4c91-9678-a0b76d05f440	6	38594287	40555071	1513	0.2494
176c6c1e-0489-4c91-9678-a0b76d05f440	6	40555344	46174702	3245	0.3422
176c6c1e-0489-4c91-9678-a0b76d05f440	6	46174815	46958100	514	0.2753
176c6c1e-0489-4c91-9678-a0b76d05f440	6	46960032	46960083	2	-0.8898
176c6c1e-0489-4c91-9678-a0b76d05f440	6	46963821	51413237	2516	0.2792
176c6c1e-0489-4c91-9678-a0b76d05f440	6	51413395	54540195	2163	0.3649
176c6c1e-0489-4c91-9678-a0b76d05f440	6	54542557	61982317	1771	0.2995
176c6c1e-0489-4c91-9678-a0b76d05f440	6	61988789	62790037	361	0.395
176c6c1e-0489-4c91-9678-a0b76d05f440	6	62790382	70316621	4280	0.3174
176c6c1e-0489-4c91-9678-a0b76d05f440	6	70317256	74831381	2625	0.3502
176c6c1e-0489-4c91-9678-a0b76d05f440	6	74834150	74834414	2	-0.7286
176c6c1e-0489-4c91-9678-a0b76d05f440	6	74835204	76437229	889	0.3878
176c6c1e-0489-4c91-9678-a0b76d05f440	6	76444657	86643541	5567	-0.8357
176c6c1e-0489-4c91-9678-a0b76d05f440	6	86644789	90762298	2564	-0.7842
176c6c1e-0489-4c91-9678-a0b76d05f440	6	90762571	99844946	4632	-0.8488
176c6c1e-0489-4c91-9678-a0b76d05f440	6	99845123	103464744	1943	-0.7838
176c6c1e-0489-4c91-9678-a0b76d05f440	6	103464797	118898074	8750	-0.84
176c6c1e-0489-4c91-9678-a0b76d05f440	6	118898080	120844838	1162	0.3547
176c6c1e-0489-4c91-9678-a0b76d05f440	6	120845384	121655304	410	0.4341
176c6c1e-0489-4c91-9678-a0b76d05f440	6	121655598	122712053	575	0.3621
176c6c1e-0489-4c91-9678-a0b76d05f440	6	122712993	125372547	1642	0.3006
176c6c1e-0489-4c91-9678-a0b76d05f440	6	125372672	126836897	786	0.3568
176c6c1e-0489-4c91-9678-a0b76d05f440	6	126837341	129890190	1939	0.2988
176c6c1e-0489-4c91-9678-a0b76d05f440	6	129890640	130830005	636	0.4026
176c6c1e-0489-4c91-9678-a0b76d05f440	6	130831631	132140520	814	0.2786
176c6c1e-0489-4c91-9678-a0b76d05f440	6	132140908	135822450	2528	0.3496
176c6c1e-0489-4c91-9678-a0b76d05f440	6	135823859	138624199	1867	0.2738
176c6c1e-0489-4c91-9678-a0b76d05f440	6	138628345	146816925	4600	0.3293
176c6c1e-0489-4c91-9678-a0b76d05f440	6	146817093	148535149	1222	0.2692
176c6c1e-0489-4c91-9678-a0b76d05f440	6	148538097	153854651	3758	0.3332
176c6c1e-0489-4c91-9678-a0b76d05f440	6	153854737	155055628	789	0.2515
176c6c1e-0489-4c91-9678-a0b76d05f440	6	155058030	158540762	2169	0.3188
176c6c1e-0489-4c91-9678-a0b76d05f440	6	158542578	159219962	386	0.3847
176c6c1e-0489-4c91-9678-a0b76d05f440	6	159220368	159220804	5	-0.2709
176c6c1e-0489-4c91-9678-a0b76d05f440	6	159221931	160427711	867	0.3476
176c6c1e-0489-4c91-9678-a0b76d05f440	6	160428875	165394959	2924	0.2627
176c6c1e-0489-4c91-9678-a0b76d05f440	6	165395116	165990503	458	0.3111
176c6c1e-0489-4c91-9678-a0b76d05f440	6	165990847	166492046	349	0.4103
176c6c1e-0489-4c91-9678-a0b76d05f440	6	166492361	167030601	425	0.3471
176c6c1e-0489-4c91-9678-a0b76d05f440	6	167031346	167869558	75	0.6286
176c6c1e-0489-4c91-9678-a0b76d05f440	6	167877058	170596889	828	0.3092
176c6c1e-0489-4c91-9678-a0b76d05f440	7	664936	13107471	5687	0.3217
176c6c1e-0489-4c91-9678-a0b76d05f440	7	13107555	14636431	1201	0.4276
176c6c1e-0489-4c91-9678-a0b76d05f440	7	14638915	16792582	1464	0.3133
176c6c1e-0489-4c91-9678-a0b76d05f440	7	16792864	19771763	988	0.4038
176c6c1e-0489-4c91-9678-a0b76d05f440	7	19772265	21671243	1350	0.2902
176c6c1e-0489-4c91-9678-a0b76d05f440	7	21673454	22867612	928	0.4016
176c6c1e-0489-4c91-9678-a0b76d05f440	7	22868429	22868471	2	-0.631
176c6c1e-0489-4c91-9678-a0b76d05f440	7	22869489	23432999	369	0.3903
176c6c1e-0489-4c91-9678-a0b76d05f440	7	23434706	24271577	583	0.3309
176c6c1e-0489-4c91-9678-a0b76d05f440	7	24272067	24272084	2	-0.7564
176c6c1e-0489-4c91-9678-a0b76d05f440	7	24272109	26963304	1949	0.3354
176c6c1e-0489-4c91-9678-a0b76d05f440	7	26963835	27066450	39	0.2537
176c6c1e-0489-4c91-9678-a0b76d05f440	7	27072801	27076578	4	-0.8312
176c6c1e-0489-4c91-9678-a0b76d05f440	7	27077011	29511508	1510	0.2535
176c6c1e-0489-4c91-9678-a0b76d05f440	7	29511588	29887166	182	0.3282
176c6c1e-0489-4c91-9678-a0b76d05f440	7	29887502	30424366	333	0.4115
176c6c1e-0489-4c91-9678-a0b76d05f440	7	30427312	35265556	3048	0.3065
176c6c1e-0489-4c91-9678-a0b76d05f440	7	35265695	36145245	674	0.3716
176c6c1e-0489-4c91-9678-a0b76d05f440	7	36146441	37500148	1035	0.298
176c6c1e-0489-4c91-9678-a0b76d05f440	7	37507624	38070430	454	0.3868
176c6c1e-0489-4c91-9678-a0b76d05f440	7	38070471	38073039	7	-0.1489
176c6c1e-0489-4c91-9678-a0b76d05f440	7	38080471	40190747	1262	0.3219
176c6c1e-0489-4c91-9678-a0b76d05f440	7	40191366	43441841	1819	0.26
176c6c1e-0489-4c91-9678-a0b76d05f440	7	43444762	45699337	1198	0.3411
176c6c1e-0489-4c91-9678-a0b76d05f440	7	45700315	47171939	1107	0.2771
176c6c1e-0489-4c91-9678-a0b76d05f440	7	47172633	47741940	407	0.2013
176c6c1e-0489-4c91-9678-a0b76d05f440	7	47742115	48291461	335	0.2707
176c6c1e-0489-4c91-9678-a0b76d05f440	7	48292967	48296862	2	-0.5585
176c6c1e-0489-4c91-9678-a0b76d05f440	7	48297247	49233005	637	0.291
176c6c1e-0489-4c91-9678-a0b76d05f440	7	49233248	49324720	74	0.3356
176c6c1e-0489-4c91-9678-a0b76d05f440	7	49325095	50740336	1032	0.4026
176c6c1e-0489-4c91-9678-a0b76d05f440	7	50740390	55823095	3553	0.3164
176c6c1e-0489-4c91-9678-a0b76d05f440	7	55824073	55824208	2	-1.4228
176c6c1e-0489-4c91-9678-a0b76d05f440	7	55824469	70704463	3396	0.3238
176c6c1e-0489-4c91-9678-a0b76d05f440	7	70706173	70709837	4	0.4617
176c6c1e-0489-4c91-9678-a0b76d05f440	7	70711927	70829310	69	0.8605
176c6c1e-0489-4c91-9678-a0b76d05f440	7	70829337	77155440	1904	0.5992
176c6c1e-0489-4c91-9678-a0b76d05f440	7	77156835	78884504	1211	0.6783
176c6c1e-0489-4c91-9678-a0b76d05f440	7	78884551	86857530	4709	0.6068
176c6c1e-0489-4c91-9678-a0b76d05f440	7	86857682	87353636	277	0.7087
176c6c1e-0489-4c91-9678-a0b76d05f440	7	87354399	91487762	1343	0.5903
176c6c1e-0489-4c91-9678-a0b76d05f440	7	91489964	93686257	1357	0.6442
176c6c1e-0489-4c91-9678-a0b76d05f440	7	93687372	98807583	2958	0.5858
176c6c1e-0489-4c91-9678-a0b76d05f440	7	98807827	107810766	4343	0.6459
176c6c1e-0489-4c91-9678-a0b76d05f440	7	107830393	113638300	2820	0.6091
176c6c1e-0489-4c91-9678-a0b76d05f440	7	113639067	115880963	1162	0.6738
176c6c1e-0489-4c91-9678-a0b76d05f440	7	115881079	116816085	724	0.5962
176c6c1e-0489-4c91-9678-a0b76d05f440	7	116816134	119291949	1270	0.6743
176c6c1e-0489-4c91-9678-a0b76d05f440	7	119294830	124691065	3039	0.5965
176c6c1e-0489-4c91-9678-a0b76d05f440	7	124692766	127221105	1292	0.2964
176c6c1e-0489-4c91-9678-a0b76d05f440	7	127225270	131489956	2156	0.3537
176c6c1e-0489-4c91-9678-a0b76d05f440	7	131498282	137355951	3745	0.3048
176c6c1e-0489-4c91-9678-a0b76d05f440	7	137356202	138070060	459	0.2421
176c6c1e-0489-4c91-9678-a0b76d05f440	7	138070107	138070121	2	-0.7079
176c6c1e-0489-4c91-9678-a0b76d05f440	7	138070251	138510794	214	0.252
176c6c1e-0489-4c91-9678-a0b76d05f440	7	138511655	142768623	2103	0.3026
176c6c1e-0489-4c91-9678-a0b76d05f440	7	142810364	145515094	1249	-0.1849
176c6c1e-0489-4c91-9678-a0b76d05f440	7	145517454	158592540	6923	-0.1341
176c6c1e-0489-4c91-9678-a0b76d05f440	8	667625	6405615	2703	-0.1479
176c6c1e-0489-4c91-9678-a0b76d05f440	8	6410719	12822969	2640	-0.0714
176c6c1e-0489-4c91-9678-a0b76d05f440	8	12826950	15592900	2141	-0.1375
176c6c1e-0489-4c91-9678-a0b76d05f440	8	15594012	16828778	773	-0.0608
176c6c1e-0489-4c91-9678-a0b76d05f440	8	16828911	18548972	1424	-0.1294
176c6c1e-0489-4c91-9678-a0b76d05f440	8	18549017	19471928	764	-0.1938
176c6c1e-0489-4c91-9678-a0b76d05f440	8	19473323	21061527	1314	-0.1111
176c6c1e-0489-4c91-9678-a0b76d05f440	8	21063373	21547780	461	-0.1847
176c6c1e-0489-4c91-9678-a0b76d05f440	8	21548655	21751586	132	-0.1138
176c6c1e-0489-4c91-9678-a0b76d05f440	8	21753333	23930226	1182	-0.0684
176c6c1e-0489-4c91-9678-a0b76d05f440	8	23930246	24188182	127	-0.1023
176c6c1e-0489-4c91-9678-a0b76d05f440	8	24188257	26284249	1502	-0.1659
176c6c1e-0489-4c91-9678-a0b76d05f440	8	26285055	34408843	5295	-0.115
176c6c1e-0489-4c91-9678-a0b76d05f440	8	34409295	37006356	1209	-0.1719
176c6c1e-0489-4c91-9678-a0b76d05f440	8	37008821	39839269	1354	-0.1008
176c6c1e-0489-4c91-9678-a0b76d05f440	8	39839693	41023810	877	-0.187
176c6c1e-0489-4c91-9678-a0b76d05f440	8	41024236	55135533	5800	-0.1219
176c6c1e-0489-4c91-9678-a0b76d05f440	8	55135648	56500460	722	-0.0563
176c6c1e-0489-4c91-9678-a0b76d05f440	8	56500720	58570402	1405	-0.1465
176c6c1e-0489-4c91-9678-a0b76d05f440	8	58570629	59660663	687	-0.0262
176c6c1e-0489-4c91-9678-a0b76d05f440	8	59660991	59685958	10	-0.4718
176c6c1e-0489-4c91-9678-a0b76d05f440	8	59686556	60207327	296	-0.0769
176c6c1e-0489-4c91-9678-a0b76d05f440	8	60208310	64811249	2764	-0.1574
176c6c1e-0489-4c91-9678-a0b76d05f440	8	64815151	65408529	316	-0.1073
176c6c1e-0489-4c91-9678-a0b76d05f440	8	65408709	68210650	1483	-0.0517
176c6c1e-0489-4c91-9678-a0b76d05f440	8	68210993	71052444	1673	-0.1082
176c6c1e-0489-4c91-9678-a0b76d05f440	8	71052669	72811116	1211	-0.1791
176c6c1e-0489-4c91-9678-a0b76d05f440	8	72811739	73190155	285	-0.1329
176c6c1e-0489-4c91-9678-a0b76d05f440	8	73190262	74581182	889	-0.0803
176c6c1e-0489-4c91-9678-a0b76d05f440	8	74581235	79325620	2559	-0.14
176c6c1e-0489-4c91-9678-a0b76d05f440	8	79326320	81419483	1196	-0.2037
176c6c1e-0489-4c91-9678-a0b76d05f440	8	81422500	91005170	5094	-0.1234
176c6c1e-0489-4c91-9678-a0b76d05f440	8	91008414	93051394	1104	-0.1876
176c6c1e-0489-4c91-9678-a0b76d05f440	8	93051881	94750443	1047	-0.1333
176c6c1e-0489-4c91-9678-a0b76d05f440	8	94753381	95665095	579	-0.0327
176c6c1e-0489-4c91-9678-a0b76d05f440	8	95667903	97165135	965	-0.1456
176c6c1e-0489-4c91-9678-a0b76d05f440	8	97165728	99887565	1470	-0.1044
176c6c1e-0489-4c91-9678-a0b76d05f440	8	99888206	99891662	2	-1.32
176c6c1e-0489-4c91-9678-a0b76d05f440	8	99895131	100463857	304	-0.0948
176c6c1e-0489-4c91-9678-a0b76d05f440	8	100463987	101153297	449	-0.1821
176c6c1e-0489-4c91-9678-a0b76d05f440	8	101153390	103913527	1663	-0.09
176c6c1e-0489-4c91-9678-a0b76d05f440	8	103913546	112178823	4336	-0.1551
176c6c1e-0489-4c91-9678-a0b76d05f440	8	112179307	115322069	1590	0.3194
176c6c1e-0489-4c91-9678-a0b76d05f440	8	115328927	118069867	1750	0.6089
176c6c1e-0489-4c91-9678-a0b76d05f440	8	118069890	118565090	416	0.706
176c6c1e-0489-4c91-9678-a0b76d05f440	8	118565232	120734808	1453	0.6208
176c6c1e-0489-4c91-9678-a0b76d05f440	8	120736884	121819908	695	0.5559
176c6c1e-0489-4c91-9678-a0b76d05f440	8	121825044	122167013	201	0.6183
176c6c1e-0489-4c91-9678-a0b76d05f440	8	122167545	123312812	771	0.6736
176c6c1e-0489-4c91-9678-a0b76d05f440	8	123313525	127259650	2736	0.5841
176c6c1e-0489-4c91-9678-a0b76d05f440	8	127259718	129017956	1249	0.7023
176c6c1e-0489-4c91-9678-a0b76d05f440	8	129020148	132344183	2286	0.639
176c6c1e-0489-4c91-9678-a0b76d05f440	8	132348413	133277644	772	0.7025
176c6c1e-0489-4c91-9678-a0b76d05f440	8	133281413	134474011	1020	0.62
176c6c1e-0489-4c91-9678-a0b76d05f440	8	134474097	135611528	835	0.6909
176c6c1e-0489-4c91-9678-a0b76d05f440	8	135611941	137307206	1079	0.5967
176c6c1e-0489-4c91-9678-a0b76d05f440	8	137307265	137378561	53	0.8647
176c6c1e-0489-4c91-9678-a0b76d05f440	8	137378622	137737727	306	0.6158
176c6c1e-0489-4c91-9678-a0b76d05f440	8	137737959	139255497	1253	0.5683
176c6c1e-0489-4c91-9678-a0b76d05f440	8	139255646	144182542	1565	0.6407
176c6c1e-0489-4c91-9678-a0b76d05f440	9	789794	4285670	2506	-0.1188
176c6c1e-0489-4c91-9678-a0b76d05f440	9	4286898	7143905	1250	-0.0632
176c6c1e-0489-4c91-9678-a0b76d05f440	9	7144454	8258659	830	-0.1388
176c6c1e-0489-4c91-9678-a0b76d05f440	9	8258921	8576853	304	-0.887
176c6c1e-0489-4c91-9678-a0b76d05f440	9	8577900	8664452	65	-0.1155
176c6c1e-0489-4c91-9678-a0b76d05f440	9	8669108	8677411	10	-0.8539
176c6c1e-0489-4c91-9678-a0b76d05f440	9	8680396	8894013	177	-0.1806
176c6c1e-0489-4c91-9678-a0b76d05f440	9	8894031	8901758	11	0.4023
176c6c1e-0489-4c91-9678-a0b76d05f440	9	9039222	10361350	677	-0.8813
176c6c1e-0489-4c91-9678-a0b76d05f440	9	10363716	11275208	521	-0.1115
176c6c1e-0489-4c91-9678-a0b76d05f440	9	11275227	13479108	575	-0.87
176c6c1e-0489-4c91-9678-a0b76d05f440	9	13480900	13482266	4	-0.0497
176c6c1e-0489-4c91-9678-a0b76d05f440	9	13486365	13500786	17	0.2875
176c6c1e-0489-4c91-9678-a0b76d05f440	9	13501320	13591318	71	-0.1367
176c6c1e-0489-4c91-9678-a0b76d05f440	9	13591556	13592209	4	-0.7567
176c6c1e-0489-4c91-9678-a0b76d05f440	9	13594674	14058549	419	-0.1663
176c6c1e-0489-4c91-9678-a0b76d05f440	9	14058836	16069120	1557	-0.1124
176c6c1e-0489-4c91-9678-a0b76d05f440	9	16069146	17641811	1294	-0.1757
176c6c1e-0489-4c91-9678-a0b76d05f440	9	17720886	18187807	468	-0.9155
176c6c1e-0489-4c91-9678-a0b76d05f440	9	18188244	19605130	1200	0.3096
176c6c1e-0489-4c91-9678-a0b76d05f440	9	19608189	19903135	217	-0.8074
176c6c1e-0489-4c91-9678-a0b76d05f440	9	19903792	20292247	334	-3.1946
176c6c1e-0489-4c91-9678-a0b76d05f440	9	20298530	20937709	458	-0.1191
176c6c1e-0489-4c91-9678-a0b76d05f440	9	20940131	20954461	20	-3.3978
176c6c1e-0489-4c91-9678-a0b76d05f440	9	20960863	21773941	564	-0.7654
176c6c1e-0489-4c91-9678-a0b76d05f440	9	21774168	22543801	460	-2.7773
176c6c1e-0489-4c91-9678-a0b76d05f440	9	22543910	23682671	792	-0.8444
176c6c1e-0489-4c91-9678-a0b76d05f440	9	23687099	24006324	213	-2.7269
176c6c1e-0489-4c91-9678-a0b76d05f440	9	24017286	24020819	6	-0.6953
176c6c1e-0489-4c91-9678-a0b76d05f440	9	24022292	24064959	30	-0.1246
176c6c1e-0489-4c91-9678-a0b76d05f440	9	24065674	24082343	12	-0.8182
176c6c1e-0489-4c91-9678-a0b76d05f440	9	24086824	24098899	11	0.4262
176c6c1e-0489-4c91-9678-a0b76d05f440	9	24105631	24300152	127	-0.781
176c6c1e-0489-4c91-9678-a0b76d05f440	9	24304290	24322262	11	-0.1452
176c6c1e-0489-4c91-9678-a0b76d05f440	9	24322710	24328052	6	0.386
176c6c1e-0489-4c91-9678-a0b76d05f440	9	24348507	26433574	1128	-0.1252
176c6c1e-0489-4c91-9678-a0b76d05f440	9	26433919	26778170	226	-0.8602
176c6c1e-0489-4c91-9678-a0b76d05f440	9	26780347	27094936	159	0.3864
176c6c1e-0489-4c91-9678-a0b76d05f440	9	27095061	27376424	275	0.2933
176c6c1e-0489-4c91-9678-a0b76d05f440	9	27379066	27381466	2	-0.0175
176c6c1e-0489-4c91-9678-a0b76d05f440	9	27382087	27480734	94	-0.9807
176c6c1e-0489-4c91-9678-a0b76d05f440	9	27484498	28397399	556	-0.1696
176c6c1e-0489-4c91-9678-a0b76d05f440	9	28397852	29776487	603	-0.8423
176c6c1e-0489-4c91-9678-a0b76d05f440	9	29779552	29780388	4	0.337
176c6c1e-0489-4c91-9678-a0b76d05f440	9	30001540	31445216	773	-0.8064
176c6c1e-0489-4c91-9678-a0b76d05f440	9	31446177	31634203	128	-0.0828
176c6c1e-0489-4c91-9678-a0b76d05f440	9	31634505	31735437	70	-0.2082
176c6c1e-0489-4c91-9678-a0b76d05f440	9	31736474	38048999	3782	-0.0723
176c6c1e-0489-4c91-9678-a0b76d05f440	9	38049777	70142512	1932	-0.1627
176c6c1e-0489-4c91-9678-a0b76d05f440	9	70145137	70662826	333	-0.8292
176c6c1e-0489-4c91-9678-a0b76d05f440	9	70665041	71052407	286	-0.1364
176c6c1e-0489-4c91-9678-a0b76d05f440	9	71056765	71071104	16	0.3424
176c6c1e-0489-4c91-9678-a0b76d05f440	9	71073291	71574387	381	-0.8425
176c6c1e-0489-4c91-9678-a0b76d05f440	9	71577676	71578818	3	-2.2701
176c6c1e-0489-4c91-9678-a0b76d05f440	9	71581493	72633911	691	-0.8371
176c6c1e-0489-4c91-9678-a0b76d05f440	9	72635216	74107051	859	-0.1553
176c6c1e-0489-4c91-9678-a0b76d05f440	9	74108448	75877123	1208	-0.8358
176c6c1e-0489-4c91-9678-a0b76d05f440	9	75877210	75878692	2	-3.2421
176c6c1e-0489-4c91-9678-a0b76d05f440	9	75878906	76616091	601	-0.9483
176c6c1e-0489-4c91-9678-a0b76d05f440	9	76616441	76616633	2	-2.873
176c6c1e-0489-4c91-9678-a0b76d05f440	9	76616836	76792137	153	-0.9748
176c6c1e-0489-4c91-9678-a0b76d05f440	9	76795309	82977233	4222	-0.1745
176c6c1e-0489-4c91-9678-a0b76d05f440	9	82977806	86416263	2364	-0.12
176c6c1e-0489-4c91-9678-a0b76d05f440	9	86416628	89670977	2318	-0.1784
176c6c1e-0489-4c91-9678-a0b76d05f440	9	89671185	89974166	236	-0.9421
176c6c1e-0489-4c91-9678-a0b76d05f440	9	89976616	93012821	1852	0.3335
176c6c1e-0489-4c91-9678-a0b76d05f440	9	93013246	93037164	10	-0.3381
176c6c1e-0489-4c91-9678-a0b76d05f440	9	93039143	93572145	310	-0.7824
176c6c1e-0489-4c91-9678-a0b76d05f440	9	93573181	100955469	4629	-0.0913
176c6c1e-0489-4c91-9678-a0b76d05f440	9	100956921	109307882	5581	-0.1502
176c6c1e-0489-4c91-9678-a0b76d05f440	9	109309390	109556896	168	-0.1064
176c6c1e-0489-4c91-9678-a0b76d05f440	9	109557489	110443422	654	-0.0293
176c6c1e-0489-4c91-9678-a0b76d05f440	9	110443728	115903203	3662	-0.101
176c6c1e-0489-4c91-9678-a0b76d05f440	9	115903879	119669339	2917	-0.182
176c6c1e-0489-4c91-9678-a0b76d05f440	9	119669372	134261342	8713	-0.092
176c6c1e-0489-4c91-9678-a0b76d05f440	9	134261528	134263753	2	-2.1303
176c6c1e-0489-4c91-9678-a0b76d05f440	9	134267750	135627110	657	-0.1734
176c6c1e-0489-4c91-9678-a0b76d05f440	9	135627315	138044505	692	-0.0697
176c6c1e-0489-4c91-9678-a0b76d05f440	10	366509	3144751	1369	0.3119
176c6c1e-0489-4c91-9678-a0b76d05f440	10	3146031	4721679	1443	0.2598
176c6c1e-0489-4c91-9678-a0b76d05f440	10	4723426	5512084	535	0.3137
176c6c1e-0489-4c91-9678-a0b76d05f440	10	5512178	6406422	660	0.3979
176c6c1e-0489-4c91-9678-a0b76d05f440	10	6406808	10854005	3370	0.2937
176c6c1e-0489-4c91-9678-a0b76d05f440	10	10854473	13495204	1986	0.3535
176c6c1e-0489-4c91-9678-a0b76d05f440	10	13498537	13532746	35	0.609
176c6c1e-0489-4c91-9678-a0b76d05f440	10	13536311	13722810	179	0.2733
176c6c1e-0489-4c91-9678-a0b76d05f440	10	13723323	13724692	7	-0.4569
176c6c1e-0489-4c91-9678-a0b76d05f440	10	13727353	14198559	487	0.2786
176c6c1e-0489-4c91-9678-a0b76d05f440	10	14204823	15142051	724	0.3742
176c6c1e-0489-4c91-9678-a0b76d05f440	10	15143504	20486045	3929	0.3058
176c6c1e-0489-4c91-9678-a0b76d05f440	10	20487282	21103739	500	-0.8646
176c6c1e-0489-4c91-9678-a0b76d05f440	10	21112802	21194037	54	-0.1876
176c6c1e-0489-4c91-9678-a0b76d05f440	10	21206210	24601637	2037	-0.8211
176c6c1e-0489-4c91-9678-a0b76d05f440	10	24606887	24946852	182	0.324
176c6c1e-0489-4c91-9678-a0b76d05f440	10	24947270	25022961	49	-0.8657
176c6c1e-0489-4c91-9678-a0b76d05f440	10	25023378	25043510	19	0.3158
176c6c1e-0489-4c91-9678-a0b76d05f440	10	25048675	25997230	618	-0.1271
176c6c1e-0489-4c91-9678-a0b76d05f440	10	25997549	26624923	427	-0.0341
176c6c1e-0489-4c91-9678-a0b76d05f440	10	26625056	27570422	483	-0.1057
176c6c1e-0489-4c91-9678-a0b76d05f440	10	27570489	30105838	1953	-0.1744
176c6c1e-0489-4c91-9678-a0b76d05f440	10	30107001	32884923	1774	-0.094
176c6c1e-0489-4c91-9678-a0b76d05f440	10	32886194	34305543	1073	-0.1903
176c6c1e-0489-4c91-9678-a0b76d05f440	10	34309033	46015804	4362	-0.1252
176c6c1e-0489-4c91-9678-a0b76d05f440	10	46016391	47322104	192	-0.2487
176c6c1e-0489-4c91-9678-a0b76d05f440	10	47323550	48250706	70	-0.161
176c6c1e-0489-4c91-9678-a0b76d05f440	10	48251386	48925397	549	-0.0538
176c6c1e-0489-4c91-9678-a0b76d05f440	10	48926549	61547143	7469	-0.135
176c6c1e-0489-4c91-9678-a0b76d05f440	10	61547373	62622599	718	-0.053
176c6c1e-0489-4c91-9678-a0b76d05f440	10	62624755	66949733	2460	-0.1374
176c6c1e-0489-4c91-9678-a0b76d05f440	10	66950754	67815814	358	-0.0886
176c6c1e-0489-4c91-9678-a0b76d05f440	10	67817277	67819874	2	1.089
176c6c1e-0489-4c91-9678-a0b76d05f440	10	67821118	70975395	1980	-0.0925
176c6c1e-0489-4c91-9678-a0b76d05f440	10	70976220	71268901	226	-0.1756
176c6c1e-0489-4c91-9678-a0b76d05f440	10	71270656	71272698	2	-1.4541
176c6c1e-0489-4c91-9678-a0b76d05f440	10	71276634	71859414	456	-0.1749
176c6c1e-0489-4c91-9678-a0b76d05f440	10	71863238	75568909	1670	-0.0874
176c6c1e-0489-4c91-9678-a0b76d05f440	10	75571232	76904167	956	-0.1595
176c6c1e-0489-4c91-9678-a0b76d05f440	10	76904871	79430841	2082	-0.2188
176c6c1e-0489-4c91-9678-a0b76d05f440	10	79431069	85206917	3571	-0.1479
176c6c1e-0489-4c91-9678-a0b76d05f440	10	85207924	93091075	4652	-0.077
176c6c1e-0489-4c91-9678-a0b76d05f440	10	93094397	94617604	989	-0.1623
176c6c1e-0489-4c91-9678-a0b76d05f440	10	94617790	95116218	219	-0.0685
176c6c1e-0489-4c91-9678-a0b76d05f440	10	95116264	95802926	463	-0.1531
176c6c1e-0489-4c91-9678-a0b76d05f440	10	95808700	97691116	1219	-0.0724
176c6c1e-0489-4c91-9678-a0b76d05f440	10	97693033	104454566	3660	-0.1233
176c6c1e-0489-4c91-9678-a0b76d05f440	10	104455984	108618672	2893	-0.1705
176c6c1e-0489-4c91-9678-a0b76d05f440	10	108618760	109302933	438	-0.1014
176c6c1e-0489-4c91-9678-a0b76d05f440	10	109308895	111343162	1240	-0.0601
176c6c1e-0489-4c91-9678-a0b76d05f440	10	111343371	115685794	3003	-0.1139
176c6c1e-0489-4c91-9678-a0b76d05f440	10	115687122	118218020	1772	-0.1978
176c6c1e-0489-4c91-9678-a0b76d05f440	10	118218596	118763682	384	-0.1246
176c6c1e-0489-4c91-9678-a0b76d05f440	10	118763951	120398648	1080	-0.0609
176c6c1e-0489-4c91-9678-a0b76d05f440	10	120401309	126348994	4451	-0.1348
176c6c1e-0489-4c91-9678-a0b76d05f440	10	126349246	133411599	3824	0.2742
176c6c1e-0489-4c91-9678-a0b76d05f440	11	456012	745581	64	-0.0257
176c6c1e-0489-4c91-9678-a0b76d05f440	11	748946	752388	4	-0.8845
176c6c1e-0489-4c91-9678-a0b76d05f440	11	755659	4414844	1359	-0.0856
176c6c1e-0489-4c91-9678-a0b76d05f440	11	4414893	6284747	1312	-0.1485
176c6c1e-0489-4c91-9678-a0b76d05f440	11	6285712	11204565	3291	-0.102
176c6c1e-0489-4c91-9678-a0b76d05f440	11	11204589	13308673	1910	-0.1769
176c6c1e-0489-4c91-9678-a0b76d05f440	11	13309679	15065959	1006	-0.1079
176c6c1e-0489-4c91-9678-a0b76d05f440	11	15069136	16093741	749	-0.164
176c6c1e-0489-4c91-9678-a0b76d05f440	11	16095007	19251011	1993	-0.1029
176c6c1e-0489-4c91-9678-a0b76d05f440	11	19251248	35288507	10785	-0.1461
176c6c1e-0489-4c91-9678-a0b76d05f440	11	35288523	35288528	2	-1.4968
176c6c1e-0489-4c91-9678-a0b76d05f440	11	35288591	40465484	2930	-0.1434
176c6c1e-0489-4c91-9678-a0b76d05f440	11	40466116	41933640	1037	-0.0718
176c6c1e-0489-4c91-9678-a0b76d05f440	11	41934305	45585233	2549	-0.1275
176c6c1e-0489-4c91-9678-a0b76d05f440	11	45585501	60100225	3845	-0.0837
176c6c1e-0489-4c91-9678-a0b76d05f440	11	60101176	60596871	318	0.0079
176c6c1e-0489-4c91-9678-a0b76d05f440	11	60597257	68321363	2774	-0.0773
176c6c1e-0489-4c91-9678-a0b76d05f440	11	68323797	69132738	390	-0.1197
176c6c1e-0489-4c91-9678-a0b76d05f440	11	69133192	71579534	1428	-0.162
176c6c1e-0489-4c91-9678-a0b76d05f440	11	71579694	78791219	3674	-0.0987
176c6c1e-0489-4c91-9678-a0b76d05f440	11	78794966	80661197	1503	-0.1745
176c6c1e-0489-4c91-9678-a0b76d05f440	11	80661337	82653388	1233	-0.1293
176c6c1e-0489-4c91-9678-a0b76d05f440	11	82653978	83603348	554	-0.037
176c6c1e-0489-4c91-9678-a0b76d05f440	11	83604301	91922830	4889	-0.1229
176c6c1e-0489-4c91-9678-a0b76d05f440	11	91923596	93781775	910	-0.1953
176c6c1e-0489-4c91-9678-a0b76d05f440	11	93782543	94519892	476	-0.1206
176c6c1e-0489-4c91-9678-a0b76d05f440	11	94519922	96224553	1297	-0.2017
176c6c1e-0489-4c91-9678-a0b76d05f440	11	96226364	101285740	3527	-0.1447
176c6c1e-0489-4c91-9678-a0b76d05f440	11	101285770	104839162	1993	-0.0899
176c6c1e-0489-4c91-9678-a0b76d05f440	11	104839712	105573886	431	-0.1565
176c6c1e-0489-4c91-9678-a0b76d05f440	11	105574460	105639410	44	0.2004
176c6c1e-0489-4c91-9678-a0b76d05f440	11	105639466	110572914	2846	0.3087
176c6c1e-0489-4c91-9678-a0b76d05f440	11	110574927	110859680	223	0.373
176c6c1e-0489-4c91-9678-a0b76d05f440	11	110860399	110860758	2	1.3818
176c6c1e-0489-4c91-9678-a0b76d05f440	11	110860870	112282568	904	0.3651
176c6c1e-0489-4c91-9678-a0b76d05f440	11	112288680	112504441	121	0.3101
176c6c1e-0489-4c91-9678-a0b76d05f440	11	112506825	114360533	1383	0.2687
176c6c1e-0489-4c91-9678-a0b76d05f440	11	114360674	115604523	868	0.3787
176c6c1e-0489-4c91-9678-a0b76d05f440	11	115605209	120916183	3716	0.3326
176c6c1e-0489-4c91-9678-a0b76d05f440	11	120916522	121742892	625	0.3951
176c6c1e-0489-4c91-9678-a0b76d05f440	11	121746876	121747279	2	-0.4669
176c6c1e-0489-4c91-9678-a0b76d05f440	11	121751275	122208623	305	0.3608
176c6c1e-0489-4c91-9678-a0b76d05f440	11	122208905	123660535	1080	0.2654
176c6c1e-0489-4c91-9678-a0b76d05f440	11	123660580	126710138	2111	0.3124
176c6c1e-0489-4c91-9678-a0b76d05f440	11	126710445	127527747	696	0.2599
176c6c1e-0489-4c91-9678-a0b76d05f440	11	127528707	131236310	2555	0.3505
176c6c1e-0489-4c91-9678-a0b76d05f440	11	131240520	134272740	1885	0.2514
176c6c1e-0489-4c91-9678-a0b76d05f440	12	780472	2075394	397	-0.0568
176c6c1e-0489-4c91-9678-a0b76d05f440	12	2075681	6029346	2980	-0.1538
176c6c1e-0489-4c91-9678-a0b76d05f440	12	6029429	7465834	660	-0.0719
176c6c1e-0489-4c91-9678-a0b76d05f440	12	7467744	8923507	530	-0.157
176c6c1e-0489-4c91-9678-a0b76d05f440	12	8926319	12307137	1831	-0.0713
176c6c1e-0489-4c91-9678-a0b76d05f440	12	12307252	13427620	645	-0.1521
176c6c1e-0489-4c91-9678-a0b76d05f440	12	13427714	15242614	1232	-0.0727
176c6c1e-0489-4c91-9678-a0b76d05f440	12	15242655	18531929	1921	-0.1371
176c6c1e-0489-4c91-9678-a0b76d05f440	12	18532180	20444152	1197	-0.1919
176c6c1e-0489-4c91-9678-a0b76d05f440	12	20444369	22684007	1366	-0.1295
176c6c1e-0489-4c91-9678-a0b76d05f440	12	22684027	22684348	2	-1.3184
176c6c1e-0489-4c91-9678-a0b76d05f440	12	22691537	24160770	1003	-0.1306
176c6c1e-0489-4c91-9678-a0b76d05f440	12	24160785	25638754	953	-0.0651
176c6c1e-0489-4c91-9678-a0b76d05f440	12	25640178	26145687	392	-0.1359
176c6c1e-0489-4c91-9678-a0b76d05f440	12	26146337	28832260	1634	-0.0423
176c6c1e-0489-4c91-9678-a0b76d05f440	12	28832340	29571015	530	-0.1393
176c6c1e-0489-4c91-9678-a0b76d05f440	12	29571081	29571189	3	-1.1436
176c6c1e-0489-4c91-9678-a0b76d05f440	12	29572304	31331947	1203	-0.1374
176c6c1e-0489-4c91-9678-a0b76d05f440	12	31333998	33250410	1156	-0.0533
176c6c1e-0489-4c91-9678-a0b76d05f440	12	33250473	45864379	3970	-0.1269
176c6c1e-0489-4c91-9678-a0b76d05f440	12	45866345	51421257	2892	-0.0777
176c6c1e-0489-4c91-9678-a0b76d05f440	12	51421918	52915800	931	-0.1348
176c6c1e-0489-4c91-9678-a0b76d05f440	12	52916627	59358702	3514	-0.081
176c6c1e-0489-4c91-9678-a0b76d05f440	12	59361679	68045702	5311	-0.1549
176c6c1e-0489-4c91-9678-a0b76d05f440	12	68048711	75123179	4243	-0.1142
176c6c1e-0489-4c91-9678-a0b76d05f440	12	75123869	90254257	8968	-0.1484
176c6c1e-0489-4c91-9678-a0b76d05f440	12	90259182	92143050	1246	-0.1134
176c6c1e-0489-4c91-9678-a0b76d05f440	12	92149409	92858941	525	-0.0266
176c6c1e-0489-4c91-9678-a0b76d05f440	12	92861128	94911593	1373	-0.1492
176c6c1e-0489-4c91-9678-a0b76d05f440	12	94912705	96120903	811	-0.0743
176c6c1e-0489-4c91-9678-a0b76d05f440	12	96121299	97984003	1381	-0.1353
176c6c1e-0489-4c91-9678-a0b76d05f440	12	97984124	100059935	1158	-0.0632
176c6c1e-0489-4c91-9678-a0b76d05f440	12	100061312	106627297	4403	-0.1222
176c6c1e-0489-4c91-9678-a0b76d05f440	12	106628160	108254608	985	-0.1811
176c6c1e-0489-4c91-9678-a0b76d05f440	12	108254710	109663825	837	-0.1338
176c6c1e-0489-4c91-9678-a0b76d05f440	12	109663849	114142705	2229	-0.0701
176c6c1e-0489-4c91-9678-a0b76d05f440	12	114142716	115858307	1382	-0.1859
176c6c1e-0489-4c91-9678-a0b76d05f440	12	115859013	126023168	5801	-0.1043
176c6c1e-0489-4c91-9678-a0b76d05f440	12	126026003	132605822	2757	-0.1532
176c6c1e-0489-4c91-9678-a0b76d05f440	13	18874255	19136492	178	-0.7651
176c6c1e-0489-4c91-9678-a0b76d05f440	13	19146033	24101273	2378	-0.1439
176c6c1e-0489-4c91-9678-a0b76d05f440	13	24103168	24103833	3	-1.1676
176c6c1e-0489-4c91-9678-a0b76d05f440	13	24103963	24107866	9	-0.144
176c6c1e-0489-4c91-9678-a0b76d05f440	13	24109503	25091846	482	-0.8761
176c6c1e-0489-4c91-9678-a0b76d05f440	13	25092101	26224435	783	-0.1345
176c6c1e-0489-4c91-9678-a0b76d05f440	13	26225476	26907460	521	-0.8734
176c6c1e-0489-4c91-9678-a0b76d05f440	13	26907762	26922610	19	-1.4802
176c6c1e-0489-4c91-9678-a0b76d05f440	13	26923273	32296306	3729	-0.8495
176c6c1e-0489-4c91-9678-a0b76d05f440	13	32299016	32783377	346	-0.6821
176c6c1e-0489-4c91-9678-a0b76d05f440	13	32794897	33757890	719	-0.8497
176c6c1e-0489-4c91-9678-a0b76d05f440	13	33759251	34698601	683	-0.7299
176c6c1e-0489-4c91-9678-a0b76d05f440	13	34703080	34747554	30	-0.113
176c6c1e-0489-4c91-9678-a0b76d05f440	13	34748787	35196900	218	-0.7437
176c6c1e-0489-4c91-9678-a0b76d05f440	13	35199482	37705790	1729	-0.1396
176c6c1e-0489-4c91-9678-a0b76d05f440	13	37706293	42723457	3401	-0.0665
176c6c1e-0489-4c91-9678-a0b76d05f440	13	42728151	43494733	338	-0.1158
176c6c1e-0489-4c91-9678-a0b76d05f440	13	43494831	45870877	1500	-0.1525
176c6c1e-0489-4c91-9678-a0b76d05f440	13	45870949	46319406	286	-0.0423
176c6c1e-0489-4c91-9678-a0b76d05f440	13	46323360	61771133	7787	-0.1032
176c6c1e-0489-4c91-9678-a0b76d05f440	13	61773409	62979513	601	-0.0355
176c6c1e-0489-4c91-9678-a0b76d05f440	13	62979918	63532685	275	-0.7633
176c6c1e-0489-4c91-9678-a0b76d05f440	13	63532845	64905191	310	-0.0728
176c6c1e-0489-4c91-9678-a0b76d05f440	13	64907655	98582107	20367	-0.1162
176c6c1e-0489-4c91-9678-a0b76d05f440	13	98582868	101210703	1674	-0.0696
176c6c1e-0489-4c91-9678-a0b76d05f440	13	101214707	114226675	8586	-0.8818
176c6c1e-0489-4c91-9678-a0b76d05f440	14	20033191	20750181	459	0.3804
176c6c1e-0489-4c91-9678-a0b76d05f440	14	20750373	20750404	2	-1.0751
176c6c1e-0489-4c91-9678-a0b76d05f440	14	20754292	28475523	3617	0.3302
176c6c1e-0489-4c91-9678-a0b76d05f440	14	28477025	29359734	496	0.402
176c6c1e-0489-4c91-9678-a0b76d05f440	14	29366144	55701781	14610	0.3301
176c6c1e-0489-4c91-9678-a0b76d05f440	14	55701808	57581753	1347	0.2808
176c6c1e-0489-4c91-9678-a0b76d05f440	14	57581964	62976985	3346	0.3437
176c6c1e-0489-4c91-9678-a0b76d05f440	14	62977877	64219825	645	0.4
176c6c1e-0489-4c91-9678-a0b76d05f440	14	64222766	78213446	8578	0.337
176c6c1e-0489-4c91-9678-a0b76d05f440	14	78213791	80285542	1427	0.2876
176c6c1e-0489-4c91-9678-a0b76d05f440	14	80287910	84705793	2814	0.318
176c6c1e-0489-4c91-9678-a0b76d05f440	14	84706837	88472043	2369	0.2723
176c6c1e-0489-4c91-9678-a0b76d05f440	14	88472308	95429751	4342	-0.1402
176c6c1e-0489-4c91-9678-a0b76d05f440	14	95429786	95965020	470	-0.0416
176c6c1e-0489-4c91-9678-a0b76d05f440	14	95967208	97127073	817	-0.1431
176c6c1e-0489-4c91-9678-a0b76d05f440	14	97129051	99226402	1590	-0.1897
176c6c1e-0489-4c91-9678-a0b76d05f440	14	99227250	105533894	2871	-0.1055
176c6c1e-0489-4c91-9678-a0b76d05f440	15	23437561	23750701	220	-0.132
176c6c1e-0489-4c91-9678-a0b76d05f440	15	23751052	23754837	2	-1.3139
176c6c1e-0489-4c91-9678-a0b76d05f440	15	23755338	28242748	2502	-0.1604
176c6c1e-0489-4c91-9678-a0b76d05f440	15	28243126	37583008	3986	-0.1034
176c6c1e-0489-4c91-9678-a0b76d05f440	15	37583485	39394926	1287	-0.1622
176c6c1e-0489-4c91-9678-a0b76d05f440	15	39396666	46578928	3460	-0.086
176c6c1e-0489-4c91-9678-a0b76d05f440	15	46579372	49991464	2177	-0.138
176c6c1e-0489-4c91-9678-a0b76d05f440	15	49996317	51442883	855	0.3198
176c6c1e-0489-4c91-9678-a0b76d05f440	15	51448804	53391302	1270	0.3848
176c6c1e-0489-4c91-9678-a0b76d05f440	15	53393179	54682338	976	0.3183
176c6c1e-0489-4c91-9678-a0b76d05f440	15	54689340	56785360	1192	0.3835
176c6c1e-0489-4c91-9678-a0b76d05f440	15	56791539	69460732	8311	0.3239
176c6c1e-0489-4c91-9678-a0b76d05f440	15	69460891	70121487	487	0.2706
176c6c1e-0489-4c91-9678-a0b76d05f440	15	70128229	70128702	3	-0.439
176c6c1e-0489-4c91-9678-a0b76d05f440	15	70131231	70147633	21	0.2602
176c6c1e-0489-4c91-9678-a0b76d05f440	15	70148823	70148910	2	-0.9255
176c6c1e-0489-4c91-9678-a0b76d05f440	15	70151862	71480547	811	0.2385
176c6c1e-0489-4c91-9678-a0b76d05f440	15	71480592	79554701	4162	0.3325
176c6c1e-0489-4c91-9678-a0b76d05f440	15	79555183	80374345	635	0.3963
176c6c1e-0489-4c91-9678-a0b76d05f440	15	80374466	86441466	3086	0.3291
176c6c1e-0489-4c91-9678-a0b76d05f440	15	86449214	92347640	4046	0.2977
176c6c1e-0489-4c91-9678-a0b76d05f440	15	92347725	95324014	1620	0.363
176c6c1e-0489-4c91-9678-a0b76d05f440	15	95324883	99428294	2874	0.2731
176c6c1e-0489-4c91-9678-a0b76d05f440	15	99429648	100843384	481	0.3267
176c6c1e-0489-4c91-9678-a0b76d05f440	15	100843978	101344124	339	0.4114
176c6c1e-0489-4c91-9678-a0b76d05f440	16	603333	5678635	2040	-0.0856
176c6c1e-0489-4c91-9678-a0b76d05f440	16	5678903	8048627	1318	-0.1727
176c6c1e-0489-4c91-9678-a0b76d05f440	16	8048696	9371333	846	-0.0921
176c6c1e-0489-4c91-9678-a0b76d05f440	16	9371899	10207571	906	-0.1435
176c6c1e-0489-4c91-9678-a0b76d05f440	16	10208717	11890323	1097	-0.0669
176c6c1e-0489-4c91-9678-a0b76d05f440	16	11892328	11990190	46	0.3622
176c6c1e-0489-4c91-9678-a0b76d05f440	16	11998585	26723893	6074	-0.1056
176c6c1e-0489-4c91-9678-a0b76d05f440	16	26723913	27443833	535	-0.048
176c6c1e-0489-4c91-9678-a0b76d05f440	16	27443952	31791503	1158	-0.0909
176c6c1e-0489-4c91-9678-a0b76d05f440	16	31792977	47419202	387	-0.023
176c6c1e-0489-4c91-9678-a0b76d05f440	16	47419907	51042563	2248	-0.1129
176c6c1e-0489-4c91-9678-a0b76d05f440	16	51044360	53908372	2154	-0.145
176c6c1e-0489-4c91-9678-a0b76d05f440	16	53908799	56182024	1774	-0.1948
176c6c1e-0489-4c91-9678-a0b76d05f440	16	56182355	57606640	814	-0.0647
176c6c1e-0489-4c91-9678-a0b76d05f440	16	57607431	57942212	218	-0.1848
176c6c1e-0489-4c91-9678-a0b76d05f440	16	57943243	59690993	1111	-0.0555
176c6c1e-0489-4c91-9678-a0b76d05f440	16	59691375	66002860	4146	-0.1405
176c6c1e-0489-4c91-9678-a0b76d05f440	16	66009478	72237286	2752	-0.0834
176c6c1e-0489-4c91-9678-a0b76d05f440	16	72239177	72277140	22	-0.765
176c6c1e-0489-4c91-9678-a0b76d05f440	16	72277927	74027245	1156	-0.1252
176c6c1e-0489-4c91-9678-a0b76d05f440	16	74028197	76868249	1555	-0.0686
176c6c1e-0489-4c91-9678-a0b76d05f440	16	76870704	78615101	1692	-0.1728
176c6c1e-0489-4c91-9678-a0b76d05f440	16	78617098	78695459	93	-0.9384
176c6c1e-0489-4c91-9678-a0b76d05f440	16	78695727	78716991	12	-4.0841
176c6c1e-0489-4c91-9678-a0b76d05f440	16	78896319	78898727	11	-0.0366
176c6c1e-0489-4c91-9678-a0b76d05f440	16	78900502	80217310	1394	-0.2182
176c6c1e-0489-4c91-9678-a0b76d05f440	16	80217368	80745284	397	-0.1324
176c6c1e-0489-4c91-9678-a0b76d05f440	16	80745300	80753236	6	-0.6059
176c6c1e-0489-4c91-9678-a0b76d05f440	16	80753811	80831340	73	-0.1667
176c6c1e-0489-4c91-9678-a0b76d05f440	16	80831452	82049024	811	-0.0628
176c6c1e-0489-4c91-9678-a0b76d05f440	16	82049034	82720781	626	-0.1164
176c6c1e-0489-4c91-9678-a0b76d05f440	16	82722359	83587254	812	-0.1691
176c6c1e-0489-4c91-9678-a0b76d05f440	16	83587468	89317317	2934	-0.1096
176c6c1e-0489-4c91-9678-a0b76d05f440	17	1074619	5942941	2238	-0.0715
176c6c1e-0489-4c91-9678-a0b76d05f440	17	5942961	6800954	640	-0.1458
176c6c1e-0489-4c91-9678-a0b76d05f440	17	6802779	8905948	980	-0.0838
176c6c1e-0489-4c91-9678-a0b76d05f440	17	8906515	11538449	1831	-0.1662
176c6c1e-0489-4c91-9678-a0b76d05f440	17	11538864	12101116	363	-0.0984
176c6c1e-0489-4c91-9678-a0b76d05f440	17	12103414	12911876	567	-0.0124
176c6c1e-0489-4c91-9678-a0b76d05f440	17	12912006	13457447	373	-0.087
176c6c1e-0489-4c91-9678-a0b76d05f440	17	13460344	14109823	490	-0.1769
176c6c1e-0489-4c91-9678-a0b76d05f440	17	14110364	32992345	4977	-0.0987
176c6c1e-0489-4c91-9678-a0b76d05f440	17	32992410	35322554	1081	-0.1743
176c6c1e-0489-4c91-9678-a0b76d05f440	17	35322577	52131789	7279	-0.0894
176c6c1e-0489-4c91-9678-a0b76d05f440	17	52132435	56752202	2997	-0.1256
176c6c1e-0489-4c91-9678-a0b76d05f440	17	56755722	66177676	4804	-0.091
176c6c1e-0489-4c91-9678-a0b76d05f440	17	66185574	67166548	679	-0.169
176c6c1e-0489-4c91-9678-a0b76d05f440	17	67167099	70436455	1955	-0.0685
176c6c1e-0489-4c91-9678-a0b76d05f440	17	70439027	71816474	1079	-0.1349
176c6c1e-0489-4c91-9678-a0b76d05f440	17	71817563	71820661	2	0.9895
176c6c1e-0489-4c91-9678-a0b76d05f440	17	71822130	72711222	693	-0.1321
176c6c1e-0489-4c91-9678-a0b76d05f440	17	72711233	73318138	459	-0.0621
176c6c1e-0489-4c91-9678-a0b76d05f440	17	73319975	74847910	431	-0.1319
176c6c1e-0489-4c91-9678-a0b76d05f440	17	74848389	77209063	1053	-0.0624
176c6c1e-0489-4c91-9678-a0b76d05f440	17	77213199	79493331	1057	-0.1277
176c6c1e-0489-4c91-9678-a0b76d05f440	17	79549025	82959812	1259	-0.0723
176c6c1e-0489-4c91-9678-a0b76d05f440	18	326691	5183994	2499	0.6547
176c6c1e-0489-4c91-9678-a0b76d05f440	18	5185643	7843587	1463	0.5614
176c6c1e-0489-4c91-9678-a0b76d05f440	18	7843613	21114061	4315	0.6451
176c6c1e-0489-4c91-9678-a0b76d05f440	18	21117668	23685001	1312	1.0488
176c6c1e-0489-4c91-9678-a0b76d05f440	18	23685802	25203157	1063	0.967
176c6c1e-0489-4c91-9678-a0b76d05f440	18	25205051	26959668	1136	1.0885
176c6c1e-0489-4c91-9678-a0b76d05f440	18	26960937	27101000	104	0.5838
176c6c1e-0489-4c91-9678-a0b76d05f440	18	27102275	27801984	437	0.8707
176c6c1e-0489-4c91-9678-a0b76d05f440	18	27803827	27863349	46	0.6331
176c6c1e-0489-4c91-9678-a0b76d05f440	18	27864428	27872429	9	1.0732
176c6c1e-0489-4c91-9678-a0b76d05f440	18	27872942	28009375	90	0.607
176c6c1e-0489-4c91-9678-a0b76d05f440	18	28014991	28108827	64	0.8582
176c6c1e-0489-4c91-9678-a0b76d05f440	18	28110047	29095715	508	0.6016
176c6c1e-0489-4c91-9678-a0b76d05f440	18	29095784	32560533	2155	0.8276
176c6c1e-0489-4c91-9678-a0b76d05f440	18	32566704	33276258	462	0.5681
176c6c1e-0489-4c91-9678-a0b76d05f440	18	33276273	33308177	28	0.3623
176c6c1e-0489-4c91-9678-a0b76d05f440	18	33310869	33778819	287	0.6405
176c6c1e-0489-4c91-9678-a0b76d05f440	18	33779747	35574013	1017	1.0827
176c6c1e-0489-4c91-9678-a0b76d05f440	18	35577274	41674657	3776	1.0054
176c6c1e-0489-4c91-9678-a0b76d05f440	18	41675594	41946078	208	0.8033
176c6c1e-0489-4c91-9678-a0b76d05f440	18	41946200	42192445	95	0.5679
176c6c1e-0489-4c91-9678-a0b76d05f440	18	42192975	42602641	225	0.26
176c6c1e-0489-4c91-9678-a0b76d05f440	18	42602923	43533836	466	0.5925
176c6c1e-0489-4c91-9678-a0b76d05f440	18	43533892	44124796	338	0.8484
176c6c1e-0489-4c91-9678-a0b76d05f440	18	44129875	44216542	49	1.1301
176c6c1e-0489-4c91-9678-a0b76d05f440	18	44216586	44219672	4	0.8222
176c6c1e-0489-4c91-9678-a0b76d05f440	18	44223677	44470911	131	0.6037
176c6c1e-0489-4c91-9678-a0b76d05f440	18	44471300	44518977	32	0.8946
176c6c1e-0489-4c91-9678-a0b76d05f440	18	44519949	45213610	486	0.611
176c6c1e-0489-4c91-9678-a0b76d05f440	18	45213788	47379080	1293	0.8615
176c6c1e-0489-4c91-9678-a0b76d05f440	18	47379105	48974566	1288	0.7849
176c6c1e-0489-4c91-9678-a0b76d05f440	18	48974700	53430770	3044	0.8425
176c6c1e-0489-4c91-9678-a0b76d05f440	18	53431789	54170678	447	0.673
176c6c1e-0489-4c91-9678-a0b76d05f440	18	54171805	57806533	2289	1.092
176c6c1e-0489-4c91-9678-a0b76d05f440	18	57812439	58462572	417	0.6728
176c6c1e-0489-4c91-9678-a0b76d05f440	18	58466419	59649299	855	0.6012
176c6c1e-0489-4c91-9678-a0b76d05f440	18	59651244	63386374	2436	1.0377
176c6c1e-0489-4c91-9678-a0b76d05f440	18	63386644	63411569	17	0.8097
176c6c1e-0489-4c91-9678-a0b76d05f440	18	63413132	63920451	365	0.6178
176c6c1e-0489-4c91-9678-a0b76d05f440	18	63920466	63920516	4	-0.1162
176c6c1e-0489-4c91-9678-a0b76d05f440	18	63920560	65227123	713	0.5732
176c6c1e-0489-4c91-9678-a0b76d05f440	18	65235254	66790684	660	0.8645
176c6c1e-0489-4c91-9678-a0b76d05f440	18	66820667	68298509	797	1.0559
176c6c1e-0489-4c91-9678-a0b76d05f440	18	68306174	68774451	189	0.9088
176c6c1e-0489-4c91-9678-a0b76d05f440	18	68776934	68777154	3	-0.3326
176c6c1e-0489-4c91-9678-a0b76d05f440	18	68778830	69063950	192	0.6086
176c6c1e-0489-4c91-9678-a0b76d05f440	18	69065081	79349796	5166	0.8399
176c6c1e-0489-4c91-9678-a0b76d05f440	19	283868	23726523	8935	-0.083
176c6c1e-0489-4c91-9678-a0b76d05f440	19	23729704	30221415	2013	-0.1408
176c6c1e-0489-4c91-9678-a0b76d05f440	19	30224065	30328220	64	0.2914
176c6c1e-0489-4c91-9678-a0b76d05f440	19	30330690	30884854	420	-0.1504
176c6c1e-0489-4c91-9678-a0b76d05f440	19	30885282	31563810	511	-0.211
176c6c1e-0489-4c91-9678-a0b76d05f440	19	31564502	33899474	1498	-0.1285
176c6c1e-0489-4c91-9678-a0b76d05f440	19	33899921	42022606	4027	-0.0828
176c6c1e-0489-4c91-9678-a0b76d05f440	19	42024542	44666041	1059	-0.7464
176c6c1e-0489-4c91-9678-a0b76d05f440	19	44671727	50182571	2114	-0.0775
176c6c1e-0489-4c91-9678-a0b76d05f440	19	50185560	50544642	149	0.3337
176c6c1e-0489-4c91-9678-a0b76d05f440	19	50555831	58370362	3370	-0.0932
176c6c1e-0489-4c91-9678-a0b76d05f440	20	472817	2642545	1491	-0.1374
176c6c1e-0489-4c91-9678-a0b76d05f440	20	2643226	6486958	2204	-0.0845
176c6c1e-0489-4c91-9678-a0b76d05f440	20	6491152	17108142	7145	-0.1535
176c6c1e-0489-4c91-9678-a0b76d05f440	20	17109203	19250562	1630	-0.1128
176c6c1e-0489-4c91-9678-a0b76d05f440	20	19253267	25277732	4168	-0.163
176c6c1e-0489-4c91-9678-a0b76d05f440	20	25278403	41873985	6218	-0.0835
176c6c1e-0489-4c91-9678-a0b76d05f440	20	41876480	43108276	980	-0.1453
176c6c1e-0489-4c91-9678-a0b76d05f440	20	43110064	51116081	5100	-0.093
176c6c1e-0489-4c91-9678-a0b76d05f440	20	51116476	61683410	7842	-0.1383
176c6c1e-0489-4c91-9678-a0b76d05f440	20	61686413	63588502	786	-0.0791
176c6c1e-0489-4c91-9678-a0b76d05f440	21	13974127	16197142	1352	-0.1785
176c6c1e-0489-4c91-9678-a0b76d05f440	21	16198329	24600533	5171	-0.1066
176c6c1e-0489-4c91-9678-a0b76d05f440	21	24601220	25592788	679	-0.011
176c6c1e-0489-4c91-9678-a0b76d05f440	21	25593367	28649388	2169	-0.1339
176c6c1e-0489-4c91-9678-a0b76d05f440	21	28652189	29014430	285	-0.0437
176c6c1e-0489-4c91-9678-a0b76d05f440	21	29018236	32858923	2452	-0.1426
176c6c1e-0489-4c91-9678-a0b76d05f440	21	32865473	33886842	633	-0.0413
176c6c1e-0489-4c91-9678-a0b76d05f440	21	33888657	37971395	2730	-0.1254
176c6c1e-0489-4c91-9678-a0b76d05f440	21	37974030	39036397	923	-0.1834
176c6c1e-0489-4c91-9678-a0b76d05f440	21	39037005	39676642	354	-0.0737
176c6c1e-0489-4c91-9678-a0b76d05f440	21	39676734	42608737	2475	-0.1409
176c6c1e-0489-4c91-9678-a0b76d05f440	21	42608841	46262057	1375	-0.0891
176c6c1e-0489-4c91-9678-a0b76d05f440	22	16934932	25065485	1559	-0.0867
176c6c1e-0489-4c91-9678-a0b76d05f440	22	25068343	25069098	2	-1.3339
176c6c1e-0489-4c91-9678-a0b76d05f440	22	25069175	32509483	4923	-0.1006
176c6c1e-0489-4c91-9678-a0b76d05f440	22	32511251	34336032	1619	-0.1752
176c6c1e-0489-4c91-9678-a0b76d05f440	22	34336565	42314046	4357	-0.0875
176c6c1e-0489-4c91-9678-a0b76d05f440	22	42331417	42617830	48	0.3435
176c6c1e-0489-4c91-9678-a0b76d05f440	22	42625548	43790097	735	-0.0982
176c6c1e-0489-4c91-9678-a0b76d05f440	22	43790803	43922529	110	-0.2635
176c6c1e-0489-4c91-9678-a0b76d05f440	22	43923283	45118551	973	-0.1382
176c6c1e-0489-4c91-9678-a0b76d05f440	22	45119363	48127774	2076	-0.093
176c6c1e-0489-4c91-9678-a0b76d05f440	22	48128737	48940621	697	-0.1527
176c6c1e-0489-4c91-9678-a0b76d05f440	X	3236359	11421038	2314	-0.172
176c6c1e-0489-4c91-9678-a0b76d05f440	X	11421835	11428670	2	-2.424
176c6c1e-0489-4c91-9678-a0b76d05f440	X	11429417	35143928	11843	-0.1597
176c6c1e-0489-4c91-9678-a0b76d05f440	X	35144107	41047903	2961	-0.219
176c6c1e-0489-4c91-9678-a0b76d05f440	X	41054904	86179793	15747	-0.1341
176c6c1e-0489-4c91-9678-a0b76d05f440	X	86180282	99334146	5154	-0.1747
176c6c1e-0489-4c91-9678-a0b76d05f440	X	99334654	102975705	1662	-0.143
176c6c1e-0489-4c91-9678-a0b76d05f440	X	102980932	103008586	28	-3.2446
176c6c1e-0489-4c91-9678-a0b76d05f440	X	103008852	103016385	6	-1.3036
176c6c1e-0489-4c91-9678-a0b76d05f440	X	103017180	122329831	8997	-0.1683
176c6c1e-0489-4c91-9678-a0b76d05f440	X	122329863	122334463	2	-2.164
176c6c1e-0489-4c91-9678-a0b76d05f440	X	122338666	122713682	202	-0.1533
176c6c1e-0489-4c91-9678-a0b76d05f440	X	122713947	123145826	296	0.5379
176c6c1e-0489-4c91-9678-a0b76d05f440	X	123147670	124251074	662	0.5945
176c6c1e-0489-4c91-9678-a0b76d05f440	X	124255998	129257761	2284	0.5272
176c6c1e-0489-4c91-9678-a0b76d05f440	X	129258694	130526125	706	0.6162
176c6c1e-0489-4c91-9678-a0b76d05f440	X	130526728	134067888	1460	0.5102
176c6c1e-0489-4c91-9678-a0b76d05f440	X	134068425	137667910	1475	0.5668
176c6c1e-0489-4c91-9678-a0b76d05f440	X	137669252	139214366	890	0.478
176c6c1e-0489-4c91-9678-a0b76d05f440	X	139214412	147537056	4100	0.5194
176c6c1e-0489-4c91-9678-a0b76d05f440	X	147554072	148944577	780	0.4684
176c6c1e-0489-4c91-9678-a0b76d05f440	X	148944992	155677414	2299	0.5575
