GDC_Aliquot	Chromosome	Start	End	Num_Probes	Segment_Mean
153eae8f-9ec2-4afe-bf8a-90d6c59754b4	1	3301765	60118240	31606	0.0157
153eae8f-9ec2-4afe-bf8a-90d6c59754b4	1	60121258	64447928	2997	0.0564
153eae8f-9ec2-4afe-bf8a-90d6c59754b4	1	64448378	117296317	31972	0.0162
153eae8f-9ec2-4afe-bf8a-90d6c59754b4	1	117298534	117298540	2	-2.1217
153eae8f-9ec2-4afe-bf8a-90d6c59754b4	1	117299534	247650984	63161	0.014
153eae8f-9ec2-4afe-bf8a-90d6c59754b4	2	480597	158200004	83949	0.0114
153eae8f-9ec2-4afe-bf8a-90d6c59754b4	2	158203406	190669181	18610	0.0403
153eae8f-9ec2-4afe-bf8a-90d6c59754b4	2	190669305	199455295	4291	0.0047
153eae8f-9ec2-4afe-bf8a-90d6c59754b4	2	199472056	228997216	18045	0.021
153eae8f-9ec2-4afe-bf8a-90d6c59754b4	2	229001498	241537572	7315	-0.0026
153eae8f-9ec2-4afe-bf8a-90d6c59754b4	3	2170634	4629709	1370	-0.0314
153eae8f-9ec2-4afe-bf8a-90d6c59754b4	3	4630151	63389492	34000	0.0177
153eae8f-9ec2-4afe-bf8a-90d6c59754b4	3	63390303	70690669	5384	0.0454
153eae8f-9ec2-4afe-bf8a-90d6c59754b4	3	70692295	115013374	22031	0.0153
153eae8f-9ec2-4afe-bf8a-90d6c59754b4	3	115014638	118660919	2514	-0.0243
153eae8f-9ec2-4afe-bf8a-90d6c59754b4	3	118661432	167377770	25909	0.0129
153eae8f-9ec2-4afe-bf8a-90d6c59754b4	3	167380485	169565894	1304	0.0689
153eae8f-9ec2-4afe-bf8a-90d6c59754b4	3	169572752	197812401	14666	0.019
153eae8f-9ec2-4afe-bf8a-90d6c59754b4	4	1059384	187842528	103501	0.0187
153eae8f-9ec2-4afe-bf8a-90d6c59754b4	5	913983	8966541	5836	-0.0185
153eae8f-9ec2-4afe-bf8a-90d6c59754b4	5	8968198	20153560	6403	0.0103
153eae8f-9ec2-4afe-bf8a-90d6c59754b4	5	20162267	29969204	5049	-0.0208
153eae8f-9ec2-4afe-bf8a-90d6c59754b4	5	29969759	38169299	4808	0.0407
153eae8f-9ec2-4afe-bf8a-90d6c59754b4	5	38177471	42902233	2959	-0.0094
153eae8f-9ec2-4afe-bf8a-90d6c59754b4	5	42903788	44706316	823	0.0427
153eae8f-9ec2-4afe-bf8a-90d6c59754b4	5	44708776	44715272	5	-1.0354
153eae8f-9ec2-4afe-bf8a-90d6c59754b4	5	44717636	142607973	51117	0.0198
153eae8f-9ec2-4afe-bf8a-90d6c59754b4	5	142614190	142616899	2	-2.0864
153eae8f-9ec2-4afe-bf8a-90d6c59754b4	5	142617532	156613141	9226	0.0163
153eae8f-9ec2-4afe-bf8a-90d6c59754b4	5	156627853	159951152	2238	0.0051
153eae8f-9ec2-4afe-bf8a-90d6c59754b4	5	159951575	167008476	4387	-0.0198
153eae8f-9ec2-4afe-bf8a-90d6c59754b4	5	167008802	180934240	8270	0.0176
153eae8f-9ec2-4afe-bf8a-90d6c59754b4	6	1011760	25926446	17504	0.0207
153eae8f-9ec2-4afe-bf8a-90d6c59754b4	6	25926542	29744982	1410	-0.0234
153eae8f-9ec2-4afe-bf8a-90d6c59754b4	6	29748220	29748613	2	-2.0137
153eae8f-9ec2-4afe-bf8a-90d6c59754b4	6	29756370	170596889	78259	0.0166
153eae8f-9ec2-4afe-bf8a-90d6c59754b4	7	664936	79662379	40310	0.0113
153eae8f-9ec2-4afe-bf8a-90d6c59754b4	7	79664867	119103979	20374	0.0289
153eae8f-9ec2-4afe-bf8a-90d6c59754b4	7	119104268	119465713	168	-0.0321
153eae8f-9ec2-4afe-bf8a-90d6c59754b4	7	119468394	119507968	2	-1.4379
153eae8f-9ec2-4afe-bf8a-90d6c59754b4	7	119508031	158592540	21104	0.0084
153eae8f-9ec2-4afe-bf8a-90d6c59754b4	8	667625	6759884	3059	-0.013
153eae8f-9ec2-4afe-bf8a-90d6c59754b4	8	6760584	131331754	71600	0.0182
153eae8f-9ec2-4afe-bf8a-90d6c59754b4	8	131333282	144182542	7581	-0.0009
153eae8f-9ec2-4afe-bf8a-90d6c59754b4	9	789794	22925245	14283	0.0279
153eae8f-9ec2-4afe-bf8a-90d6c59754b4	9	22929989	25144665	1433	-0.0281
153eae8f-9ec2-4afe-bf8a-90d6c59754b4	9	25149092	26444585	658	0.0333
153eae8f-9ec2-4afe-bf8a-90d6c59754b4	9	26461404	26669857	117	-0.7526
153eae8f-9ec2-4afe-bf8a-90d6c59754b4	9	26674662	88947738	21422	0.0214
153eae8f-9ec2-4afe-bf8a-90d6c59754b4	9	88947951	88947966	2	-1.3812
153eae8f-9ec2-4afe-bf8a-90d6c59754b4	9	88948048	102831857	8638	0.0143
153eae8f-9ec2-4afe-bf8a-90d6c59754b4	9	102832117	102837294	2	-1.4981
153eae8f-9ec2-4afe-bf8a-90d6c59754b4	9	102838041	109570699	4656	0.0116
153eae8f-9ec2-4afe-bf8a-90d6c59754b4	9	109573885	109583689	13	-1.0937
153eae8f-9ec2-4afe-bf8a-90d6c59754b4	9	109583742	138044505	17263	0.0159
153eae8f-9ec2-4afe-bf8a-90d6c59754b4	10	366509	23641770	16583	0.0031
153eae8f-9ec2-4afe-bf8a-90d6c59754b4	10	23646016	24643754	748	0.0791
153eae8f-9ec2-4afe-bf8a-90d6c59754b4	10	24644134	58360524	16964	0.0027
153eae8f-9ec2-4afe-bf8a-90d6c59754b4	10	58362320	59818269	1030	0.0318
153eae8f-9ec2-4afe-bf8a-90d6c59754b4	10	59825077	62590882	1915	0.0597
153eae8f-9ec2-4afe-bf8a-90d6c59754b4	10	62597234	132479999	43833	0.0176
153eae8f-9ec2-4afe-bf8a-90d6c59754b4	10	132481355	132482700	3	-1.4007
153eae8f-9ec2-4afe-bf8a-90d6c59754b4	10	132483236	133411599	224	-0.0285
153eae8f-9ec2-4afe-bf8a-90d6c59754b4	11	456012	134272740	77577	0.0154
153eae8f-9ec2-4afe-bf8a-90d6c59754b4	12	780472	910108	64	0.0999
153eae8f-9ec2-4afe-bf8a-90d6c59754b4	12	915414	3243017	1065	0.005
153eae8f-9ec2-4afe-bf8a-90d6c59754b4	12	3243079	3249903	2	1.3386
153eae8f-9ec2-4afe-bf8a-90d6c59754b4	12	3250110	15046502	7008	0.0057
153eae8f-9ec2-4afe-bf8a-90d6c59754b4	12	15046705	27203550	7630	0.0352
153eae8f-9ec2-4afe-bf8a-90d6c59754b4	12	27207836	27224008	2	1.467
153eae8f-9ec2-4afe-bf8a-90d6c59754b4	12	27225307	30217892	1998	0.0176
153eae8f-9ec2-4afe-bf8a-90d6c59754b4	12	30218784	30220934	3	-1.0656
153eae8f-9ec2-4afe-bf8a-90d6c59754b4	12	30222662	59363781	13173	0.0219
153eae8f-9ec2-4afe-bf8a-90d6c59754b4	12	59364123	59384891	14	-0.972
153eae8f-9ec2-4afe-bf8a-90d6c59754b4	12	59385199	73544125	8659	0.0273
153eae8f-9ec2-4afe-bf8a-90d6c59754b4	12	73545738	73545776	2	1.4121
153eae8f-9ec2-4afe-bf8a-90d6c59754b4	12	73546603	98385490	15449	0.0204
153eae8f-9ec2-4afe-bf8a-90d6c59754b4	12	98390902	99050456	381	0.5331
153eae8f-9ec2-4afe-bf8a-90d6c59754b4	12	99050654	99129527	51	0.3399
153eae8f-9ec2-4afe-bf8a-90d6c59754b4	12	99130127	99470065	200	0.5658
153eae8f-9ec2-4afe-bf8a-90d6c59754b4	12	99470399	132605822	18650	0.0085
153eae8f-9ec2-4afe-bf8a-90d6c59754b4	13	18874255	24520651	2837	0.0346
153eae8f-9ec2-4afe-bf8a-90d6c59754b4	13	24520946	31122939	4680	-0.021
153eae8f-9ec2-4afe-bf8a-90d6c59754b4	13	31123121	109735576	47058	0.0161
153eae8f-9ec2-4afe-bf8a-90d6c59754b4	13	109741791	109742298	2	-2.0415
153eae8f-9ec2-4afe-bf8a-90d6c59754b4	13	109742385	111969019	1519	0.0243
153eae8f-9ec2-4afe-bf8a-90d6c59754b4	13	111977459	111977955	2	-1.4508
153eae8f-9ec2-4afe-bf8a-90d6c59754b4	13	111981545	114226675	902	0.028
153eae8f-9ec2-4afe-bf8a-90d6c59754b4	14	20033191	105533894	49788	0.0196
153eae8f-9ec2-4afe-bf8a-90d6c59754b4	15	23437561	23556365	92	0.0581
153eae8f-9ec2-4afe-bf8a-90d6c59754b4	15	23559788	31605773	3164	-0.0267
153eae8f-9ec2-4afe-bf8a-90d6c59754b4	15	31606072	101344124	41541	0.0198
153eae8f-9ec2-4afe-bf8a-90d6c59754b4	16	603333	1971067	374	0.0203
153eae8f-9ec2-4afe-bf8a-90d6c59754b4	16	1975205	1975677	2	-2.1143
153eae8f-9ec2-4afe-bf8a-90d6c59754b4	16	1976441	29411088	13081	-0.0004
153eae8f-9ec2-4afe-bf8a-90d6c59754b4	16	29411192	58903555	8724	0.0202
153eae8f-9ec2-4afe-bf8a-90d6c59754b4	16	58906424	65576855	4288	-0.0169
153eae8f-9ec2-4afe-bf8a-90d6c59754b4	16	65578489	76231384	5436	0.0343
153eae8f-9ec2-4afe-bf8a-90d6c59754b4	16	76231489	89317317	9302	0.0038
153eae8f-9ec2-4afe-bf8a-90d6c59754b4	17	1074619	19444813	9039	0.012
153eae8f-9ec2-4afe-bf8a-90d6c59754b4	17	19448869	19503078	35	0.449
153eae8f-9ec2-4afe-bf8a-90d6c59754b4	17	19512202	82959812	28201	0.0168
153eae8f-9ec2-4afe-bf8a-90d6c59754b4	18	326691	2953882	971	0.0233
153eae8f-9ec2-4afe-bf8a-90d6c59754b4	18	2963097	4446168	1102	0.0654
153eae8f-9ec2-4afe-bf8a-90d6c59754b4	18	4446528	22196875	6663	0.0047
153eae8f-9ec2-4afe-bf8a-90d6c59754b4	18	22197008	34094974	7405	0.0377
153eae8f-9ec2-4afe-bf8a-90d6c59754b4	18	34096890	79349796	26821	0.0068
153eae8f-9ec2-4afe-bf8a-90d6c59754b4	19	283868	55789589	22722	0.0064
153eae8f-9ec2-4afe-bf8a-90d6c59754b4	19	55789870	55795036	3	-1.3009
153eae8f-9ec2-4afe-bf8a-90d6c59754b4	19	55796481	58370362	1436	0.0094
153eae8f-9ec2-4afe-bf8a-90d6c59754b4	20	472817	4201063	2200	-0.0027
153eae8f-9ec2-4afe-bf8a-90d6c59754b4	20	4201220	54489741	29100	0.0195
153eae8f-9ec2-4afe-bf8a-90d6c59754b4	20	54489814	63588502	6259	-0.006
153eae8f-9ec2-4afe-bf8a-90d6c59754b4	21	13974127	14298703	166	-0.008
153eae8f-9ec2-4afe-bf8a-90d6c59754b4	21	14300055	18053802	2331	0.0557
153eae8f-9ec2-4afe-bf8a-90d6c59754b4	21	18054262	19102842	723	0.0249
153eae8f-9ec2-4afe-bf8a-90d6c59754b4	21	19103751	26114387	4309	-0.0216
153eae8f-9ec2-4afe-bf8a-90d6c59754b4	21	26114655	46262057	13070	0.0085
153eae8f-9ec2-4afe-bf8a-90d6c59754b4	22	16934932	48940621	17092	0.0094
153eae8f-9ec2-4afe-bf8a-90d6c59754b4	X	3236359	10477124	1787	-0.0019
153eae8f-9ec2-4afe-bf8a-90d6c59754b4	X	10478644	20822210	5365	0.0472
153eae8f-9ec2-4afe-bf8a-90d6c59754b4	X	20825133	155677414	56814	0.0129
