GDC_Aliquot	Chromosome	Start	End	Num_Probes	Segment_Mean
03747cab-19ad-4316-93ce-6c642a7fb5bf	1	3301765	4652424	927	-0.7632
03747cab-19ad-4316-93ce-6c642a7fb5bf	1	4657280	5415272	534	0.0393
03747cab-19ad-4316-93ce-6c642a7fb5bf	1	5415441	16132181	5719	0.1097
03747cab-19ad-4316-93ce-6c642a7fb5bf	1	16136202	16171553	20	0.5598
03747cab-19ad-4316-93ce-6c642a7fb5bf	1	16179532	33957368	9216	0.1135
03747cab-19ad-4316-93ce-6c642a7fb5bf	1	33957611	33958861	3	-1.1248
03747cab-19ad-4316-93ce-6c642a7fb5bf	1	33958890	40601637	3560	0.0773
03747cab-19ad-4316-93ce-6c642a7fb5bf	1	40603710	60195120	11686	0.1132
03747cab-19ad-4316-93ce-6c642a7fb5bf	1	60195821	68734009	6085	0.0952
03747cab-19ad-4316-93ce-6c642a7fb5bf	1	68741599	77868783	5072	0.0312
03747cab-19ad-4316-93ce-6c642a7fb5bf	1	77868869	79145931	588	0.1163
03747cab-19ad-4316-93ce-6c642a7fb5bf	1	79146392	88549308	6106	0.0502
03747cab-19ad-4316-93ce-6c642a7fb5bf	1	88553104	93487912	2781	0.0846
03747cab-19ad-4316-93ce-6c642a7fb5bf	1	93488616	94840770	953	0.1475
03747cab-19ad-4316-93ce-6c642a7fb5bf	1	94841510	96713959	1209	0.0804
03747cab-19ad-4316-93ce-6c642a7fb5bf	1	96715189	103168659	3844	-0.3291
03747cab-19ad-4316-93ce-6c642a7fb5bf	1	103169002	116306276	7636	-0.702
03747cab-19ad-4316-93ce-6c642a7fb5bf	1	116306978	119648979	1998	-0.1324
03747cab-19ad-4316-93ce-6c642a7fb5bf	1	119650141	152992224	1619	0.09
03747cab-19ad-4316-93ce-6c642a7fb5bf	1	152992682	168172154	9763	0.5466
03747cab-19ad-4316-93ce-6c642a7fb5bf	1	168172406	179652797	7172	0.5128
03747cab-19ad-4316-93ce-6c642a7fb5bf	1	179652946	187164290	4902	0.5574
03747cab-19ad-4316-93ce-6c642a7fb5bf	1	187165806	200079264	7480	0.481
03747cab-19ad-4316-93ce-6c642a7fb5bf	1	200079505	208606591	5595	0.5471
03747cab-19ad-4316-93ce-6c642a7fb5bf	1	208607756	208637871	32	0.08
03747cab-19ad-4316-93ce-6c642a7fb5bf	1	208643790	216666772	5502	0.5259
03747cab-19ad-4316-93ce-6c642a7fb5bf	1	216666884	216755748	79	0.4011
03747cab-19ad-4316-93ce-6c642a7fb5bf	1	216756583	216756688	2	-0.8852
03747cab-19ad-4316-93ce-6c642a7fb5bf	1	216760416	217425506	557	0.456
03747cab-19ad-4316-93ce-6c642a7fb5bf	1	217425968	217425988	2	-0.7636
03747cab-19ad-4316-93ce-6c642a7fb5bf	1	217427924	217934746	265	0.4348
03747cab-19ad-4316-93ce-6c642a7fb5bf	1	217935591	235901939	11363	0.5412
03747cab-19ad-4316-93ce-6c642a7fb5bf	1	235903172	238161733	1801	0.4884
03747cab-19ad-4316-93ce-6c642a7fb5bf	1	238165372	241341246	2434	0.4418
03747cab-19ad-4316-93ce-6c642a7fb5bf	1	241342579	247650984	3305	0.4851
03747cab-19ad-4316-93ce-6c642a7fb5bf	2	480597	8305211	4776	0.0442
03747cab-19ad-4316-93ce-6c642a7fb5bf	2	8307073	12478266	3000	0.1263
03747cab-19ad-4316-93ce-6c642a7fb5bf	2	12478471	19109394	4414	0.0513
03747cab-19ad-4316-93ce-6c642a7fb5bf	2	19109785	21138002	1387	0.1447
03747cab-19ad-4316-93ce-6c642a7fb5bf	2	21138338	21148614	7	-0.4163
03747cab-19ad-4316-93ce-6c642a7fb5bf	2	21151426	31908881	6101	0.0868
03747cab-19ad-4316-93ce-6c642a7fb5bf	2	31913097	36719756	2351	0.0425
03747cab-19ad-4316-93ce-6c642a7fb5bf	2	36721330	40046838	1588	0.1063
03747cab-19ad-4316-93ce-6c642a7fb5bf	2	40046870	41427898	810	0.0245
03747cab-19ad-4316-93ce-6c642a7fb5bf	2	41427924	47690915	4303	0.1107
03747cab-19ad-4316-93ce-6c642a7fb5bf	2	47692617	54480876	3417	0.0434
03747cab-19ad-4316-93ce-6c642a7fb5bf	2	54480896	57132258	1555	0.0968
03747cab-19ad-4316-93ce-6c642a7fb5bf	2	57137399	59212772	1177	0.0017
03747cab-19ad-4316-93ce-6c642a7fb5bf	2	59213627	61887299	1609	0.0565
03747cab-19ad-4316-93ce-6c642a7fb5bf	2	61888008	75942602	8124	0.0928
03747cab-19ad-4316-93ce-6c642a7fb5bf	2	75945849	84014071	4284	0.0352
03747cab-19ad-4316-93ce-6c642a7fb5bf	2	84014619	102724688	5611	0.0923
03747cab-19ad-4316-93ce-6c642a7fb5bf	2	102724791	109227465	3943	0.0413
03747cab-19ad-4316-93ce-6c642a7fb5bf	2	109230288	113479055	1685	0.1246
03747cab-19ad-4316-93ce-6c642a7fb5bf	2	113507498	118549450	2469	0.0384
03747cab-19ad-4316-93ce-6c642a7fb5bf	2	118550083	120993789	1492	0.1185
03747cab-19ad-4316-93ce-6c642a7fb5bf	2	120994805	122194129	688	0.077
03747cab-19ad-4316-93ce-6c642a7fb5bf	2	122194259	124032814	1111	0.0111
03747cab-19ad-4316-93ce-6c642a7fb5bf	2	124034779	135430119	5158	0.0673
03747cab-19ad-4316-93ce-6c642a7fb5bf	2	135434633	136987369	1020	0.0403
03747cab-19ad-4316-93ce-6c642a7fb5bf	2	136990157	136999251	7	-0.7938
03747cab-19ad-4316-93ce-6c642a7fb5bf	2	137009978	142023119	2672	0.0305
03747cab-19ad-4316-93ce-6c642a7fb5bf	2	142029654	143112301	643	0.1019
03747cab-19ad-4316-93ce-6c642a7fb5bf	2	143114793	148510934	2830	0.0131
03747cab-19ad-4316-93ce-6c642a7fb5bf	2	148512123	151129883	1747	0.0983
03747cab-19ad-4316-93ce-6c642a7fb5bf	2	151202970	151314033	70	0.4817
03747cab-19ad-4316-93ce-6c642a7fb5bf	2	151325580	158057883	3857	0.058
03747cab-19ad-4316-93ce-6c642a7fb5bf	2	158059816	161133876	1937	0.1147
03747cab-19ad-4316-93ce-6c642a7fb5bf	2	161134327	168046411	3855	0.0503
03747cab-19ad-4316-93ce-6c642a7fb5bf	2	168048112	174080229	4006	0.0955
03747cab-19ad-4316-93ce-6c642a7fb5bf	2	174089253	180613117	4018	0.0702
03747cab-19ad-4316-93ce-6c642a7fb5bf	2	180613384	186805266	2961	0.0418
03747cab-19ad-4316-93ce-6c642a7fb5bf	2	186806652	192593182	3051	0.0891
03747cab-19ad-4316-93ce-6c642a7fb5bf	2	192593853	196086033	1237	0.0138
03747cab-19ad-4316-93ce-6c642a7fb5bf	2	196087286	215046787	11027	0.0645
03747cab-19ad-4316-93ce-6c642a7fb5bf	2	215049767	220212290	3245	0.1145
03747cab-19ad-4316-93ce-6c642a7fb5bf	2	220212374	231175408	6895	0.0671
03747cab-19ad-4316-93ce-6c642a7fb5bf	2	231175905	239125372	4732	0.1123
03747cab-19ad-4316-93ce-6c642a7fb5bf	2	239125955	241537572	1391	-0.7208
03747cab-19ad-4316-93ce-6c642a7fb5bf	3	2170634	2248114	59	-0.6541
03747cab-19ad-4316-93ce-6c642a7fb5bf	3	2248956	4362403	1073	-0.7962
03747cab-19ad-4316-93ce-6c642a7fb5bf	3	4362854	31627659	16569	-0.7042
03747cab-19ad-4316-93ce-6c642a7fb5bf	3	31636497	31809013	126	0.5346
03747cab-19ad-4316-93ce-6c642a7fb5bf	3	31809771	31823730	10	0.0854
03747cab-19ad-4316-93ce-6c642a7fb5bf	3	31830771	37267557	3191	-0.6926
03747cab-19ad-4316-93ce-6c642a7fb5bf	3	37272404	37423609	63	-0.5443
03747cab-19ad-4316-93ce-6c642a7fb5bf	3	37425346	47572987	5869	-0.6712
03747cab-19ad-4316-93ce-6c642a7fb5bf	3	47576881	53495357	2435	-0.6169
03747cab-19ad-4316-93ce-6c642a7fb5bf	3	53498363	69367686	10334	-0.7169
03747cab-19ad-4316-93ce-6c642a7fb5bf	3	69368157	69368681	2	-2.865
03747cab-19ad-4316-93ce-6c642a7fb5bf	3	69373030	91462299	11494	-0.7156
03747cab-19ad-4316-93ce-6c642a7fb5bf	3	94015345	96907092	1449	0.0204
03747cab-19ad-4316-93ce-6c642a7fb5bf	3	96907966	97931871	502	0.077
03747cab-19ad-4316-93ce-6c642a7fb5bf	3	97938419	116804449	10743	0.5225
03747cab-19ad-4316-93ce-6c642a7fb5bf	3	116804601	117517349	562	0.449
03747cab-19ad-4316-93ce-6c642a7fb5bf	3	117520241	122392714	2639	0.5152
03747cab-19ad-4316-93ce-6c642a7fb5bf	3	122394323	141537111	11146	0.5544
03747cab-19ad-4316-93ce-6c642a7fb5bf	3	141543748	147833535	2772	0.5104
03747cab-19ad-4316-93ce-6c642a7fb5bf	3	147835798	150399448	1546	0.9027
03747cab-19ad-4316-93ce-6c642a7fb5bf	3	150400406	166503305	8238	0.8343
03747cab-19ad-4316-93ce-6c642a7fb5bf	3	166510033	168908289	1190	0.8774
03747cab-19ad-4316-93ce-6c642a7fb5bf	3	168910408	178963570	5175	1.1026
03747cab-19ad-4316-93ce-6c642a7fb5bf	3	178964180	179827082	593	1.0159
03747cab-19ad-4316-93ce-6c642a7fb5bf	3	179834464	190507448	6046	1.1077
03747cab-19ad-4316-93ce-6c642a7fb5bf	3	190510526	192036211	990	1.0311
03747cab-19ad-4316-93ce-6c642a7fb5bf	3	192038022	197812401	2338	1.1333
03747cab-19ad-4316-93ce-6c642a7fb5bf	4	1059384	36290396	21752	-0.7052
03747cab-19ad-4316-93ce-6c642a7fb5bf	4	36291521	36308431	13	-1.5436
03747cab-19ad-4316-93ce-6c642a7fb5bf	4	36311710	37001484	432	-0.7583
03747cab-19ad-4316-93ce-6c642a7fb5bf	4	37001537	41499912	2823	-0.6599
03747cab-19ad-4316-93ce-6c642a7fb5bf	4	41503231	48067890	3312	-0.7405
03747cab-19ad-4316-93ce-6c642a7fb5bf	4	51832470	60054675	5169	0.0539
03747cab-19ad-4316-93ce-6c642a7fb5bf	4	60055274	67210422	3883	-0.184
03747cab-19ad-4316-93ce-6c642a7fb5bf	4	67212315	67212333	2	-1.4815
03747cab-19ad-4316-93ce-6c642a7fb5bf	4	67218363	70883246	1403	-0.1871
03747cab-19ad-4316-93ce-6c642a7fb5bf	4	70886974	89141471	10950	-0.1343
03747cab-19ad-4316-93ce-6c642a7fb5bf	4	89142454	105115388	8724	-0.1655
03747cab-19ad-4316-93ce-6c642a7fb5bf	4	105116477	130857184	14453	0.0626
03747cab-19ad-4316-93ce-6c642a7fb5bf	4	130857722	136509467	2393	0.0236
03747cab-19ad-4316-93ce-6c642a7fb5bf	4	136509560	145314546	5206	0.0647
03747cab-19ad-4316-93ce-6c642a7fb5bf	4	145315146	157675602	7103	0.0811
03747cab-19ad-4316-93ce-6c642a7fb5bf	4	157680417	157681001	4	-0.7649
03747cab-19ad-4316-93ce-6c642a7fb5bf	4	157681634	159916745	1249	0.1035
03747cab-19ad-4316-93ce-6c642a7fb5bf	4	159926250	163050205	1865	0.029
03747cab-19ad-4316-93ce-6c642a7fb5bf	4	163050279	163069564	21	-0.5276
03747cab-19ad-4316-93ce-6c642a7fb5bf	4	163070464	165452713	1114	0.0154
03747cab-19ad-4316-93ce-6c642a7fb5bf	4	165452729	170923397	3051	0.0844
03747cab-19ad-4316-93ce-6c642a7fb5bf	4	170923635	171825003	536	-0.0101
03747cab-19ad-4316-93ce-6c642a7fb5bf	4	171826649	171827187	5	-0.6753
03747cab-19ad-4316-93ce-6c642a7fb5bf	4	171828831	172036582	106	0.0092
03747cab-19ad-4316-93ce-6c642a7fb5bf	4	172037067	175227812	1691	0.0502
03747cab-19ad-4316-93ce-6c642a7fb5bf	4	175230957	182597560	4157	0.0019
03747cab-19ad-4316-93ce-6c642a7fb5bf	4	182597967	186201150	1129	0.0948
03747cab-19ad-4316-93ce-6c642a7fb5bf	4	186201165	187842528	964	0.0239
03747cab-19ad-4316-93ce-6c642a7fb5bf	5	913983	9934954	6604	0.0331
03747cab-19ad-4316-93ce-6c642a7fb5bf	5	9942345	10985651	612	0.1051
03747cab-19ad-4316-93ce-6c642a7fb5bf	5	10986412	13467790	1343	0.0369
03747cab-19ad-4316-93ce-6c642a7fb5bf	5	13468284	17427728	2321	0.1013
03747cab-19ad-4316-93ce-6c642a7fb5bf	5	17432602	30873645	6927	0.0357
03747cab-19ad-4316-93ce-6c642a7fb5bf	5	30874117	39465808	5218	0.0966
03747cab-19ad-4316-93ce-6c642a7fb5bf	5	39465821	40875200	878	0.025
03747cab-19ad-4316-93ce-6c642a7fb5bf	5	40875461	44376319	1828	0.1036
03747cab-19ad-4316-93ce-6c642a7fb5bf	5	44376958	45383300	412	0.0226
03747cab-19ad-4316-93ce-6c642a7fb5bf	5	50828231	69444826	11164	-0.696
03747cab-19ad-4316-93ce-6c642a7fb5bf	5	69448492	72062270	463	0.1268
03747cab-19ad-4316-93ce-6c642a7fb5bf	5	72063890	72064025	2	-1.3565
03747cab-19ad-4316-93ce-6c642a7fb5bf	5	72065889	72603605	321	0.1031
03747cab-19ad-4316-93ce-6c642a7fb5bf	5	72606047	72610893	2	-2.5675
03747cab-19ad-4316-93ce-6c642a7fb5bf	5	72611120	72698637	27	-0.0701
03747cab-19ad-4316-93ce-6c642a7fb5bf	5	72698866	74677534	1433	0.1219
03747cab-19ad-4316-93ce-6c642a7fb5bf	5	74677812	76746085	1182	0.0475
03747cab-19ad-4316-93ce-6c642a7fb5bf	5	76747138	83163612	3747	0.0931
03747cab-19ad-4316-93ce-6c642a7fb5bf	5	83163634	87319547	2166	0.0361
03747cab-19ad-4316-93ce-6c642a7fb5bf	5	87320832	88836931	747	-0.7165
03747cab-19ad-4316-93ce-6c642a7fb5bf	5	88841635	90857523	1048	0.0371
03747cab-19ad-4316-93ce-6c642a7fb5bf	5	90862512	93088154	1139	-0.654
03747cab-19ad-4316-93ce-6c642a7fb5bf	5	93091927	96295700	1685	0.0873
03747cab-19ad-4316-93ce-6c642a7fb5bf	5	96299548	96790494	347	-0.6662
03747cab-19ad-4316-93ce-6c642a7fb5bf	5	96790605	96949058	88	0.0048
03747cab-19ad-4316-93ce-6c642a7fb5bf	5	96976882	97556234	356	-0.6727
03747cab-19ad-4316-93ce-6c642a7fb5bf	5	97559515	102463028	1662	0.0466
03747cab-19ad-4316-93ce-6c642a7fb5bf	5	102466797	104971809	1354	-0.7004
03747cab-19ad-4316-93ce-6c642a7fb5bf	5	104972329	104972845	2	-2.6181
03747cab-19ad-4316-93ce-6c642a7fb5bf	5	104974694	106712077	808	-0.701
03747cab-19ad-4316-93ce-6c642a7fb5bf	5	106713333	109497822	1663	0.0695
03747cab-19ad-4316-93ce-6c642a7fb5bf	5	109501121	111596176	1211	-0.7367
03747cab-19ad-4316-93ce-6c642a7fb5bf	5	111597784	111598171	2	-2.5314
03747cab-19ad-4316-93ce-6c642a7fb5bf	5	111598805	111787229	137	-0.7448
03747cab-19ad-4316-93ce-6c642a7fb5bf	5	111787247	111788571	3	-2.452
03747cab-19ad-4316-93ce-6c642a7fb5bf	5	111788981	115438245	2543	-0.6974
03747cab-19ad-4316-93ce-6c642a7fb5bf	5	115447806	115793390	220	0.0793
03747cab-19ad-4316-93ce-6c642a7fb5bf	5	115793636	115836256	27	-0.7689
03747cab-19ad-4316-93ce-6c642a7fb5bf	5	115836732	115871347	17	0.0349
03747cab-19ad-4316-93ce-6c642a7fb5bf	5	115873146	117184055	681	-0.7523
03747cab-19ad-4316-93ce-6c642a7fb5bf	5	117185061	119206488	1294	0.0243
03747cab-19ad-4316-93ce-6c642a7fb5bf	5	119207368	123642487	2476	-0.7233
03747cab-19ad-4316-93ce-6c642a7fb5bf	5	123644265	126577534	1839	0.1388
03747cab-19ad-4316-93ce-6c642a7fb5bf	5	126580047	131451174	2661	0.061
03747cab-19ad-4316-93ce-6c642a7fb5bf	5	131458365	135009212	2083	-0.6837
03747cab-19ad-4316-93ce-6c642a7fb5bf	5	135010005	144314322	5460	0.0876
03747cab-19ad-4316-93ce-6c642a7fb5bf	5	144314564	148302231	2485	0.0418
03747cab-19ad-4316-93ce-6c642a7fb5bf	5	148304622	148618813	193	0.0963
03747cab-19ad-4316-93ce-6c642a7fb5bf	5	148618928	150741569	1454	0.1354
03747cab-19ad-4316-93ce-6c642a7fb5bf	5	150749357	151513403	507	0.0778
03747cab-19ad-4316-93ce-6c642a7fb5bf	5	151514032	151514079	2	-1.1474
03747cab-19ad-4316-93ce-6c642a7fb5bf	5	151514872	155609058	2683	0.0653
03747cab-19ad-4316-93ce-6c642a7fb5bf	5	155609554	157733372	1415	0.0132
03747cab-19ad-4316-93ce-6c642a7fb5bf	5	157735427	161752739	2701	0.0689
03747cab-19ad-4316-93ce-6c642a7fb5bf	5	161752793	167889507	3834	0.0031
03747cab-19ad-4316-93ce-6c642a7fb5bf	5	167889575	174699496	4747	0.0739
03747cab-19ad-4316-93ce-6c642a7fb5bf	5	174705298	175361965	468	-0.0055
03747cab-19ad-4316-93ce-6c642a7fb5bf	5	175362352	179253683	1609	0.0687
03747cab-19ad-4316-93ce-6c642a7fb5bf	5	179259589	179259927	3	-0.8235
03747cab-19ad-4316-93ce-6c642a7fb5bf	5	179260912	180934240	823	0.0717
03747cab-19ad-4316-93ce-6c642a7fb5bf	6	1011760	1105581	100	0.0103
03747cab-19ad-4316-93ce-6c642a7fb5bf	6	1108216	3023722	1473	0.0914
03747cab-19ad-4316-93ce-6c642a7fb5bf	6	3024840	4050817	715	0.1611
03747cab-19ad-4316-93ce-6c642a7fb5bf	6	4053122	20517103	11569	0.0789
03747cab-19ad-4316-93ce-6c642a7fb5bf	6	20517794	22244464	1171	0.1283
03747cab-19ad-4316-93ce-6c642a7fb5bf	6	22245576	24946443	1943	0.0812
03747cab-19ad-4316-93ce-6c642a7fb5bf	6	24947544	24947577	2	1.401
03747cab-19ad-4316-93ce-6c642a7fb5bf	6	24950971	25426764	357	0.0671
03747cab-19ad-4316-93ce-6c642a7fb5bf	6	25427012	29328516	1352	0.0207
03747cab-19ad-4316-93ce-6c642a7fb5bf	6	29329591	38685989	3976	0.1088
03747cab-19ad-4316-93ce-6c642a7fb5bf	6	38690363	38690440	2	-1.3744
03747cab-19ad-4316-93ce-6c642a7fb5bf	6	38691107	43070457	2996	0.0882
03747cab-19ad-4316-93ce-6c642a7fb5bf	6	43070853	47928357	2927	0.1345
03747cab-19ad-4316-93ce-6c642a7fb5bf	6	47929002	52005959	2231	0.0533
03747cab-19ad-4316-93ce-6c642a7fb5bf	6	52007339	54189888	1510	0.1277
03747cab-19ad-4316-93ce-6c642a7fb5bf	6	54191396	64126439	3027	0.0777
03747cab-19ad-4316-93ce-6c642a7fb5bf	6	64126711	78772833	8413	0.0516
03747cab-19ad-4316-93ce-6c642a7fb5bf	6	78773413	90845876	6947	0.0904
03747cab-19ad-4316-93ce-6c642a7fb5bf	6	90846210	97766519	3220	0.0267
03747cab-19ad-4316-93ce-6c642a7fb5bf	6	97766938	105684732	4552	0.0625
03747cab-19ad-4316-93ce-6c642a7fb5bf	6	105688325	114313861	5388	0.1017
03747cab-19ad-4316-93ce-6c642a7fb5bf	6	114313886	115859989	754	0.0727
03747cab-19ad-4316-93ce-6c642a7fb5bf	6	115860793	124152854	4322	0.0448
03747cab-19ad-4316-93ce-6c642a7fb5bf	6	124152966	126552250	1502	0.0976
03747cab-19ad-4316-93ce-6c642a7fb5bf	6	126555434	131391479	3060	0.0458
03747cab-19ad-4316-93ce-6c642a7fb5bf	6	131391590	152050256	13107	0.0806
03747cab-19ad-4316-93ce-6c642a7fb5bf	6	152050312	154345764	1685	0.0411
03747cab-19ad-4316-93ce-6c642a7fb5bf	6	154346400	160962447	4192	0.0887
03747cab-19ad-4316-93ce-6c642a7fb5bf	6	160964126	165454801	2640	0.008
03747cab-19ad-4316-93ce-6c642a7fb5bf	6	165456698	170596889	2087	0.0703
03747cab-19ad-4316-93ce-6c642a7fb5bf	7	664936	7694473	2800	0.0998
03747cab-19ad-4316-93ce-6c642a7fb5bf	7	7695198	8761082	556	0.4923
03747cab-19ad-4316-93ce-6c642a7fb5bf	7	9192894	24936459	9756	0.0576
03747cab-19ad-4316-93ce-6c642a7fb5bf	7	24937459	36761354	7694	0.0903
03747cab-19ad-4316-93ce-6c642a7fb5bf	7	36761729	42232093	3650	0.0393
03747cab-19ad-4316-93ce-6c642a7fb5bf	7	42232361	45998279	1783	0.0896
03747cab-19ad-4316-93ce-6c642a7fb5bf	7	45999081	48420881	1807	0.134
03747cab-19ad-4316-93ce-6c642a7fb5bf	7	48437710	50819075	1707	0.0639
03747cab-19ad-4316-93ce-6c642a7fb5bf	7	50819601	51091028	210	0.1633
03747cab-19ad-4316-93ce-6c642a7fb5bf	7	51093392	52173294	771	0.0755
03747cab-19ad-4316-93ce-6c642a7fb5bf	7	52176447	52177293	2	-1.2594
03747cab-19ad-4316-93ce-6c642a7fb5bf	7	52177745	54551906	1545	0.03
03747cab-19ad-4316-93ce-6c642a7fb5bf	7	54560197	69462593	3646	0.0728
03747cab-19ad-4316-93ce-6c642a7fb5bf	7	69471094	71640062	1242	0.0332
03747cab-19ad-4316-93ce-6c642a7fb5bf	7	71640402	71642891	3	-0.9608
03747cab-19ad-4316-93ce-6c642a7fb5bf	7	71644992	73926195	741	0.0259
03747cab-19ad-4316-93ce-6c642a7fb5bf	7	73926413	82109587	3951	0.1032
03747cab-19ad-4316-93ce-6c642a7fb5bf	7	82109631	93468192	5526	0.0458
03747cab-19ad-4316-93ce-6c642a7fb5bf	7	93468453	108978111	8076	0.0865
03747cab-19ad-4316-93ce-6c642a7fb5bf	7	108991403	109732078	455	0.0462
03747cab-19ad-4316-93ce-6c642a7fb5bf	7	109732390	109734826	2	-1.158
03747cab-19ad-4316-93ce-6c642a7fb5bf	7	109734977	121147039	5775	0.0482
03747cab-19ad-4316-93ce-6c642a7fb5bf	7	121149284	125121332	2305	0.0971
03747cab-19ad-4316-93ce-6c642a7fb5bf	7	125121434	127265408	1161	0.0329
03747cab-19ad-4316-93ce-6c642a7fb5bf	7	127272496	144028088	9106	0.0851
03747cab-19ad-4316-93ce-6c642a7fb5bf	7	144028177	146280646	1176	0.0373
03747cab-19ad-4316-93ce-6c642a7fb5bf	7	146283826	157271950	5908	-0.7067
03747cab-19ad-4316-93ce-6c642a7fb5bf	7	157276463	158235301	470	0.0433
03747cab-19ad-4316-93ce-6c642a7fb5bf	7	158235626	158236594	2	1.1603
03747cab-19ad-4316-93ce-6c642a7fb5bf	7	158243769	158592540	137	0.0746
03747cab-19ad-4316-93ce-6c642a7fb5bf	8	667625	6727184	3020	0.0167
03747cab-19ad-4316-93ce-6c642a7fb5bf	8	6727364	12727927	2246	0.0859
03747cab-19ad-4316-93ce-6c642a7fb5bf	8	12728221	16002351	2636	0.0259
03747cab-19ad-4316-93ce-6c642a7fb5bf	8	16006509	16017656	15	0.4448
03747cab-19ad-4316-93ce-6c642a7fb5bf	8	16166714	16748117	286	0.021
03747cab-19ad-4316-93ce-6c642a7fb5bf	8	16749861	20078765	2681	0.1176
03747cab-19ad-4316-93ce-6c642a7fb5bf	8	20078844	25941563	4017	0.0725
03747cab-19ad-4316-93ce-6c642a7fb5bf	8	25942826	27686054	1297	0.1087
03747cab-19ad-4316-93ce-6c642a7fb5bf	8	27689334	27831563	108	-0.2969
03747cab-19ad-4316-93ce-6c642a7fb5bf	8	27835196	31436645	2253	0.105
03747cab-19ad-4316-93ce-6c642a7fb5bf	8	31438571	36818647	3017	0.0275
03747cab-19ad-4316-93ce-6c642a7fb5bf	8	36818689	40536721	2019	0.1109
03747cab-19ad-4316-93ce-6c642a7fb5bf	8	40542202	72514792	16491	0.0566
03747cab-19ad-4316-93ce-6c642a7fb5bf	8	72515653	76139159	2210	0.1055
03747cab-19ad-4316-93ce-6c642a7fb5bf	8	76139233	78654328	1366	0.0245
03747cab-19ad-4316-93ce-6c642a7fb5bf	8	78656057	82332980	2030	0.0987
03747cab-19ad-4316-93ce-6c642a7fb5bf	8	82336353	88407268	3069	0.0215
03747cab-19ad-4316-93ce-6c642a7fb5bf	8	88416805	93078252	2655	0.0596
03747cab-19ad-4316-93ce-6c642a7fb5bf	8	93078808	103539854	6298	0.1062
03747cab-19ad-4316-93ce-6c642a7fb5bf	8	103553213	105458402	1108	0.061
03747cab-19ad-4316-93ce-6c642a7fb5bf	8	105463863	116163109	5471	0.0248
03747cab-19ad-4316-93ce-6c642a7fb5bf	8	116163747	122312870	4130	0.0697
03747cab-19ad-4316-93ce-6c642a7fb5bf	8	122313392	126183612	2655	0.1174
03747cab-19ad-4316-93ce-6c642a7fb5bf	8	126186543	129363154	2248	0.0272
03747cab-19ad-4316-93ce-6c642a7fb5bf	8	129363385	136047790	5057	0.0809
03747cab-19ad-4316-93ce-6c642a7fb5bf	8	136047907	139444302	2468	0.0325
03747cab-19ad-4316-93ce-6c642a7fb5bf	8	139447044	144182542	1418	0.1111
03747cab-19ad-4316-93ce-6c642a7fb5bf	9	789794	7061314	3718	0.0836
03747cab-19ad-4316-93ce-6c642a7fb5bf	9	7062834	11260892	2632	0.0281
03747cab-19ad-4316-93ce-6c642a7fb5bf	9	11262339	16732814	3320	0.123
03747cab-19ad-4316-93ce-6c642a7fb5bf	9	16733661	21620607	3834	0.062
03747cab-19ad-4316-93ce-6c642a7fb5bf	9	21625102	23123177	902	0.1539
03747cab-19ad-4316-93ce-6c642a7fb5bf	9	23123627	31262699	4572	0.0533
03747cab-19ad-4316-93ce-6c642a7fb5bf	9	31262778	38677376	4557	0.1105
03747cab-19ad-4316-93ce-6c642a7fb5bf	9	38677682	70411174	1569	0.0596
03747cab-19ad-4316-93ce-6c642a7fb5bf	9	70412697	73625256	2141	0.1092
03747cab-19ad-4316-93ce-6c642a7fb5bf	9	73625647	75443462	1160	0.0276
03747cab-19ad-4316-93ce-6c642a7fb5bf	9	75447777	79054224	2661	0.0847
03747cab-19ad-4316-93ce-6c642a7fb5bf	9	79054341	80972562	1420	0.0346
03747cab-19ad-4316-93ce-6c642a7fb5bf	9	80977385	99285884	12038	0.0948
03747cab-19ad-4316-93ce-6c642a7fb5bf	9	99286154	103856328	2548	0.0532
03747cab-19ad-4316-93ce-6c642a7fb5bf	9	103856455	116039267	8542	0.1086
03747cab-19ad-4316-93ce-6c642a7fb5bf	9	116039716	119960145	3086	0.0587
03747cab-19ad-4316-93ce-6c642a7fb5bf	9	119960562	138044505	9819	0.1075
03747cab-19ad-4316-93ce-6c642a7fb5bf	10	366509	1554416	467	0.1407
03747cab-19ad-4316-93ce-6c642a7fb5bf	10	1555093	4209267	1825	0.047
03747cab-19ad-4316-93ce-6c642a7fb5bf	10	4212023	4255657	43	0.1142
03747cab-19ad-4316-93ce-6c642a7fb5bf	10	4255901	4256028	3	1.2265
03747cab-19ad-4316-93ce-6c642a7fb5bf	10	4258542	6863014	1944	0.1228
03747cab-19ad-4316-93ce-6c642a7fb5bf	10	6863103	8495044	1394	0.0292
03747cab-19ad-4316-93ce-6c642a7fb5bf	10	8495732	8496328	2	-1.0142
03747cab-19ad-4316-93ce-6c642a7fb5bf	10	8496529	11350668	2209	0.0343
03747cab-19ad-4316-93ce-6c642a7fb5bf	10	11351190	13935765	1932	0.0995
03747cab-19ad-4316-93ce-6c642a7fb5bf	10	13936235	20340190	4794	0.0316
03747cab-19ad-4316-93ce-6c642a7fb5bf	10	20341051	21545607	847	0.129
03747cab-19ad-4316-93ce-6c642a7fb5bf	10	21547208	28052937	3957	0.0734
03747cab-19ad-4316-93ce-6c642a7fb5bf	10	28053001	36437753	5701	0.1099
03747cab-19ad-4316-93ce-6c642a7fb5bf	10	36438664	42823749	1340	0.0456
03747cab-19ad-4316-93ce-6c642a7fb5bf	10	42824087	45048341	1512	0.1024
03747cab-19ad-4316-93ce-6c642a7fb5bf	10	45048454	53071788	3548	0.0431
03747cab-19ad-4316-93ce-6c642a7fb5bf	10	53074572	53612257	294	0.0851
03747cab-19ad-4316-93ce-6c642a7fb5bf	10	53699632	133411599	49431	-0.6936
03747cab-19ad-4316-93ce-6c642a7fb5bf	11	456012	4478297	1490	0.1213
03747cab-19ad-4316-93ce-6c642a7fb5bf	11	4478370	5839971	1065	0.029
03747cab-19ad-4316-93ce-6c642a7fb5bf	11	5841302	12098135	4297	0.097
03747cab-19ad-4316-93ce-6c642a7fb5bf	11	12098220	13708012	1323	0.1418
03747cab-19ad-4316-93ce-6c642a7fb5bf	11	13709790	16793084	1869	0.074
03747cab-19ad-4316-93ce-6c642a7fb5bf	11	16793972	20251697	2596	0.1389
03747cab-19ad-4316-93ce-6c642a7fb5bf	11	20253110	20761336	413	0.0885
03747cab-19ad-4316-93ce-6c642a7fb5bf	11	20761414	26555747	3865	0.0482
03747cab-19ad-4316-93ce-6c642a7fb5bf	11	26556503	27468741	641	0.1698
03747cab-19ad-4316-93ce-6c642a7fb5bf	11	27468883	30070534	1471	0.0795
03747cab-19ad-4316-93ce-6c642a7fb5bf	11	30071457	31502593	872	0.0001
03747cab-19ad-4316-93ce-6c642a7fb5bf	11	31502655	33463228	1161	0.0716
03747cab-19ad-4316-93ce-6c642a7fb5bf	11	33463561	36810974	2574	0.1235
03747cab-19ad-4316-93ce-6c642a7fb5bf	11	36811341	42738326	3353	0.0298
03747cab-19ad-4316-93ce-6c642a7fb5bf	11	42738735	78650570	14336	0.0975
03747cab-19ad-4316-93ce-6c642a7fb5bf	11	78652027	80304687	1332	0.0533
03747cab-19ad-4316-93ce-6c642a7fb5bf	11	80305032	80305076	2	1.4636
03747cab-19ad-4316-93ce-6c642a7fb5bf	11	80305092	86234880	3532	0.0572
03747cab-19ad-4316-93ce-6c642a7fb5bf	11	86237996	86296539	35	0.1722
03747cab-19ad-4316-93ce-6c642a7fb5bf	11	86297221	87054028	522	-0.6727
03747cab-19ad-4316-93ce-6c642a7fb5bf	11	87056346	91305183	2460	0.0532
03747cab-19ad-4316-93ce-6c642a7fb5bf	11	91313493	91316202	6	-0.8543
03747cab-19ad-4316-93ce-6c642a7fb5bf	11	91316652	99957034	5476	0.0526
03747cab-19ad-4316-93ce-6c642a7fb5bf	11	99957214	103014453	2151	0.0922
03747cab-19ad-4316-93ce-6c642a7fb5bf	11	103015369	106135174	1743	0.0364
03747cab-19ad-4316-93ce-6c642a7fb5bf	11	106137514	121616105	10300	-0.1027
03747cab-19ad-4316-93ce-6c642a7fb5bf	11	121616637	125188786	2530	-0.1582
03747cab-19ad-4316-93ce-6c642a7fb5bf	11	125189794	131536214	4578	-0.1037
03747cab-19ad-4316-93ce-6c642a7fb5bf	11	131536249	133420321	1171	-0.1683
03747cab-19ad-4316-93ce-6c642a7fb5bf	11	133420669	134272740	449	-0.1035
03747cab-19ad-4316-93ce-6c642a7fb5bf	12	780472	3778135	1475	-0.327
03747cab-19ad-4316-93ce-6c642a7fb5bf	12	3778313	5146023	1122	-0.3856
03747cab-19ad-4316-93ce-6c642a7fb5bf	12	5147483	7985126	1607	-0.2881
03747cab-19ad-4316-93ce-6c642a7fb5bf	12	7987805	10287406	996	-0.3812
03747cab-19ad-4316-93ce-6c642a7fb5bf	12	10288154	18939256	5250	-0.317
03747cab-19ad-4316-93ce-6c642a7fb5bf	12	18939867	20140590	752	0.1045
03747cab-19ad-4316-93ce-6c642a7fb5bf	12	20140959	46700618	12862	0.0661
03747cab-19ad-4316-93ce-6c642a7fb5bf	12	46701480	59593580	7002	0.102
03747cab-19ad-4316-93ce-6c642a7fb5bf	12	59595897	61788273	1273	0.0227
03747cab-19ad-4316-93ce-6c642a7fb5bf	12	61788404	80744142	11789	0.0678
03747cab-19ad-4316-93ce-6c642a7fb5bf	12	80744503	87340887	3702	0.0439
03747cab-19ad-4316-93ce-6c642a7fb5bf	12	87341626	89377389	1185	0.1212
03747cab-19ad-4316-93ce-6c642a7fb5bf	12	89381292	91176918	1051	0.051
03747cab-19ad-4316-93ce-6c642a7fb5bf	12	91180760	91908841	486	0.1038
03747cab-19ad-4316-93ce-6c642a7fb5bf	12	91911494	91911652	4	-0.7938
03747cab-19ad-4316-93ce-6c642a7fb5bf	12	91911977	94143027	1462	0.1004
03747cab-19ad-4316-93ce-6c642a7fb5bf	12	94151573	100757206	4301	0.0591
03747cab-19ad-4316-93ce-6c642a7fb5bf	12	100757828	125797628	15133	0.0914
03747cab-19ad-4316-93ce-6c642a7fb5bf	12	125797846	129307960	2034	0.007
03747cab-19ad-4316-93ce-6c642a7fb5bf	12	129309177	132605822	897	0.0931
03747cab-19ad-4316-93ce-6c642a7fb5bf	13	18874255	18951045	40	0.0774
03747cab-19ad-4316-93ce-6c642a7fb5bf	13	18953751	20070905	378	-0.7849
03747cab-19ad-4316-93ce-6c642a7fb5bf	13	20077059	21780510	816	0.0688
03747cab-19ad-4316-93ce-6c642a7fb5bf	13	21781171	21848321	46	-0.1452
03747cab-19ad-4316-93ce-6c642a7fb5bf	13	21848984	21968919	102	0.0671
03747cab-19ad-4316-93ce-6c642a7fb5bf	13	21973739	22083356	98	-0.7765
03747cab-19ad-4316-93ce-6c642a7fb5bf	13	22087151	22121172	39	0.0465
03747cab-19ad-4316-93ce-6c642a7fb5bf	13	22123026	38997532	11188	-0.7236
03747cab-19ad-4316-93ce-6c642a7fb5bf	13	38999370	55585049	9219	-0.6803
03747cab-19ad-4316-93ce-6c642a7fb5bf	13	55586013	56480228	390	-0.7495
03747cab-19ad-4316-93ce-6c642a7fb5bf	13	56486742	56958180	205	0.0157
03747cab-19ad-4316-93ce-6c642a7fb5bf	13	56961212	62702209	3039	-0.7152
03747cab-19ad-4316-93ce-6c642a7fb5bf	13	62705824	78952037	9314	0.0345
03747cab-19ad-4316-93ce-6c642a7fb5bf	13	78955636	80512097	973	0.5874
03747cab-19ad-4316-93ce-6c642a7fb5bf	13	80519581	85374486	2739	0.8937
03747cab-19ad-4316-93ce-6c642a7fb5bf	13	85379414	88184317	1525	0.9535
03747cab-19ad-4316-93ce-6c642a7fb5bf	13	88185056	92450780	2556	0.8987
03747cab-19ad-4316-93ce-6c642a7fb5bf	13	92451510	101636816	6034	1.1643
03747cab-19ad-4316-93ce-6c642a7fb5bf	13	101637110	107871875	4419	1.1143
03747cab-19ad-4316-93ce-6c642a7fb5bf	13	107872170	114226675	3858	1.1662
03747cab-19ad-4316-93ce-6c642a7fb5bf	14	20033191	24754144	1892	0.1167
03747cab-19ad-4316-93ce-6c642a7fb5bf	14	24757464	24762108	7	-0.5666
03747cab-19ad-4316-93ce-6c642a7fb5bf	14	24765485	39709776	8962	0.0863
03747cab-19ad-4316-93ce-6c642a7fb5bf	14	39710114	48780866	3942	0.0424
03747cab-19ad-4316-93ce-6c642a7fb5bf	14	48781036	50489748	928	0.1066
03747cab-19ad-4316-93ce-6c642a7fb5bf	14	50490266	60404341	6561	0.0771
03747cab-19ad-4316-93ce-6c642a7fb5bf	14	60405570	65137643	2954	0.1108
03747cab-19ad-4316-93ce-6c642a7fb5bf	14	65140045	66977024	891	0.0596
03747cab-19ad-4316-93ce-6c642a7fb5bf	14	66990116	70326564	2022	0.1267
03747cab-19ad-4316-93ce-6c642a7fb5bf	14	70329362	72704273	1554	0.0623
03747cab-19ad-4316-93ce-6c642a7fb5bf	14	72705538	78450988	3575	0.1161
03747cab-19ad-4316-93ce-6c642a7fb5bf	14	78451210	83774048	3476	0.054
03747cab-19ad-4316-93ce-6c642a7fb5bf	14	83775924	87301475	2239	0.0107
03747cab-19ad-4316-93ce-6c642a7fb5bf	14	87304327	89583158	1272	0.059
03747cab-19ad-4316-93ce-6c642a7fb5bf	14	89588144	96995428	4966	0.1081
03747cab-19ad-4316-93ce-6c642a7fb5bf	14	96995480	98590299	1279	0.0241
03747cab-19ad-4316-93ce-6c642a7fb5bf	14	98592623	105533894	3296	0.1099
03747cab-19ad-4316-93ce-6c642a7fb5bf	15	23437561	23484496	24	0.0039
03747cab-19ad-4316-93ce-6c642a7fb5bf	15	23486830	23510566	31	0.2663
03747cab-19ad-4316-93ce-6c642a7fb5bf	15	23511700	23780964	187	0.0492
03747cab-19ad-4316-93ce-6c642a7fb5bf	15	23781462	24724367	318	-0.6948
03747cab-19ad-4316-93ce-6c642a7fb5bf	15	24724622	27855797	2148	-0.7869
03747cab-19ad-4316-93ce-6c642a7fb5bf	15	28213684	49774209	10750	-0.6854
03747cab-19ad-4316-93ce-6c642a7fb5bf	15	49774893	51478437	1019	0.0959
03747cab-19ad-4316-93ce-6c642a7fb5bf	15	51480242	51936674	258	0.009
03747cab-19ad-4316-93ce-6c642a7fb5bf	15	51939634	52225416	148	0.1273
03747cab-19ad-4316-93ce-6c642a7fb5bf	15	52225517	55744805	2475	-0.6847
03747cab-19ad-4316-93ce-6c642a7fb5bf	15	55745370	83034939	16457	0.0966
03747cab-19ad-4316-93ce-6c642a7fb5bf	15	83042686	83957587	493	-0.6649
03747cab-19ad-4316-93ce-6c642a7fb5bf	15	83960289	83960325	2	-2.3619
03747cab-19ad-4316-93ce-6c642a7fb5bf	15	83968929	85014435	332	-0.6122
03747cab-19ad-4316-93ce-6c642a7fb5bf	15	85020724	89357656	2792	0.058
03747cab-19ad-4316-93ce-6c642a7fb5bf	15	89365608	89434923	42	-0.6737
03747cab-19ad-4316-93ce-6c642a7fb5bf	15	89440423	91779435	1367	0.0963
03747cab-19ad-4316-93ce-6c642a7fb5bf	15	91783034	97937170	4075	0.0374
03747cab-19ad-4316-93ce-6c642a7fb5bf	15	97952652	98213847	194	-0.7443
03747cab-19ad-4316-93ce-6c642a7fb5bf	15	98218144	101344124	1659	0.079
03747cab-19ad-4316-93ce-6c642a7fb5bf	16	603333	5794548	2188	0.1222
03747cab-19ad-4316-93ce-6c642a7fb5bf	16	5794549	8449186	1514	0.051
03747cab-19ad-4316-93ce-6c642a7fb5bf	16	8449291	23574493	6412	0.1077
03747cab-19ad-4316-93ce-6c642a7fb5bf	16	23575483	27777957	2876	0.0487
03747cab-19ad-4316-93ce-6c642a7fb5bf	16	27778955	53494167	5527	0.0955
03747cab-19ad-4316-93ce-6c642a7fb5bf	16	53495036	53495651	2	-1.6611
03747cab-19ad-4316-93ce-6c642a7fb5bf	16	53495861	59508279	4069	0.1192
03747cab-19ad-4316-93ce-6c642a7fb5bf	16	59508384	65430122	3779	0.0402
03747cab-19ad-4316-93ce-6c642a7fb5bf	16	65430413	77243393	6340	0.0989
03747cab-19ad-4316-93ce-6c642a7fb5bf	16	77246355	77247731	2	-2.66
03747cab-19ad-4316-93ce-6c642a7fb5bf	16	77248101	81034494	3434	0.081
03747cab-19ad-4316-93ce-6c642a7fb5bf	16	81037092	81037137	2	-1.0921
03747cab-19ad-4316-93ce-6c642a7fb5bf	16	81041132	82441025	1028	0.1297
03747cab-19ad-4316-93ce-6c642a7fb5bf	16	82441590	83517691	1028	0.0591
03747cab-19ad-4316-93ce-6c642a7fb5bf	16	83517902	86203941	1399	0.1483
03747cab-19ad-4316-93ce-6c642a7fb5bf	16	86204336	89317317	1616	0.0995
03747cab-19ad-4316-93ce-6c642a7fb5bf	17	1074619	1278872	27	0.0443
03747cab-19ad-4316-93ce-6c642a7fb5bf	17	1297910	4846641	1626	-0.6383
03747cab-19ad-4316-93ce-6c642a7fb5bf	17	4847588	14209649	5883	-0.7156
03747cab-19ad-4316-93ce-6c642a7fb5bf	17	14209753	21399695	2189	-0.6363
03747cab-19ad-4316-93ce-6c642a7fb5bf	17	21774057	40059663	5798	0.0945
03747cab-19ad-4316-93ce-6c642a7fb5bf	17	40061318	40213167	50	-0.6537
03747cab-19ad-4316-93ce-6c642a7fb5bf	17	40215179	40349509	66	-0.411
03747cab-19ad-4316-93ce-6c642a7fb5bf	17	40349804	40895690	274	-0.6536
03747cab-19ad-4316-93ce-6c642a7fb5bf	17	40896269	40897906	4	-1.4573
03747cab-19ad-4316-93ce-6c642a7fb5bf	17	40899117	41181594	164	-0.6844
03747cab-19ad-4316-93ce-6c642a7fb5bf	17	41190266	52273444	4839	0.1139
03747cab-19ad-4316-93ce-6c642a7fb5bf	17	52275668	53762042	708	0.026
03747cab-19ad-4316-93ce-6c642a7fb5bf	17	53762412	56766131	2192	0.0922
03747cab-19ad-4316-93ce-6c642a7fb5bf	17	56767756	57838579	800	0.4286
03747cab-19ad-4316-93ce-6c642a7fb5bf	17	57838804	68318686	5198	0.3866
03747cab-19ad-4316-93ce-6c642a7fb5bf	17	68319327	73829384	4028	0.4296
03747cab-19ad-4316-93ce-6c642a7fb5bf	17	74695492	74732122	16	0.8549
03747cab-19ad-4316-93ce-6c642a7fb5bf	17	74739490	75518008	350	0.4172
03747cab-19ad-4316-93ce-6c642a7fb5bf	17	75544514	80238696	2136	-0.1466
03747cab-19ad-4316-93ce-6c642a7fb5bf	17	80240400	80240489	2	-3.3395
03747cab-19ad-4316-93ce-6c642a7fb5bf	17	80241565	82959812	930	-0.1501
03747cab-19ad-4316-93ce-6c642a7fb5bf	18	326691	3100053	1073	0.055
03747cab-19ad-4316-93ce-6c642a7fb5bf	18	3100403	3892764	531	0.1256
03747cab-19ad-4316-93ce-6c642a7fb5bf	18	3894431	7188815	1914	0.0545
03747cab-19ad-4316-93ce-6c642a7fb5bf	18	7192319	8761239	1160	-0.7656
03747cab-19ad-4316-93ce-6c642a7fb5bf	18	8762946	8763063	2	-2.9962
03747cab-19ad-4316-93ce-6c642a7fb5bf	18	8768373	9420888	434	-0.7229
03747cab-19ad-4316-93ce-6c642a7fb5bf	18	9427008	9429813	5	0.4581
03747cab-19ad-4316-93ce-6c642a7fb5bf	18	9431606	9739872	209	-0.7074
03747cab-19ad-4316-93ce-6c642a7fb5bf	18	9741784	11456416	1341	0.0695
03747cab-19ad-4316-93ce-6c642a7fb5bf	18	11457400	24745464	3654	0.094
03747cab-19ad-4316-93ce-6c642a7fb5bf	18	24746044	36831639	7521	0.0504
03747cab-19ad-4316-93ce-6c642a7fb5bf	18	36831720	36831814	2	-1.3607
03747cab-19ad-4316-93ce-6c642a7fb5bf	18	36831905	37193680	173	0.0492
03747cab-19ad-4316-93ce-6c642a7fb5bf	18	37196235	37682192	322	0.1381
03747cab-19ad-4316-93ce-6c642a7fb5bf	18	37684232	45089646	4361	0.0433
03747cab-19ad-4316-93ce-6c642a7fb5bf	18	45089822	50159145	3433	0.1225
03747cab-19ad-4316-93ce-6c642a7fb5bf	18	50159210	56674737	4247	0.0355
03747cab-19ad-4316-93ce-6c642a7fb5bf	18	56680417	60556098	2651	0.1103
03747cab-19ad-4316-93ce-6c642a7fb5bf	18	60556348	61253602	385	0.0052
03747cab-19ad-4316-93ce-6c642a7fb5bf	18	61254175	63082441	1140	0.0881
03747cab-19ad-4316-93ce-6c642a7fb5bf	18	63085922	63143219	60	0.4232
03747cab-19ad-4316-93ce-6c642a7fb5bf	18	63144353	63313608	219	0.0748
03747cab-19ad-4316-93ce-6c642a7fb5bf	18	63313624	64021980	504	0.0516
03747cab-19ad-4316-93ce-6c642a7fb5bf	18	64023300	64031057	7	-0.7278
03747cab-19ad-4316-93ce-6c642a7fb5bf	18	64037047	69755995	2980	0.042
03747cab-19ad-4316-93ce-6c642a7fb5bf	18	69756605	70943610	616	0.5577
03747cab-19ad-4316-93ce-6c642a7fb5bf	18	70944082	79349796	4049	0.0572
03747cab-19ad-4316-93ce-6c642a7fb5bf	19	283868	8691156	2628	-0.273
03747cab-19ad-4316-93ce-6c642a7fb5bf	19	8691978	9885191	661	0.0614
03747cab-19ad-4316-93ce-6c642a7fb5bf	19	9886542	19567278	4347	0.1151
03747cab-19ad-4316-93ce-6c642a7fb5bf	19	19572426	27749470	1429	0.0404
03747cab-19ad-4316-93ce-6c642a7fb5bf	19	27749586	28482442	578	-0.762
03747cab-19ad-4316-93ce-6c642a7fb5bf	19	28483196	30255846	1327	0.1116
03747cab-19ad-4316-93ce-6c642a7fb5bf	19	30257092	31616957	1011	0.0253
03747cab-19ad-4316-93ce-6c642a7fb5bf	19	31617541	31870488	131	0.0843
03747cab-19ad-4316-93ce-6c642a7fb5bf	19	31870525	32184501	265	-0.705
03747cab-19ad-4316-93ce-6c642a7fb5bf	19	32185509	37264829	2902	0.0899
03747cab-19ad-4316-93ce-6c642a7fb5bf	19	37303948	50642022	5551	-0.6411
03747cab-19ad-4316-93ce-6c642a7fb5bf	19	50643541	58370362	3320	-0.7063
03747cab-19ad-4316-93ce-6c642a7fb5bf	20	472817	11065863	6714	0.0887
03747cab-19ad-4316-93ce-6c642a7fb5bf	20	11065971	16942277	3965	0.0393
03747cab-19ad-4316-93ce-6c642a7fb5bf	20	16942489	21244056	3403	0.1116
03747cab-19ad-4316-93ce-6c642a7fb5bf	20	21246803	24081802	1817	0.0424
03747cab-19ad-4316-93ce-6c642a7fb5bf	20	24082898	37133091	3906	0.0986
03747cab-19ad-4316-93ce-6c642a7fb5bf	20	37134211	37147626	4	0.7656
03747cab-19ad-4316-93ce-6c642a7fb5bf	20	37148663	39405820	1402	0.4004
03747cab-19ad-4316-93ce-6c642a7fb5bf	20	39410348	39413403	3	-1.0874
03747cab-19ad-4316-93ce-6c642a7fb5bf	20	39417485	40948097	1154	0.4184
03747cab-19ad-4316-93ce-6c642a7fb5bf	20	40948560	43733185	1848	0.3673
03747cab-19ad-4316-93ce-6c642a7fb5bf	20	43733266	47851821	2700	0.4158
03747cab-19ad-4316-93ce-6c642a7fb5bf	20	47852814	58881440	7708	0.7567
03747cab-19ad-4316-93ce-6c642a7fb5bf	20	58881545	61218375	1851	0.7005
03747cab-19ad-4316-93ce-6c642a7fb5bf	20	61220812	63588502	1101	0.8098
03747cab-19ad-4316-93ce-6c642a7fb5bf	21	13974127	14198561	93	-0.6984
03747cab-19ad-4316-93ce-6c642a7fb5bf	21	14208212	16285394	1316	0.1131
03747cab-19ad-4316-93ce-6c642a7fb5bf	21	16285464	17072720	509	-0.6242
03747cab-19ad-4316-93ce-6c642a7fb5bf	21	17075001	19110475	1310	0.141
03747cab-19ad-4316-93ce-6c642a7fb5bf	21	19115080	26649643	4715	0.0393
03747cab-19ad-4316-93ce-6c642a7fb5bf	21	26649845	29074431	1745	-0.7041
03747cab-19ad-4316-93ce-6c642a7fb5bf	21	29079263	29263948	134	0.1002
03747cab-19ad-4316-93ce-6c642a7fb5bf	21	29264433	29348650	50	-0.6287
03747cab-19ad-4316-93ce-6c642a7fb5bf	21	29353722	30013014	491	0.0785
03747cab-19ad-4316-93ce-6c642a7fb5bf	21	30018189	30089271	60	-0.6887
03747cab-19ad-4316-93ce-6c642a7fb5bf	21	30093999	34337459	2679	0.1111
03747cab-19ad-4316-93ce-6c642a7fb5bf	21	34339322	34534792	6	-0.5141
03747cab-19ad-4316-93ce-6c642a7fb5bf	21	34534878	34678939	117	0.1162
03747cab-19ad-4316-93ce-6c642a7fb5bf	21	34680771	36552000	1274	-0.7006
03747cab-19ad-4316-93ce-6c642a7fb5bf	21	36552801	39439195	2138	0.1195
03747cab-19ad-4316-93ce-6c642a7fb5bf	21	39443088	41500483	1753	-0.6746
03747cab-19ad-4316-93ce-6c642a7fb5bf	21	41503477	41515293	8	0.1183
03747cab-19ad-4316-93ce-6c642a7fb5bf	21	41516325	41524462	9	-0.4701
03747cab-19ad-4316-93ce-6c642a7fb5bf	21	41525254	44021174	1343	0.1478
03747cab-19ad-4316-93ce-6c642a7fb5bf	21	44026708	45931316	718	-0.6867
03747cab-19ad-4316-93ce-6c642a7fb5bf	21	45936979	45952938	9	0.0535
03747cab-19ad-4316-93ce-6c642a7fb5bf	21	45954785	45962033	7	-0.5854
03747cab-19ad-4316-93ce-6c642a7fb5bf	21	45964261	46262057	109	0.1271
03747cab-19ad-4316-93ce-6c642a7fb5bf	22	16934932	18131162	769	-0.6667
03747cab-19ad-4316-93ce-6c642a7fb5bf	22	21741482	24849151	647	0.1217
03747cab-19ad-4316-93ce-6c642a7fb5bf	22	24849871	24851535	2	-1.1253
03747cab-19ad-4316-93ce-6c642a7fb5bf	22	24852056	33026233	5513	0.1062
03747cab-19ad-4316-93ce-6c642a7fb5bf	22	33026521	34796748	1603	0.0591
03747cab-19ad-4316-93ce-6c642a7fb5bf	22	34797543	38257430	1935	0.1423
03747cab-19ad-4316-93ce-6c642a7fb5bf	22	38257569	42300067	1978	0.0919
03747cab-19ad-4316-93ce-6c642a7fb5bf	22	42300294	45825411	2373	0.1343
03747cab-19ad-4316-93ce-6c642a7fb5bf	22	45833839	48669851	2072	-0.7413
03747cab-19ad-4316-93ce-6c642a7fb5bf	22	48670096	48671713	7	-2.3678
03747cab-19ad-4316-93ce-6c642a7fb5bf	22	48685333	48935200	190	-0.7748
03747cab-19ad-4316-93ce-6c642a7fb5bf	X	3236359	4572491	258	-0.6447
03747cab-19ad-4316-93ce-6c642a7fb5bf	X	4574312	25780978	9416	-0.0047
03747cab-19ad-4316-93ce-6c642a7fb5bf	X	25785935	37906384	5810	-0.0886
03747cab-19ad-4316-93ce-6c642a7fb5bf	X	37907082	55301549	7367	-0.0069
03747cab-19ad-4316-93ce-6c642a7fb5bf	X	55304854	67786304	2867	-0.6199
03747cab-19ad-4316-93ce-6c642a7fb5bf	X	67788294	76174878	2984	-0.5707
03747cab-19ad-4316-93ce-6c642a7fb5bf	X	76175337	85449454	3711	-0.6554
03747cab-19ad-4316-93ce-6c642a7fb5bf	X	85449762	86524313	726	0.239
03747cab-19ad-4316-93ce-6c642a7fb5bf	X	86524501	87624289	718	0.1478
03747cab-19ad-4316-93ce-6c642a7fb5bf	X	87624720	87625292	2	-1.9968
03747cab-19ad-4316-93ce-6c642a7fb5bf	X	87633867	94877245	2489	0.1489
03747cab-19ad-4316-93ce-6c642a7fb5bf	X	94882466	107006282	5302	0.2111
03747cab-19ad-4316-93ce-6c642a7fb5bf	X	107007776	107008169	2	-2.5128
03747cab-19ad-4316-93ce-6c642a7fb5bf	X	107010372	110871204	1760	0.2733
03747cab-19ad-4316-93ce-6c642a7fb5bf	X	110871655	111053972	104	0.1561
03747cab-19ad-4316-93ce-6c642a7fb5bf	X	111054045	111054082	2	1.9725
03747cab-19ad-4316-93ce-6c642a7fb5bf	X	111054598	115911222	2155	0.1747
03747cab-19ad-4316-93ce-6c642a7fb5bf	X	115912225	115912580	2	1.7923
03747cab-19ad-4316-93ce-6c642a7fb5bf	X	115912621	117717166	859	0.1924
03747cab-19ad-4316-93ce-6c642a7fb5bf	X	117717732	123861802	3193	0.2544
03747cab-19ad-4316-93ce-6c642a7fb5bf	X	123861848	128820890	2250	0.1859
03747cab-19ad-4316-93ce-6c642a7fb5bf	X	128821236	140689738	5307	0.2483
03747cab-19ad-4316-93ce-6c642a7fb5bf	X	140692389	149013911	4410	0.1693
03747cab-19ad-4316-93ce-6c642a7fb5bf	X	149014402	149989916	306	0.2604
03747cab-19ad-4316-93ce-6c642a7fb5bf	X	149991511	150495298	301	0.4128
03747cab-19ad-4316-93ce-6c642a7fb5bf	X	150496135	155677414	1635	0.2564
