GDC_Aliquot	Chromosome	Start	End	Num_Probes	Segment_Mean
9586dd0a-8c03-4e80-a563-96b033fe28b2	1	3301765	14200344	5970	0.0702
9586dd0a-8c03-4e80-a563-96b033fe28b2	1	14201355	14378956	125	-0.1517
9586dd0a-8c03-4e80-a563-96b033fe28b2	1	14381155	15363497	774	0.0721
9586dd0a-8c03-4e80-a563-96b033fe28b2	1	15372621	15418612	41	0.6613
9586dd0a-8c03-4e80-a563-96b033fe28b2	1	15425619	33330628	9047	0.0706
9586dd0a-8c03-4e80-a563-96b033fe28b2	1	33334283	48029150	8133	0.0961
9586dd0a-8c03-4e80-a563-96b033fe28b2	1	48029964	51841719	1767	0.1571
9586dd0a-8c03-4e80-a563-96b033fe28b2	1	51842298	55060394	1895	0.0946
9586dd0a-8c03-4e80-a563-96b033fe28b2	1	55061170	69203802	10208	0.1648
9586dd0a-8c03-4e80-a563-96b033fe28b2	1	69209230	70633202	768	0.2395
9586dd0a-8c03-4e80-a563-96b033fe28b2	1	70633536	70650568	16	-0.2156
9586dd0a-8c03-4e80-a563-96b033fe28b2	1	70650754	78482416	4393	0.2161
9586dd0a-8c03-4e80-a563-96b033fe28b2	1	78483453	84225644	3448	0.2486
9586dd0a-8c03-4e80-a563-96b033fe28b2	1	84226243	90741312	4251	0.2117
9586dd0a-8c03-4e80-a563-96b033fe28b2	1	90742051	94886474	2448	0.1623
9586dd0a-8c03-4e80-a563-96b033fe28b2	1	94886559	99885660	3067	0.2411
9586dd0a-8c03-4e80-a563-96b033fe28b2	1	99886079	101609747	1085	0.1808
9586dd0a-8c03-4e80-a563-96b033fe28b2	1	101610443	106158764	2143	0.2608
9586dd0a-8c03-4e80-a563-96b033fe28b2	1	106161030	106859442	454	0.1877
9586dd0a-8c03-4e80-a563-96b033fe28b2	1	106859466	106859534	3	-0.7362
9586dd0a-8c03-4e80-a563-96b033fe28b2	1	106860013	107144025	170	0.1832
9586dd0a-8c03-4e80-a563-96b033fe28b2	1	107144355	108025998	640	0.2445
9586dd0a-8c03-4e80-a563-96b033fe28b2	1	108026300	118018346	6140	0.1581
9586dd0a-8c03-4e80-a563-96b033fe28b2	1	118019135	119195699	626	0.2265
9586dd0a-8c03-4e80-a563-96b033fe28b2	1	119200656	119984772	532	0.1686
9586dd0a-8c03-4e80-a563-96b033fe28b2	1	146716041	150686697	255	1.503
9586dd0a-8c03-4e80-a563-96b033fe28b2	1	150687555	150687778	2	3.2019
9586dd0a-8c03-4e80-a563-96b033fe28b2	1	150687834	153685711	1570	1.5579
9586dd0a-8c03-4e80-a563-96b033fe28b2	1	153686632	156725712	1360	1.0318
9586dd0a-8c03-4e80-a563-96b033fe28b2	1	156725745	159170559	1589	1.5192
9586dd0a-8c03-4e80-a563-96b033fe28b2	1	159174938	159655876	319	1.1678
9586dd0a-8c03-4e80-a563-96b033fe28b2	1	159659979	161698933	1092	1.063
9586dd0a-8c03-4e80-a563-96b033fe28b2	1	161699509	165305654	2824	1.6111
9586dd0a-8c03-4e80-a563-96b033fe28b2	1	165306476	166503626	968	1.5176
9586dd0a-8c03-4e80-a563-96b033fe28b2	1	166504609	166656532	120	1.6628
9586dd0a-8c03-4e80-a563-96b033fe28b2	1	166658175	174717556	5353	-0.0589
9586dd0a-8c03-4e80-a563-96b033fe28b2	1	174719170	181389428	3988	0.3072
9586dd0a-8c03-4e80-a563-96b033fe28b2	1	181390097	181394582	6	-0.5336
9586dd0a-8c03-4e80-a563-96b033fe28b2	1	181397691	185071326	2507	0.3028
9586dd0a-8c03-4e80-a563-96b033fe28b2	1	185071657	194230371	5591	0.3587
9586dd0a-8c03-4e80-a563-96b033fe28b2	1	194231992	194232040	2	-1.1174
9586dd0a-8c03-4e80-a563-96b033fe28b2	1	194233750	199860487	3050	0.3815
9586dd0a-8c03-4e80-a563-96b033fe28b2	1	199860664	200638338	547	0.2944
9586dd0a-8c03-4e80-a563-96b033fe28b2	1	200638897	203565243	1870	0.2382
9586dd0a-8c03-4e80-a563-96b033fe28b2	1	203569342	203569358	2	-2.12
9586dd0a-8c03-4e80-a563-96b033fe28b2	1	203570238	207008340	2130	0.2367
9586dd0a-8c03-4e80-a563-96b033fe28b2	1	207008516	223007081	10944	0.3262
9586dd0a-8c03-4e80-a563-96b033fe28b2	1	223012075	227006609	2246	0.2605
9586dd0a-8c03-4e80-a563-96b033fe28b2	1	227008801	227299956	201	0.3819
9586dd0a-8c03-4e80-a563-96b033fe28b2	1	227306328	230412056	1802	0.2574
9586dd0a-8c03-4e80-a563-96b033fe28b2	1	230413193	234209770	2793	0.3164
9586dd0a-8c03-4e80-a563-96b033fe28b2	1	234212505	236182898	1149	0.2677
9586dd0a-8c03-4e80-a563-96b033fe28b2	1	236182913	239747672	2793	0.3299
9586dd0a-8c03-4e80-a563-96b033fe28b2	1	239753946	239758834	2	-1.738
9586dd0a-8c03-4e80-a563-96b033fe28b2	1	239761570	245512476	3719	0.3207
9586dd0a-8c03-4e80-a563-96b033fe28b2	1	245520373	245520457	2	-1.1499
9586dd0a-8c03-4e80-a563-96b033fe28b2	1	245521520	247650984	838	0.2931
9586dd0a-8c03-4e80-a563-96b033fe28b2	2	480597	2633963	717	-0.4439
9586dd0a-8c03-4e80-a563-96b033fe28b2	2	2635918	3726712	665	-0.5104
9586dd0a-8c03-4e80-a563-96b033fe28b2	2	3726810	4604202	665	-0.3976
9586dd0a-8c03-4e80-a563-96b033fe28b2	2	4604273	4605672	3	-1.7405
9586dd0a-8c03-4e80-a563-96b033fe28b2	2	4606898	6745046	1691	-0.3892
9586dd0a-8c03-4e80-a563-96b033fe28b2	2	6745889	12162273	3704	-0.4425
9586dd0a-8c03-4e80-a563-96b033fe28b2	2	12162667	15058844	1867	-0.3756
9586dd0a-8c03-4e80-a563-96b033fe28b2	2	15060110	15642347	372	0.8937
9586dd0a-8c03-4e80-a563-96b033fe28b2	2	15642683	16396310	516	2.0259
9586dd0a-8c03-4e80-a563-96b033fe28b2	2	16397295	16397683	2	1.1019
9586dd0a-8c03-4e80-a563-96b033fe28b2	2	16400199	16554164	151	-0.397
9586dd0a-8c03-4e80-a563-96b033fe28b2	2	16555943	19761863	2361	0.873
9586dd0a-8c03-4e80-a563-96b033fe28b2	2	19762054	19765046	4	-0.0814
9586dd0a-8c03-4e80-a563-96b033fe28b2	2	19768903	21432390	1035	0.8589
9586dd0a-8c03-4e80-a563-96b033fe28b2	2	21432720	22884785	807	0.9488
9586dd0a-8c03-4e80-a563-96b033fe28b2	2	22885023	25280074	1338	0.8351
9586dd0a-8c03-4e80-a563-96b033fe28b2	2	25284768	32285003	3911	1.1132
9586dd0a-8c03-4e80-a563-96b033fe28b2	2	32285564	38067294	2645	1.1828
9586dd0a-8c03-4e80-a563-96b033fe28b2	2	38070996	39183520	678	1.1062
9586dd0a-8c03-4e80-a563-96b033fe28b2	2	39185932	39488782	159	1.2716
9586dd0a-8c03-4e80-a563-96b033fe28b2	2	39492292	41522778	1183	1.0693
9586dd0a-8c03-4e80-a563-96b033fe28b2	2	41522824	41804198	238	0.9862
9586dd0a-8c03-4e80-a563-96b033fe28b2	2	41812061	41877418	105	0.0951
9586dd0a-8c03-4e80-a563-96b033fe28b2	2	41877504	43282796	892	0.0056
9586dd0a-8c03-4e80-a563-96b033fe28b2	2	43285104	45627725	1464	0.0992
9586dd0a-8c03-4e80-a563-96b033fe28b2	2	45629751	47903253	1639	0.0362
9586dd0a-8c03-4e80-a563-96b033fe28b2	2	47903669	49821264	1074	0.1046
9586dd0a-8c03-4e80-a563-96b033fe28b2	2	49821839	51431007	836	0.4778
9586dd0a-8c03-4e80-a563-96b033fe28b2	2	51431294	53447702	1043	0.1208
9586dd0a-8c03-4e80-a563-96b033fe28b2	2	53447960	55810931	1145	0.055
9586dd0a-8c03-4e80-a563-96b033fe28b2	2	55812375	60310943	2780	0.1116
9586dd0a-8c03-4e80-a563-96b033fe28b2	2	60311592	65621225	2665	0.0522
9586dd0a-8c03-4e80-a563-96b033fe28b2	2	65621350	68087522	1825	0.1107
9586dd0a-8c03-4e80-a563-96b033fe28b2	2	68087539	75147335	3977	0.0355
9586dd0a-8c03-4e80-a563-96b033fe28b2	2	75147768	78630744	1973	0.1157
9586dd0a-8c03-4e80-a563-96b033fe28b2	2	78631741	81373236	1338	0.0416
9586dd0a-8c03-4e80-a563-96b033fe28b2	2	81376559	84785198	1882	0.1215
9586dd0a-8c03-4e80-a563-96b033fe28b2	2	84787651	88831554	1432	0.0268
9586dd0a-8c03-4e80-a563-96b033fe28b2	2	94675825	97658064	665	0.2963
9586dd0a-8c03-4e80-a563-96b033fe28b2	2	97660859	102487265	2857	0.0449
9586dd0a-8c03-4e80-a563-96b033fe28b2	2	102487420	104300696	1096	0.11
9586dd0a-8c03-4e80-a563-96b033fe28b2	2	104303970	106926882	1772	0.0277
9586dd0a-8c03-4e80-a563-96b033fe28b2	2	106930183	108546250	901	0.092
9586dd0a-8c03-4e80-a563-96b033fe28b2	2	108562048	114168262	2378	0.0371
9586dd0a-8c03-4e80-a563-96b033fe28b2	2	114170455	116563014	1247	0.1238
9586dd0a-8c03-4e80-a563-96b033fe28b2	2	116563217	122544399	3328	0.0412
9586dd0a-8c03-4e80-a563-96b033fe28b2	2	122544421	123602963	598	0.1386
9586dd0a-8c03-4e80-a563-96b033fe28b2	2	123602994	123625615	12	-0.1734
9586dd0a-8c03-4e80-a563-96b033fe28b2	2	123626187	126619318	1057	0.0797
9586dd0a-8c03-4e80-a563-96b033fe28b2	2	126621043	131679471	2428	0.0252
9586dd0a-8c03-4e80-a563-96b033fe28b2	2	131685501	136731433	2692	0.0702
9586dd0a-8c03-4e80-a563-96b033fe28b2	2	136731631	148118095	6218	0.107
9586dd0a-8c03-4e80-a563-96b033fe28b2	2	148121484	149119514	495	0.0345
9586dd0a-8c03-4e80-a563-96b033fe28b2	2	149119775	150895815	1184	0.1225
9586dd0a-8c03-4e80-a563-96b033fe28b2	2	150896526	150897185	2	1.0895
9586dd0a-8c03-4e80-a563-96b033fe28b2	2	150897318	151121427	225	0.094
9586dd0a-8c03-4e80-a563-96b033fe28b2	2	151123154	152663254	1011	0.0493
9586dd0a-8c03-4e80-a563-96b033fe28b2	2	152664886	153614702	554	0.1091
9586dd0a-8c03-4e80-a563-96b033fe28b2	2	153669029	156281825	1437	0.157
9586dd0a-8c03-4e80-a563-96b033fe28b2	2	156283250	161377437	3035	0.0928
9586dd0a-8c03-4e80-a563-96b033fe28b2	2	161379274	167021006	3084	0.1547
9586dd0a-8c03-4e80-a563-96b033fe28b2	2	167023203	167695338	366	0.115
9586dd0a-8c03-4e80-a563-96b033fe28b2	2	167696550	167696831	3	-0.9994
9586dd0a-8c03-4e80-a563-96b033fe28b2	2	167699321	178447296	6886	0.0878
9586dd0a-8c03-4e80-a563-96b033fe28b2	2	178447472	182516036	2534	0.1369
9586dd0a-8c03-4e80-a563-96b033fe28b2	2	182516357	186998489	1900	0.0947
9586dd0a-8c03-4e80-a563-96b033fe28b2	2	186999036	189406002	1070	0.1809
9586dd0a-8c03-4e80-a563-96b033fe28b2	2	189406530	191705544	1426	0.1059
9586dd0a-8c03-4e80-a563-96b033fe28b2	2	191705973	195924104	1597	0.1782
9586dd0a-8c03-4e80-a563-96b033fe28b2	2	195927068	209413079	7798	0.0894
9586dd0a-8c03-4e80-a563-96b033fe28b2	2	209415302	210043929	343	-0.302
9586dd0a-8c03-4e80-a563-96b033fe28b2	2	210046684	215838000	3496	0.1181
9586dd0a-8c03-4e80-a563-96b033fe28b2	2	215838060	219861526	2479	0.0323
9586dd0a-8c03-4e80-a563-96b033fe28b2	2	219861580	228104450	5431	0.0901
9586dd0a-8c03-4e80-a563-96b033fe28b2	2	228106326	229348804	802	0.1509
9586dd0a-8c03-4e80-a563-96b033fe28b2	2	229350235	230520516	556	0.0777
9586dd0a-8c03-4e80-a563-96b033fe28b2	2	230521687	241537572	6463	0.0196
9586dd0a-8c03-4e80-a563-96b033fe28b2	3	2170634	8445993	3542	-0.3471
9586dd0a-8c03-4e80-a563-96b033fe28b2	3	8448332	15615125	4677	-0.4392
9586dd0a-8c03-4e80-a563-96b033fe28b2	3	15615340	17266044	1124	-0.3896
9586dd0a-8c03-4e80-a563-96b033fe28b2	3	17269722	36561294	11304	-0.3425
9586dd0a-8c03-4e80-a563-96b033fe28b2	3	36563595	37365656	422	-0.3773
9586dd0a-8c03-4e80-a563-96b033fe28b2	3	37367153	58668177	11856	-0.4128
9586dd0a-8c03-4e80-a563-96b033fe28b2	3	58668196	67873056	5793	-0.3565
9586dd0a-8c03-4e80-a563-96b033fe28b2	3	67879003	71993765	2849	-1.161
9586dd0a-8c03-4e80-a563-96b033fe28b2	3	71993849	71995610	4	-4.6364
9586dd0a-8c03-4e80-a563-96b033fe28b2	3	71995758	72452843	369	-1.3265
9586dd0a-8c03-4e80-a563-96b033fe28b2	3	72455503	73528034	742	-0.4399
9586dd0a-8c03-4e80-a563-96b033fe28b2	3	73529317	79638825	3234	-0.3462
9586dd0a-8c03-4e80-a563-96b033fe28b2	3	79646989	79739915	55	-0.4423
9586dd0a-8c03-4e80-a563-96b033fe28b2	3	79741257	98678664	7622	0.1417
9586dd0a-8c03-4e80-a563-96b033fe28b2	3	98688460	98688542	3	-1.6035
9586dd0a-8c03-4e80-a563-96b033fe28b2	3	98688556	99234917	262	0.1445
9586dd0a-8c03-4e80-a563-96b033fe28b2	3	99246033	99449669	146	-0.3717
9586dd0a-8c03-4e80-a563-96b033fe28b2	3	99463008	102252067	1456	0.1275
9586dd0a-8c03-4e80-a563-96b033fe28b2	3	102254185	106512845	2488	0.1748
9586dd0a-8c03-4e80-a563-96b033fe28b2	3	106513532	119371768	7614	0.1262
9586dd0a-8c03-4e80-a563-96b033fe28b2	3	119374414	125591110	3583	0.0748
9586dd0a-8c03-4e80-a563-96b033fe28b2	3	125592418	129575976	2139	0.0238
9586dd0a-8c03-4e80-a563-96b033fe28b2	3	129580438	130234964	252	0.059
9586dd0a-8c03-4e80-a563-96b033fe28b2	3	130256533	133253243	1934	0.1226
9586dd0a-8c03-4e80-a563-96b033fe28b2	3	133253794	134936604	1069	0.0621
9586dd0a-8c03-4e80-a563-96b033fe28b2	3	134938333	134939010	2	-1.3292
9586dd0a-8c03-4e80-a563-96b033fe28b2	3	134943233	139255960	2086	0.0845
9586dd0a-8c03-4e80-a563-96b033fe28b2	3	139262195	139262215	2	-1.2742
9586dd0a-8c03-4e80-a563-96b033fe28b2	3	139262476	141191678	1394	0.0836
9586dd0a-8c03-4e80-a563-96b033fe28b2	3	141191982	141197104	3	-0.7477
9586dd0a-8c03-4e80-a563-96b033fe28b2	3	141200496	142685502	649	0.0759
9586dd0a-8c03-4e80-a563-96b033fe28b2	3	142687656	148173716	2468	0.1551
9586dd0a-8c03-4e80-a563-96b033fe28b2	3	148179276	148179295	2	-1.3548
9586dd0a-8c03-4e80-a563-96b033fe28b2	3	148186579	165664749	9328	0.1326
9586dd0a-8c03-4e80-a563-96b033fe28b2	3	165665699	169532515	1932	0.1781
9586dd0a-8c03-4e80-a563-96b033fe28b2	3	169532561	172772412	1813	0.1002
9586dd0a-8c03-4e80-a563-96b033fe28b2	3	172772762	176439484	1627	0.1775
9586dd0a-8c03-4e80-a563-96b033fe28b2	3	176439525	182984925	3535	0.1294
9586dd0a-8c03-4e80-a563-96b033fe28b2	3	182985059	187260568	2114	0.0601
9586dd0a-8c03-4e80-a563-96b033fe28b2	3	187262262	188563575	945	0.1247
9586dd0a-8c03-4e80-a563-96b033fe28b2	3	188569692	188570823	3	-0.7308
9586dd0a-8c03-4e80-a563-96b033fe28b2	3	188571714	188657959	53	0.1324
9586dd0a-8c03-4e80-a563-96b033fe28b2	3	188658164	192792791	2669	0.1747
9586dd0a-8c03-4e80-a563-96b033fe28b2	3	192792934	197812401	1930	0.0808
9586dd0a-8c03-4e80-a563-96b033fe28b2	4	1059384	1197254	82	-0.3761
9586dd0a-8c03-4e80-a563-96b033fe28b2	4	1198354	10578246	4945	-0.4633
9586dd0a-8c03-4e80-a563-96b033fe28b2	4	10579347	17422732	5150	-0.3623
9586dd0a-8c03-4e80-a563-96b033fe28b2	4	17425775	17702011	230	-0.4905
9586dd0a-8c03-4e80-a563-96b033fe28b2	4	17702326	27427682	6176	-0.3644
9586dd0a-8c03-4e80-a563-96b033fe28b2	4	27429599	37477206	6024	-0.3135
9586dd0a-8c03-4e80-a563-96b033fe28b2	4	37477548	42437520	2999	-0.3845
9586dd0a-8c03-4e80-a563-96b033fe28b2	4	42444031	46976964	2117	-0.3266
9586dd0a-8c03-4e80-a563-96b033fe28b2	4	46978774	53200838	1383	-0.3866
9586dd0a-8c03-4e80-a563-96b033fe28b2	4	53204794	53213380	5	-1.3687
9586dd0a-8c03-4e80-a563-96b033fe28b2	4	53214075	54874126	1352	-0.3653
9586dd0a-8c03-4e80-a563-96b033fe28b2	4	54874776	55310622	269	-0.5973
9586dd0a-8c03-4e80-a563-96b033fe28b2	4	55312058	57416249	1209	-0.681
9586dd0a-8c03-4e80-a563-96b033fe28b2	4	57416790	60844043	2040	-0.5869
9586dd0a-8c03-4e80-a563-96b033fe28b2	4	60844056	85050745	13244	-0.344
9586dd0a-8c03-4e80-a563-96b033fe28b2	4	85056812	107987355	12849	0.1568
9586dd0a-8c03-4e80-a563-96b033fe28b2	4	107989436	110456602	1460	0.0949
9586dd0a-8c03-4e80-a563-96b033fe28b2	4	110457913	114072569	2183	0.152
9586dd0a-8c03-4e80-a563-96b033fe28b2	4	114073630	138643368	12941	-0.3051
9586dd0a-8c03-4e80-a563-96b033fe28b2	4	138643699	154348159	8827	-0.3601
9586dd0a-8c03-4e80-a563-96b033fe28b2	4	154348236	154348491	3	-1.8554
9586dd0a-8c03-4e80-a563-96b033fe28b2	4	154354537	154487878	94	-0.3408
9586dd0a-8c03-4e80-a563-96b033fe28b2	4	154488579	176158892	12118	-0.3148
9586dd0a-8c03-4e80-a563-96b033fe28b2	4	176159626	187842528	5781	-0.3509
9586dd0a-8c03-4e80-a563-96b033fe28b2	5	913983	3108400	1130	1.0157
9586dd0a-8c03-4e80-a563-96b033fe28b2	5	3108690	4788080	1393	1.2495
9586dd0a-8c03-4e80-a563-96b033fe28b2	5	4793931	4794372	2	-0.1667
9586dd0a-8c03-4e80-a563-96b033fe28b2	5	4796167	5297854	483	1.2814
9586dd0a-8c03-4e80-a563-96b033fe28b2	5	5297989	7546393	1751	1.185
9586dd0a-8c03-4e80-a563-96b033fe28b2	5	7548781	8664635	872	1.2483
9586dd0a-8c03-4e80-a563-96b033fe28b2	5	8666133	9667686	774	1.3438
9586dd0a-8c03-4e80-a563-96b033fe28b2	5	9668754	9672304	2	2.7615
9586dd0a-8c03-4e80-a563-96b033fe28b2	5	9672327	11374657	1142	1.3233
9586dd0a-8c03-4e80-a563-96b033fe28b2	5	11374683	13657124	1170	1.4185
9586dd0a-8c03-4e80-a563-96b033fe28b2	5	13657229	15331291	1252	1.3541
9586dd0a-8c03-4e80-a563-96b033fe28b2	5	15332460	15332471	4	0.1417
9586dd0a-8c03-4e80-a563-96b033fe28b2	5	15332592	18031231	1103	1.3268
9586dd0a-8c03-4e80-a563-96b033fe28b2	5	18034594	21325041	1642	1.4349
9586dd0a-8c03-4e80-a563-96b033fe28b2	5	21325164	21361673	11	0.6618
9586dd0a-8c03-4e80-a563-96b033fe28b2	5	21391680	21832471	175	1.4281
9586dd0a-8c03-4e80-a563-96b033fe28b2	5	21834121	21837185	3	-0.3077
9586dd0a-8c03-4e80-a563-96b033fe28b2	5	21837573	29640708	4176	1.4249
9586dd0a-8c03-4e80-a563-96b033fe28b2	5	29642856	29644405	2	-0.1883
9586dd0a-8c03-4e80-a563-96b033fe28b2	5	29644556	31550387	1325	1.4441
9586dd0a-8c03-4e80-a563-96b033fe28b2	5	31551115	32767822	818	1.3185
9586dd0a-8c03-4e80-a563-96b033fe28b2	5	32767857	45378354	6912	1.4061
9586dd0a-8c03-4e80-a563-96b033fe28b2	5	45383300	50879987	37	0.6493
9586dd0a-8c03-4e80-a563-96b033fe28b2	5	50882052	52723516	1023	0.3483
9586dd0a-8c03-4e80-a563-96b033fe28b2	5	52724418	52800534	76	0.6274
9586dd0a-8c03-4e80-a563-96b033fe28b2	5	52801930	52933062	121	0.3493
9586dd0a-8c03-4e80-a563-96b033fe28b2	5	52933275	53468167	344	0.633
9586dd0a-8c03-4e80-a563-96b033fe28b2	5	53469501	61192552	4849	-0.3749
9586dd0a-8c03-4e80-a563-96b033fe28b2	5	61195973	61281033	66	0.5292
9586dd0a-8c03-4e80-a563-96b033fe28b2	5	61285544	71365381	4652	-0.3703
9586dd0a-8c03-4e80-a563-96b033fe28b2	5	71366831	71443613	37	-0.0093
9586dd0a-8c03-4e80-a563-96b033fe28b2	5	71444148	78689532	4523	-0.3999
9586dd0a-8c03-4e80-a563-96b033fe28b2	5	78692068	79044463	244	0.5366
9586dd0a-8c03-4e80-a563-96b033fe28b2	5	79053114	81284244	1284	-0.4035
9586dd0a-8c03-4e80-a563-96b033fe28b2	5	81284597	100934868	9674	-0.3318
9586dd0a-8c03-4e80-a563-96b033fe28b2	5	100937380	107362150	3073	-0.2924
9586dd0a-8c03-4e80-a563-96b033fe28b2	5	107362203	108371407	792	-0.3286
9586dd0a-8c03-4e80-a563-96b033fe28b2	5	108371859	128045235	11866	-0.3547
9586dd0a-8c03-4e80-a563-96b033fe28b2	5	128049599	131109817	1656	-0.3187
9586dd0a-8c03-4e80-a563-96b033fe28b2	5	131109847	132914945	962	-0.4182
9586dd0a-8c03-4e80-a563-96b033fe28b2	5	132921401	133045075	42	-1.222
9586dd0a-8c03-4e80-a563-96b033fe28b2	5	133055600	135904273	1934	-0.4428
9586dd0a-8c03-4e80-a563-96b033fe28b2	5	135905124	136984493	677	-0.362
9586dd0a-8c03-4e80-a563-96b033fe28b2	5	136984568	137111731	106	-0.4275
9586dd0a-8c03-4e80-a563-96b033fe28b2	5	137111885	137112989	2	-1.8794
9586dd0a-8c03-4e80-a563-96b033fe28b2	5	137113046	140773886	1786	-0.4295
9586dd0a-8c03-4e80-a563-96b033fe28b2	5	140776733	141438040	232	-0.2856
9586dd0a-8c03-4e80-a563-96b033fe28b2	5	141441554	143642124	1516	-0.4316
9586dd0a-8c03-4e80-a563-96b033fe28b2	5	143643080	145815171	1304	-0.3486
9586dd0a-8c03-4e80-a563-96b033fe28b2	5	145817383	147000052	803	-0.4312
9586dd0a-8c03-4e80-a563-96b033fe28b2	5	147004724	149606600	1726	-0.3627
9586dd0a-8c03-4e80-a563-96b033fe28b2	5	149606681	149606813	2	-2.5735
9586dd0a-8c03-4e80-a563-96b033fe28b2	5	149609246	151693816	1413	-0.451
9586dd0a-8c03-4e80-a563-96b033fe28b2	5	151695048	168021745	10562	-0.386
9586dd0a-8c03-4e80-a563-96b033fe28b2	5	168022052	180934240	7533	-0.4581
9586dd0a-8c03-4e80-a563-96b033fe28b2	6	1011760	2935575	1460	0.5068
9586dd0a-8c03-4e80-a563-96b033fe28b2	6	2935590	2945215	30	0.1738
9586dd0a-8c03-4e80-a563-96b033fe28b2	6	2945231	8108974	3791	0.4812
9586dd0a-8c03-4e80-a563-96b033fe28b2	6	8109579	8109698	3	-1.2132
9586dd0a-8c03-4e80-a563-96b033fe28b2	6	8112875	8376916	181	0.477
9586dd0a-8c03-4e80-a563-96b033fe28b2	6	8378376	10235681	1283	0.564
9586dd0a-8c03-4e80-a563-96b033fe28b2	6	10235892	10992224	326	0.4788
9586dd0a-8c03-4e80-a563-96b033fe28b2	6	10994782	10995178	3	-0.7383
9586dd0a-8c03-4e80-a563-96b033fe28b2	6	10998041	11242453	155	0.4597
9586dd0a-8c03-4e80-a563-96b033fe28b2	6	11242886	11242903	2	-1.5941
9586dd0a-8c03-4e80-a563-96b033fe28b2	6	11243488	11430881	157	0.4525
9586dd0a-8c03-4e80-a563-96b033fe28b2	6	11433998	12845735	1136	0.5139
9586dd0a-8c03-4e80-a563-96b033fe28b2	6	12845935	16087003	2225	0.435
9586dd0a-8c03-4e80-a563-96b033fe28b2	6	16088854	22045415	4096	0.1972
9586dd0a-8c03-4e80-a563-96b033fe28b2	6	22046042	24037094	1527	0.2604
9586dd0a-8c03-4e80-a563-96b033fe28b2	6	24037273	26131846	1220	0.1825
9586dd0a-8c03-4e80-a563-96b033fe28b2	6	26137207	26138150	2	-2.5968
9586dd0a-8c03-4e80-a563-96b033fe28b2	6	26139082	27406242	419	0.1825
9586dd0a-8c03-4e80-a563-96b033fe28b2	6	27406836	27410064	2	-1.0723
9586dd0a-8c03-4e80-a563-96b033fe28b2	6	27411006	30216437	984	0.1931
9586dd0a-8c03-4e80-a563-96b033fe28b2	6	30216927	37837406	3089	0.1112
9586dd0a-8c03-4e80-a563-96b033fe28b2	6	37841036	39131039	909	0.1862
9586dd0a-8c03-4e80-a563-96b033fe28b2	6	39131079	39431883	259	0.6675
9586dd0a-8c03-4e80-a563-96b033fe28b2	6	39433356	39800385	211	0.7961
9586dd0a-8c03-4e80-a563-96b033fe28b2	6	39800631	41541756	1328	0.6954
9586dd0a-8c03-4e80-a563-96b033fe28b2	6	41541941	42522210	575	0.6361
9586dd0a-8c03-4e80-a563-96b033fe28b2	6	42522784	42675276	72	0.8184
9586dd0a-8c03-4e80-a563-96b033fe28b2	6	42675358	44401500	890	0.6296
9586dd0a-8c03-4e80-a563-96b033fe28b2	6	44402760	44990086	352	0.7292
9586dd0a-8c03-4e80-a563-96b033fe28b2	6	44990635	51945398	4063	0.809
9586dd0a-8c03-4e80-a563-96b033fe28b2	6	51945701	53523968	1043	0.7379
9586dd0a-8c03-4e80-a563-96b033fe28b2	6	53524035	57347009	2331	0.8349
9586dd0a-8c03-4e80-a563-96b033fe28b2	6	61527062	62780581	523	0.479
9586dd0a-8c03-4e80-a563-96b033fe28b2	6	62780699	63630711	443	0.3773
9586dd0a-8c03-4e80-a563-96b033fe28b2	6	63631675	63671560	20	0.5172
9586dd0a-8c03-4e80-a563-96b033fe28b2	6	63672723	63757816	35	0.8397
9586dd0a-8c03-4e80-a563-96b033fe28b2	6	63770638	65285086	747	-0.2996
9586dd0a-8c03-4e80-a563-96b033fe28b2	6	65287172	65289501	2	1.1857
9586dd0a-8c03-4e80-a563-96b033fe28b2	6	65291698	85189028	11464	-0.3227
9586dd0a-8c03-4e80-a563-96b033fe28b2	6	85191156	90621287	3144	-0.3695
9586dd0a-8c03-4e80-a563-96b033fe28b2	6	90621440	104718927	7381	-0.3194
9586dd0a-8c03-4e80-a563-96b033fe28b2	6	104719064	107843632	1972	-0.3735
9586dd0a-8c03-4e80-a563-96b033fe28b2	6	107844888	107847140	2	-1.8918
9586dd0a-8c03-4e80-a563-96b033fe28b2	6	107847943	111945946	2400	-0.3779
9586dd0a-8c03-4e80-a563-96b033fe28b2	6	111946972	113409535	973	-0.309
9586dd0a-8c03-4e80-a563-96b033fe28b2	6	113411800	114093725	456	-0.4125
9586dd0a-8c03-4e80-a563-96b033fe28b2	6	114094179	129632300	8527	-0.3085
9586dd0a-8c03-4e80-a563-96b033fe28b2	6	129634766	151639470	13987	-0.3485
9586dd0a-8c03-4e80-a563-96b033fe28b2	6	151640134	154190364	1912	-0.3079
9586dd0a-8c03-4e80-a563-96b033fe28b2	6	154190400	170596889	9015	-0.3837
9586dd0a-8c03-4e80-a563-96b033fe28b2	7	664936	6736520	2303	0.3494
9586dd0a-8c03-4e80-a563-96b033fe28b2	7	6736846	7664224	474	0.4498
9586dd0a-8c03-4e80-a563-96b033fe28b2	7	7664293	15046750	4385	0.5132
9586dd0a-8c03-4e80-a563-96b033fe28b2	7	15049653	15052508	4	-0.5568
9586dd0a-8c03-4e80-a563-96b033fe28b2	7	15058379	22057831	3795	0.4992
9586dd0a-8c03-4e80-a563-96b033fe28b2	7	22057858	34855738	8527	0.4132
9586dd0a-8c03-4e80-a563-96b033fe28b2	7	34859961	34864152	5	-1.09
9586dd0a-8c03-4e80-a563-96b033fe28b2	7	34875294	39992138	3464	0.4084
9586dd0a-8c03-4e80-a563-96b033fe28b2	7	39996317	40017913	17	-1.3705
9586dd0a-8c03-4e80-a563-96b033fe28b2	7	40020429	43824085	2126	0.4211
9586dd0a-8c03-4e80-a563-96b033fe28b2	7	43826754	45914561	1072	0.3161
9586dd0a-8c03-4e80-a563-96b033fe28b2	7	45915430	47402541	1202	0.4678
9586dd0a-8c03-4e80-a563-96b033fe28b2	7	47406398	47702018	193	0.3204
9586dd0a-8c03-4e80-a563-96b033fe28b2	7	47703658	50434519	1797	0.459
9586dd0a-8c03-4e80-a563-96b033fe28b2	7	50434945	51924134	1172	0.3999
9586dd0a-8c03-4e80-a563-96b033fe28b2	7	51927890	52694584	591	0.461
9586dd0a-8c03-4e80-a563-96b033fe28b2	7	52694645	54700475	1243	0.7182
9586dd0a-8c03-4e80-a563-96b033fe28b2	7	54700582	55638360	792	0.6188
9586dd0a-8c03-4e80-a563-96b033fe28b2	7	55639896	57864241	427	0.5375
9586dd0a-8c03-4e80-a563-96b033fe28b2	7	57876479	65827971	506	0.1059
9586dd0a-8c03-4e80-a563-96b033fe28b2	7	65830040	73603932	3700	0.0347
9586dd0a-8c03-4e80-a563-96b033fe28b2	7	73604640	76409947	790	-0.0395
9586dd0a-8c03-4e80-a563-96b033fe28b2	7	76416723	77705235	361	0.0751
9586dd0a-8c03-4e80-a563-96b033fe28b2	7	77711940	84920902	4663	0.1664
9586dd0a-8c03-4e80-a563-96b033fe28b2	7	84921319	86062078	493	0.2345
9586dd0a-8c03-4e80-a563-96b033fe28b2	7	86068925	86948030	462	0.1484
9586dd0a-8c03-4e80-a563-96b033fe28b2	7	86952097	93183802	2663	0.1026
9586dd0a-8c03-4e80-a563-96b033fe28b2	7	93185157	97871322	2820	0.1643
9586dd0a-8c03-4e80-a563-96b033fe28b2	7	97873828	100664889	1045	-0.0002
9586dd0a-8c03-4e80-a563-96b033fe28b2	7	100666214	102825853	714	0.3211
9586dd0a-8c03-4e80-a563-96b033fe28b2	7	102828394	109033710	3674	0.4329
9586dd0a-8c03-4e80-a563-96b033fe28b2	7	109034670	116700831	3842	0.497
9586dd0a-8c03-4e80-a563-96b033fe28b2	7	116700960	116788729	139	0.3488
9586dd0a-8c03-4e80-a563-96b033fe28b2	7	116789299	127368376	5764	0.4867
9586dd0a-8c03-4e80-a563-96b033fe28b2	7	127368435	132822972	2935	0.3833
9586dd0a-8c03-4e80-a563-96b033fe28b2	7	132823820	135397635	1597	0.425
9586dd0a-8c03-4e80-a563-96b033fe28b2	7	135397848	135404030	4	1.1519
9586dd0a-8c03-4e80-a563-96b033fe28b2	7	135412967	135882877	252	0.3591
9586dd0a-8c03-4e80-a563-96b033fe28b2	7	135888034	137881760	1324	0.4821
9586dd0a-8c03-4e80-a563-96b033fe28b2	7	137881777	139299197	767	0.4293
9586dd0a-8c03-4e80-a563-96b033fe28b2	7	139304678	145355663	2820	0.397
9586dd0a-8c03-4e80-a563-96b033fe28b2	7	145357406	148230187	1730	0.456
9586dd0a-8c03-4e80-a563-96b033fe28b2	7	148230709	150380089	920	0.3841
9586dd0a-8c03-4e80-a563-96b033fe28b2	7	150380769	150380987	2	1.4254
9586dd0a-8c03-4e80-a563-96b033fe28b2	7	150385037	156101570	3081	0.3789
9586dd0a-8c03-4e80-a563-96b033fe28b2	7	156106614	156858724	476	0.4549
9586dd0a-8c03-4e80-a563-96b033fe28b2	7	156858743	158592540	816	0.3475
9586dd0a-8c03-4e80-a563-96b033fe28b2	8	667625	2164685	774	-0.5585
9586dd0a-8c03-4e80-a563-96b033fe28b2	8	2164715	9329014	3055	-0.4555
9586dd0a-8c03-4e80-a563-96b033fe28b2	8	9329732	9330609	3	-1.8574
9586dd0a-8c03-4e80-a563-96b033fe28b2	8	9332461	9885331	352	-0.4451
9586dd0a-8c03-4e80-a563-96b033fe28b2	8	9888288	9892077	6	-4.8015
9586dd0a-8c03-4e80-a563-96b033fe28b2	8	9893164	13110131	1389	-0.4733
9586dd0a-8c03-4e80-a563-96b033fe28b2	8	13110283	14703285	1223	-0.3799
9586dd0a-8c03-4e80-a563-96b033fe28b2	8	14706575	14706654	3	-2.0723
9586dd0a-8c03-4e80-a563-96b033fe28b2	8	14707779	18797284	3067	-0.3931
9586dd0a-8c03-4e80-a563-96b033fe28b2	8	18797519	21119721	1912	-0.4626
9586dd0a-8c03-4e80-a563-96b033fe28b2	8	21120230	23766127	1616	-0.5141
9586dd0a-8c03-4e80-a563-96b033fe28b2	8	23766650	30855827	4749	-0.4548
9586dd0a-8c03-4e80-a563-96b033fe28b2	8	30856503	33403571	1764	-0.3969
9586dd0a-8c03-4e80-a563-96b033fe28b2	8	33403958	33936689	240	-0.4739
9586dd0a-8c03-4e80-a563-96b033fe28b2	8	33943005	34496293	339	0.3877
9586dd0a-8c03-4e80-a563-96b033fe28b2	8	34521560	37137147	1248	0.0432
9586dd0a-8c03-4e80-a563-96b033fe28b2	8	37138376	39103960	958	-0.045
9586dd0a-8c03-4e80-a563-96b033fe28b2	8	39111781	39985693	380	0.0755
9586dd0a-8c03-4e80-a563-96b033fe28b2	8	39985776	40103925	121	0.0068
9586dd0a-8c03-4e80-a563-96b033fe28b2	8	40107549	40107694	2	-2.0281
9586dd0a-8c03-4e80-a563-96b033fe28b2	8	40111181	49213063	3075	-0.0071
9586dd0a-8c03-4e80-a563-96b033fe28b2	8	49213091	59317134	6033	0.0439
9586dd0a-8c03-4e80-a563-96b033fe28b2	8	59322615	59322719	2	-2.8078
9586dd0a-8c03-4e80-a563-96b033fe28b2	8	59326335	83879856	14146	0.0681
9586dd0a-8c03-4e80-a563-96b033fe28b2	8	83888975	84541839	367	0.4082
9586dd0a-8c03-4e80-a563-96b033fe28b2	8	84543175	92044464	3992	0.3696
9586dd0a-8c03-4e80-a563-96b033fe28b2	8	92044480	93337514	715	0.451
9586dd0a-8c03-4e80-a563-96b033fe28b2	8	93338612	95264064	1178	0.351
9586dd0a-8c03-4e80-a563-96b033fe28b2	8	95266884	97396130	1429	0.4065
9586dd0a-8c03-4e80-a563-96b033fe28b2	8	97398654	103569089	3530	0.3601
9586dd0a-8c03-4e80-a563-96b033fe28b2	8	103569374	112852307	4890	0.4081
9586dd0a-8c03-4e80-a563-96b033fe28b2	8	112857372	113036844	84	0.099
9586dd0a-8c03-4e80-a563-96b033fe28b2	8	113045051	113370454	157	0.3141
9586dd0a-8c03-4e80-a563-96b033fe28b2	8	113370742	113467685	50	-0.1768
9586dd0a-8c03-4e80-a563-96b033fe28b2	8	113471209	113499447	23	0.1781
9586dd0a-8c03-4e80-a563-96b033fe28b2	8	113499692	122758767	5824	0.2737
9586dd0a-8c03-4e80-a563-96b033fe28b2	8	122759263	135020044	8854	0.2068
9586dd0a-8c03-4e80-a563-96b033fe28b2	8	135021255	137973715	2033	0.2619
9586dd0a-8c03-4e80-a563-96b033fe28b2	8	137973781	140242294	1855	0.2028
9586dd0a-8c03-4e80-a563-96b033fe28b2	8	140244684	144182542	766	0.124
9586dd0a-8c03-4e80-a563-96b033fe28b2	9	789794	7524897	4056	-0.3688
9586dd0a-8c03-4e80-a563-96b033fe28b2	9	7525444	7525813	3	-1.6707
9586dd0a-8c03-4e80-a563-96b033fe28b2	9	7530883	7721860	181	-0.3763
9586dd0a-8c03-4e80-a563-96b033fe28b2	9	7722231	7722342	2	-1.9015
9586dd0a-8c03-4e80-a563-96b033fe28b2	9	7722471	7885626	140	-0.4146
9586dd0a-8c03-4e80-a563-96b033fe28b2	9	7887951	8224018	155	-1.1394
9586dd0a-8c03-4e80-a563-96b033fe28b2	9	8224409	8224530	2	-4.7561
9586dd0a-8c03-4e80-a563-96b033fe28b2	9	8225337	9206144	747	-1.2316
9586dd0a-8c03-4e80-a563-96b033fe28b2	9	9208635	10926683	862	-0.3226
9586dd0a-8c03-4e80-a563-96b033fe28b2	9	10926952	14493902	1658	-1.1521
9586dd0a-8c03-4e80-a563-96b033fe28b2	9	14494534	17468265	2355	-0.3588
9586dd0a-8c03-4e80-a563-96b033fe28b2	9	17471527	18048365	434	-1.1357
9586dd0a-8c03-4e80-a563-96b033fe28b2	9	18051007	34197863	10210	-0.3602
9586dd0a-8c03-4e80-a563-96b033fe28b2	9	34198060	37033162	1602	-0.4379
9586dd0a-8c03-4e80-a563-96b033fe28b2	9	37033364	37034672	3	-1.8785
9586dd0a-8c03-4e80-a563-96b033fe28b2	9	37035184	38444601	879	-0.436
9586dd0a-8c03-4e80-a563-96b033fe28b2	9	38445255	71010982	2227	-0.3665
9586dd0a-8c03-4e80-a563-96b033fe28b2	9	71012084	72861039	1239	0.0953
9586dd0a-8c03-4e80-a563-96b033fe28b2	9	72861930	74555803	1006	0.1503
9586dd0a-8c03-4e80-a563-96b033fe28b2	9	74559314	79338746	3460	0.0793
9586dd0a-8c03-4e80-a563-96b033fe28b2	9	79341015	81294414	1486	-0.3684
9586dd0a-8c03-4e80-a563-96b033fe28b2	9	81300598	83217187	1137	0.1028
9586dd0a-8c03-4e80-a563-96b033fe28b2	9	83217859	83957660	548	-0.4092
9586dd0a-8c03-4e80-a563-96b033fe28b2	9	83958925	84465148	387	0.0337
9586dd0a-8c03-4e80-a563-96b033fe28b2	9	84465297	88217941	2635	0.0834
9586dd0a-8c03-4e80-a563-96b033fe28b2	9	88218237	88721903	283	-0.0169
9586dd0a-8c03-4e80-a563-96b033fe28b2	9	88722120	88722138	2	-1.3045
9586dd0a-8c03-4e80-a563-96b033fe28b2	9	88722441	100890895	7634	0.0496
9586dd0a-8c03-4e80-a563-96b033fe28b2	9	100891064	104778645	2250	0.1527
9586dd0a-8c03-4e80-a563-96b033fe28b2	9	104779499	110458650	4232	0.061
9586dd0a-8c03-4e80-a563-96b033fe28b2	9	110458967	111183649	587	0.1374
9586dd0a-8c03-4e80-a563-96b033fe28b2	9	111189984	118224664	4854	0.0707
9586dd0a-8c03-4e80-a563-96b033fe28b2	9	118224737	119300239	742	0.1485
9586dd0a-8c03-4e80-a563-96b033fe28b2	9	119302959	125983554	4284	0.0542
9586dd0a-8c03-4e80-a563-96b033fe28b2	9	125983732	128099158	1282	0.0094
9586dd0a-8c03-4e80-a563-96b033fe28b2	9	128102382	128164018	30	-0.4498
9586dd0a-8c03-4e80-a563-96b033fe28b2	9	128171504	137737721	4710	-0.0101
9586dd0a-8c03-4e80-a563-96b033fe28b2	9	137741815	138044505	132	0.0699
9586dd0a-8c03-4e80-a563-96b033fe28b2	10	366509	4401649	2522	0.4119
9586dd0a-8c03-4e80-a563-96b033fe28b2	10	4401660	4755570	322	0.5054
9586dd0a-8c03-4e80-a563-96b033fe28b2	10	4756267	5752512	618	0.4314
9586dd0a-8c03-4e80-a563-96b033fe28b2	10	5757650	8407364	2111	0.3832
9586dd0a-8c03-4e80-a563-96b033fe28b2	10	8407492	11273583	2245	0.4487
9586dd0a-8c03-4e80-a563-96b033fe28b2	10	11277281	11397524	104	0.3208
9586dd0a-8c03-4e80-a563-96b033fe28b2	10	11402623	11402871	3	-0.4111
9586dd0a-8c03-4e80-a563-96b033fe28b2	10	11405372	15313556	2988	0.3667
9586dd0a-8c03-4e80-a563-96b033fe28b2	10	15316064	18915930	2629	0.4124
9586dd0a-8c03-4e80-a563-96b033fe28b2	10	18916174	21056896	1643	0.4589
9586dd0a-8c03-4e80-a563-96b033fe28b2	10	21060439	37325563	10435	0.4025
9586dd0a-8c03-4e80-a563-96b033fe28b2	10	37326650	38770921	642	0.3146
9586dd0a-8c03-4e80-a563-96b033fe28b2	10	42450960	42593582	91	0.4881
9586dd0a-8c03-4e80-a563-96b033fe28b2	10	42593883	42919645	155	0.8523
9586dd0a-8c03-4e80-a563-96b033fe28b2	10	42923525	42923646	3	-0.1747
9586dd0a-8c03-4e80-a563-96b033fe28b2	10	42923818	43092748	102	0.9124
9586dd0a-8c03-4e80-a563-96b033fe28b2	10	43092762	43099005	47	0.6127
9586dd0a-8c03-4e80-a563-96b033fe28b2	10	43099746	50796201	3096	0.8994
9586dd0a-8c03-4e80-a563-96b033fe28b2	10	50798492	68136579	10451	1.021
9586dd0a-8c03-4e80-a563-96b033fe28b2	10	68140483	74283084	3561	0.877
9586dd0a-8c03-4e80-a563-96b033fe28b2	10	74287053	74738392	200	1.0434
9586dd0a-8c03-4e80-a563-96b033fe28b2	10	74740927	75412303	355	0.9123
9586dd0a-8c03-4e80-a563-96b033fe28b2	10	75415176	77288353	1390	0.5765
9586dd0a-8c03-4e80-a563-96b033fe28b2	10	77288494	80561868	1962	0.5046
9586dd0a-8c03-4e80-a563-96b033fe28b2	10	80565146	80583294	12	0.9315
9586dd0a-8c03-4e80-a563-96b033fe28b2	10	80583354	80654954	76	0.4819
9586dd0a-8c03-4e80-a563-96b033fe28b2	10	80654963	83802412	2251	0.5969
9586dd0a-8c03-4e80-a563-96b033fe28b2	10	83804166	84766696	691	0.7595
9586dd0a-8c03-4e80-a563-96b033fe28b2	10	84766804	85806429	755	0.3101
9586dd0a-8c03-4e80-a563-96b033fe28b2	10	85816961	86983391	725	0.2193
9586dd0a-8c03-4e80-a563-96b033fe28b2	10	86985198	90595761	2257	0.3248
9586dd0a-8c03-4e80-a563-96b033fe28b2	10	90595999	96622546	3475	0.2801
9586dd0a-8c03-4e80-a563-96b033fe28b2	10	96622797	98116985	912	0.1882
9586dd0a-8c03-4e80-a563-96b033fe28b2	10	98117199	100222170	1270	0.2604
9586dd0a-8c03-4e80-a563-96b033fe28b2	10	100225176	103797541	1669	0.1912
9586dd0a-8c03-4e80-a563-96b033fe28b2	10	103802129	110141715	4184	0.2901
9586dd0a-8c03-4e80-a563-96b033fe28b2	10	110144147	110144347	2	-1.1279
9586dd0a-8c03-4e80-a563-96b033fe28b2	10	110147743	115224299	3561	0.2866
9586dd0a-8c03-4e80-a563-96b033fe28b2	10	115226721	115853481	403	0.3851
9586dd0a-8c03-4e80-a563-96b033fe28b2	10	115856500	116569152	531	0.2966
9586dd0a-8c03-4e80-a563-96b033fe28b2	10	116569545	123442385	5068	0.2514
9586dd0a-8c03-4e80-a563-96b033fe28b2	10	123442977	124666456	813	0.193
9586dd0a-8c03-4e80-a563-96b033fe28b2	10	124666560	129311187	3507	0.2599
9586dd0a-8c03-4e80-a563-96b033fe28b2	10	129316881	129317034	2	-1.1049
9586dd0a-8c03-4e80-a563-96b033fe28b2	10	129319030	129856627	384	0.2604
9586dd0a-8c03-4e80-a563-96b033fe28b2	10	129856948	129857800	2	-1.4088
9586dd0a-8c03-4e80-a563-96b033fe28b2	10	129857898	133411599	1079	0.2029
9586dd0a-8c03-4e80-a563-96b033fe28b2	11	456012	4007894	1232	-0.484
9586dd0a-8c03-4e80-a563-96b033fe28b2	11	4010110	21042107	12084	-0.4066
9586dd0a-8c03-4e80-a563-96b033fe28b2	11	21042239	21126827	78	-0.4987
9586dd0a-8c03-4e80-a563-96b033fe28b2	11	21128086	29393714	5199	-0.3445
9586dd0a-8c03-4e80-a563-96b033fe28b2	11	29395526	29395792	2	-2.2986
9586dd0a-8c03-4e80-a563-96b033fe28b2	11	29401817	32307050	1830	-0.3638
9586dd0a-8c03-4e80-a563-96b033fe28b2	11	32307380	36449677	2918	-0.4196
9586dd0a-8c03-4e80-a563-96b033fe28b2	11	36450092	42325145	3313	-0.3485
9586dd0a-8c03-4e80-a563-96b033fe28b2	11	42327363	48352939	3539	-0.458
9586dd0a-8c03-4e80-a563-96b033fe28b2	11	48953076	49902000	396	-0.2603
9586dd0a-8c03-4e80-a563-96b033fe28b2	11	49903354	49949454	21	-0.4785
9586dd0a-8c03-4e80-a563-96b033fe28b2	11	49949601	56249017	30	0.3859
9586dd0a-8c03-4e80-a563-96b033fe28b2	11	56249180	57049522	454	0.1199
9586dd0a-8c03-4e80-a563-96b033fe28b2	11	57049822	57056539	4	0.5158
9586dd0a-8c03-4e80-a563-96b033fe28b2	11	57060104	58081219	568	-0.0094
9586dd0a-8c03-4e80-a563-96b033fe28b2	11	58082979	58087296	4	-1.4942
9586dd0a-8c03-4e80-a563-96b033fe28b2	11	58095448	59097071	572	0.0786
9586dd0a-8c03-4e80-a563-96b033fe28b2	11	59101750	59803581	391	0.0099
9586dd0a-8c03-4e80-a563-96b033fe28b2	11	59804122	60698238	537	0.1045
9586dd0a-8c03-4e80-a563-96b033fe28b2	11	60698941	64828200	1947	-0.0154
9586dd0a-8c03-4e80-a563-96b033fe28b2	11	65902628	73386275	3329	0.307
9586dd0a-8c03-4e80-a563-96b033fe28b2	11	73388616	75089784	905	0.3795
9586dd0a-8c03-4e80-a563-96b033fe28b2	11	75096248	75097950	3	-0.7266
9586dd0a-8c03-4e80-a563-96b033fe28b2	11	75100212	79317954	2490	0.3635
9586dd0a-8c03-4e80-a563-96b033fe28b2	11	79318358	81052207	1314	0.4409
9586dd0a-8c03-4e80-a563-96b033fe28b2	11	81053113	81053987	2	-1.3062
9586dd0a-8c03-4e80-a563-96b033fe28b2	11	81054080	86141937	2894	0.4462
9586dd0a-8c03-4e80-a563-96b033fe28b2	11	86142965	86681581	402	0.3615
9586dd0a-8c03-4e80-a563-96b033fe28b2	11	86685546	93743600	3995	0.4526
9586dd0a-8c03-4e80-a563-96b033fe28b2	11	93744541	96402869	1918	0.0951
9586dd0a-8c03-4e80-a563-96b033fe28b2	11	96412170	97479630	709	-1.1158
9586dd0a-8c03-4e80-a563-96b033fe28b2	11	97482555	98162301	363	2.009
9586dd0a-8c03-4e80-a563-96b033fe28b2	11	98163262	99891190	1119	0.1613
9586dd0a-8c03-4e80-a563-96b033fe28b2	11	99895313	99895816	3	-1.3607
9586dd0a-8c03-4e80-a563-96b033fe28b2	11	99896691	111411351	7146	0.1209
9586dd0a-8c03-4e80-a563-96b033fe28b2	11	111411904	127085510	11024	0.0342
9586dd0a-8c03-4e80-a563-96b033fe28b2	11	127086236	128475252	1009	0.1146
9586dd0a-8c03-4e80-a563-96b033fe28b2	11	128476181	128477161	9	-0.6905
9586dd0a-8c03-4e80-a563-96b033fe28b2	11	128477194	132888289	3236	0.0936
9586dd0a-8c03-4e80-a563-96b033fe28b2	11	132889531	134272740	516	-1.2002
9586dd0a-8c03-4e80-a563-96b033fe28b2	12	780472	14561264	7734	-1.1972
9586dd0a-8c03-4e80-a563-96b033fe28b2	12	14562831	18335190	2232	-1.0724
9586dd0a-8c03-4e80-a563-96b033fe28b2	12	18336474	18336679	3	-3.7967
9586dd0a-8c03-4e80-a563-96b033fe28b2	12	18345625	24205990	3687	-1.0955
9586dd0a-8c03-4e80-a563-96b033fe28b2	12	24208910	24232682	17	-1.2225
9586dd0a-8c03-4e80-a563-96b033fe28b2	12	24233357	24233662	2	-4.477
9586dd0a-8c03-4e80-a563-96b033fe28b2	12	24238682	24567437	250	-1.1415
9586dd0a-8c03-4e80-a563-96b033fe28b2	12	24572718	26075137	984	0.1094
9586dd0a-8c03-4e80-a563-96b033fe28b2	12	26075694	29466712	2078	-1.1528
9586dd0a-8c03-4e80-a563-96b033fe28b2	12	29466768	29578794	122	-4.2754
9586dd0a-8c03-4e80-a563-96b033fe28b2	12	29582282	33368216	2406	-1.1999
9586dd0a-8c03-4e80-a563-96b033fe28b2	12	38827290	44095655	2873	0.1272
9586dd0a-8c03-4e80-a563-96b033fe28b2	12	44103435	44189417	45	-0.342
9586dd0a-8c03-4e80-a563-96b033fe28b2	12	44190022	47423674	1909	0.1091
9586dd0a-8c03-4e80-a563-96b033fe28b2	12	47424118	48423315	545	0.0661
9586dd0a-8c03-4e80-a563-96b033fe28b2	12	48423727	53721062	2668	0.0206
9586dd0a-8c03-4e80-a563-96b033fe28b2	12	53721139	55216199	828	0.0858
9586dd0a-8c03-4e80-a563-96b033fe28b2	12	55217397	55220400	3	-1.529
9586dd0a-8c03-4e80-a563-96b033fe28b2	12	55220652	55526489	189	0.1708
9586dd0a-8c03-4e80-a563-96b033fe28b2	12	55526530	57948153	1131	-0.003
9586dd0a-8c03-4e80-a563-96b033fe28b2	12	57948969	58152283	134	0.0781
9586dd0a-8c03-4e80-a563-96b033fe28b2	12	58157514	93052874	21287	0.1358
9586dd0a-8c03-4e80-a563-96b033fe28b2	12	93053544	96472201	2305	0.0816
9586dd0a-8c03-4e80-a563-96b033fe28b2	12	96472352	103631215	4500	0.1263
9586dd0a-8c03-4e80-a563-96b033fe28b2	12	103632997	103726154	100	0.6369
9586dd0a-8c03-4e80-a563-96b033fe28b2	12	103728971	103916928	185	0.0577
9586dd0a-8c03-4e80-a563-96b033fe28b2	12	103916945	103965812	23	0.2769
9586dd0a-8c03-4e80-a563-96b033fe28b2	12	103972539	104778194	559	0.0303
9586dd0a-8c03-4e80-a563-96b033fe28b2	12	104778232	107326843	1801	0.0824
9586dd0a-8c03-4e80-a563-96b033fe28b2	12	107329940	113806651	3561	0.006
9586dd0a-8c03-4e80-a563-96b033fe28b2	12	113808381	119640913	3914	0.0506
9586dd0a-8c03-4e80-a563-96b033fe28b2	12	119648375	125518166	2902	0.0163
9586dd0a-8c03-4e80-a563-96b033fe28b2	12	125518323	127376395	1366	0.1035
9586dd0a-8c03-4e80-a563-96b033fe28b2	12	127377211	132605822	1812	-0.0057
9586dd0a-8c03-4e80-a563-96b033fe28b2	13	18874255	22027596	1422	-0.419
9586dd0a-8c03-4e80-a563-96b033fe28b2	13	22030678	23289526	848	-0.3441
9586dd0a-8c03-4e80-a563-96b033fe28b2	13	23290111	31374912	5290	-0.425
9586dd0a-8c03-4e80-a563-96b033fe28b2	13	31378366	33756956	1610	-0.3711
9586dd0a-8c03-4e80-a563-96b033fe28b2	13	33757159	36811963	2077	-0.3285
9586dd0a-8c03-4e80-a563-96b033fe28b2	13	36814852	36928864	81	-0.5372
9586dd0a-8c03-4e80-a563-96b033fe28b2	13	36930692	38582582	1077	-0.3184
9586dd0a-8c03-4e80-a563-96b033fe28b2	13	38582627	45959514	4726	-0.3795
9586dd0a-8c03-4e80-a563-96b033fe28b2	13	45959821	45959822	2	-2.6929
9586dd0a-8c03-4e80-a563-96b033fe28b2	13	45963205	47190460	843	-0.3746
9586dd0a-8c03-4e80-a563-96b033fe28b2	13	47192445	47193204	3	-2.6694
9586dd0a-8c03-4e80-a563-96b033fe28b2	13	47193564	51879744	2190	-0.3662
9586dd0a-8c03-4e80-a563-96b033fe28b2	13	51879962	51880257	2	-2.2123
9586dd0a-8c03-4e80-a563-96b033fe28b2	13	51880962	53415892	720	-0.3915
9586dd0a-8c03-4e80-a563-96b033fe28b2	13	53417034	59077460	2589	-0.3094
9586dd0a-8c03-4e80-a563-96b033fe28b2	13	59085383	59094945	6	-4.931
9586dd0a-8c03-4e80-a563-96b033fe28b2	13	59102958	63439789	2485	-0.3646
9586dd0a-8c03-4e80-a563-96b033fe28b2	13	63443778	66248984	1117	-1.1132
9586dd0a-8c03-4e80-a563-96b033fe28b2	13	66249337	66249449	2	-5.1642
9586dd0a-8c03-4e80-a563-96b033fe28b2	13	66249534	93469432	16162	-1.1118
9586dd0a-8c03-4e80-a563-96b033fe28b2	13	93471746	93471921	3	-3.6865
9586dd0a-8c03-4e80-a563-96b033fe28b2	13	93472338	94446254	703	-1.1059
9586dd0a-8c03-4e80-a563-96b033fe28b2	13	94449021	108124411	9073	-1.1801
9586dd0a-8c03-4e80-a563-96b033fe28b2	13	108124450	108130774	11	-2.8517
9586dd0a-8c03-4e80-a563-96b033fe28b2	13	108131635	109602731	1135	-1.1901
9586dd0a-8c03-4e80-a563-96b033fe28b2	13	109604203	109605379	2	-3.7864
9586dd0a-8c03-4e80-a563-96b033fe28b2	13	109605693	110311081	520	-1.2554
9586dd0a-8c03-4e80-a563-96b033fe28b2	13	110312299	110314002	2	-7.1296
9586dd0a-8c03-4e80-a563-96b033fe28b2	13	110316358	113609404	1819	-1.2972
9586dd0a-8c03-4e80-a563-96b033fe28b2	13	113610162	113610202	2	-7.0621
9586dd0a-8c03-4e80-a563-96b033fe28b2	13	113610875	114226675	130	-1.2568
9586dd0a-8c03-4e80-a563-96b033fe28b2	14	20033191	22664303	909	0.0708
9586dd0a-8c03-4e80-a563-96b033fe28b2	14	22664866	23102562	125	0.6077
9586dd0a-8c03-4e80-a563-96b033fe28b2	14	23106616	24170309	559	0.0212
9586dd0a-8c03-4e80-a563-96b033fe28b2	14	24176827	24615475	191	0.3571
9586dd0a-8c03-4e80-a563-96b033fe28b2	14	24616684	30780610	3585	-0.3528
9586dd0a-8c03-4e80-a563-96b033fe28b2	14	30784819	30788728	3	-1.9445
9586dd0a-8c03-4e80-a563-96b033fe28b2	14	30788980	31510386	355	-0.3783
9586dd0a-8c03-4e80-a563-96b033fe28b2	14	31518921	34030558	1921	0.1431
9586dd0a-8c03-4e80-a563-96b033fe28b2	14	34031395	35964925	902	0.066
9586dd0a-8c03-4e80-a563-96b033fe28b2	14	35965837	49427274	6606	0.1425
9586dd0a-8c03-4e80-a563-96b033fe28b2	14	49427885	62076507	8086	0.0977
9586dd0a-8c03-4e80-a563-96b033fe28b2	14	62079538	63115751	700	0.1484
9586dd0a-8c03-4e80-a563-96b033fe28b2	14	63115855	78559412	9390	0.0504
9586dd0a-8c03-4e80-a563-96b033fe28b2	14	78559668	80910893	1536	0.12
9586dd0a-8c03-4e80-a563-96b033fe28b2	14	80911180	81744142	546	0.0263
9586dd0a-8c03-4e80-a563-96b033fe28b2	14	81746188	83006524	825	0.1228
9586dd0a-8c03-4e80-a563-96b033fe28b2	14	83010841	88254778	3309	-0.3619
9586dd0a-8c03-4e80-a563-96b033fe28b2	14	88256030	105533894	10213	-0.4574
9586dd0a-8c03-4e80-a563-96b033fe28b2	15	23437561	27029568	2076	-0.4113
9586dd0a-8c03-4e80-a563-96b033fe28b2	15	27031472	28315870	654	0.0344
9586dd0a-8c03-4e80-a563-96b033fe28b2	15	30839824	45915769	8232	-1.1849
9586dd0a-8c03-4e80-a563-96b033fe28b2	15	45916829	46041885	90	-4.357
9586dd0a-8c03-4e80-a563-96b033fe28b2	15	46045910	46060817	5	-2.1252
9586dd0a-8c03-4e80-a563-96b033fe28b2	15	46061687	46136120	40	-1.1492
9586dd0a-8c03-4e80-a563-96b033fe28b2	15	46139040	46143360	6	-2.6555
9586dd0a-8c03-4e80-a563-96b033fe28b2	15	46144535	47733819	1070	-1.1327
9586dd0a-8c03-4e80-a563-96b033fe28b2	15	47734646	62375630	9677	-0.383
9586dd0a-8c03-4e80-a563-96b033fe28b2	15	62379441	75692425	7772	-0.4364
9586dd0a-8c03-4e80-a563-96b033fe28b2	15	75699110	75699452	2	-2.5675
9586dd0a-8c03-4e80-a563-96b033fe28b2	15	75706356	83043903	4129	-0.4384
9586dd0a-8c03-4e80-a563-96b033fe28b2	15	83044690	86434330	1579	-0.3943
9586dd0a-8c03-4e80-a563-96b033fe28b2	15	86437642	87620137	868	-0.3378
9586dd0a-8c03-4e80-a563-96b033fe28b2	15	87621043	93489370	3750	-0.4266
9586dd0a-8c03-4e80-a563-96b033fe28b2	15	93728475	97880093	2848	-0.3437
9586dd0a-8c03-4e80-a563-96b033fe28b2	15	97883458	101344124	1895	-0.4239
9586dd0a-8c03-4e80-a563-96b033fe28b2	16	603333	1376586	127	-0.3139
9586dd0a-8c03-4e80-a563-96b033fe28b2	16	1382011	10199671	4975	-0.211
9586dd0a-8c03-4e80-a563-96b033fe28b2	16	10201154	12745235	1779	-0.2593
9586dd0a-8c03-4e80-a563-96b033fe28b2	16	12745812	18797081	1368	-0.1947
9586dd0a-8c03-4e80-a563-96b033fe28b2	16	18798018	46474548	5789	0.0043
9586dd0a-8c03-4e80-a563-96b033fe28b2	16	46476005	49333825	1504	-0.4157
9586dd0a-8c03-4e80-a563-96b033fe28b2	16	49336890	50914195	1010	-0.4975
9586dd0a-8c03-4e80-a563-96b033fe28b2	16	50915250	51434094	384	-0.4382
9586dd0a-8c03-4e80-a563-96b033fe28b2	16	51434981	54923513	2682	-0.3692
9586dd0a-8c03-4e80-a563-96b033fe28b2	16	54923682	58889163	2539	-0.456
9586dd0a-8c03-4e80-a563-96b033fe28b2	16	58889958	65655227	4347	-0.3683
9586dd0a-8c03-4e80-a563-96b033fe28b2	16	65656502	75487132	4978	-0.4417
9586dd0a-8c03-4e80-a563-96b033fe28b2	16	75489068	75489514	3	-2.5751
9586dd0a-8c03-4e80-a563-96b033fe28b2	16	75490811	77013263	993	-0.325
9586dd0a-8c03-4e80-a563-96b033fe28b2	16	77013497	77013519	2	-2.2903
9586dd0a-8c03-4e80-a563-96b033fe28b2	16	77014152	77238833	196	-0.3819
9586dd0a-8c03-4e80-a563-96b033fe28b2	16	77243108	89317317	8483	-0.4627
9586dd0a-8c03-4e80-a563-96b033fe28b2	17	1074619	1601870	157	-0.0031
9586dd0a-8c03-4e80-a563-96b033fe28b2	17	1603997	1606612	2	-1.3572
9586dd0a-8c03-4e80-a563-96b033fe28b2	17	1607643	10330033	4692	0.0081
9586dd0a-8c03-4e80-a563-96b033fe28b2	17	10388514	13820887	2393	0.04
9586dd0a-8c03-4e80-a563-96b033fe28b2	17	13823559	13825358	7	-0.6059
9586dd0a-8c03-4e80-a563-96b033fe28b2	17	13826016	16471798	615	0.0665
9586dd0a-8c03-4e80-a563-96b033fe28b2	17	16473875	16475125	2	0.9711
9586dd0a-8c03-4e80-a563-96b033fe28b2	17	16478687	16981646	171	0.0693
9586dd0a-8c03-4e80-a563-96b033fe28b2	17	16982037	18957997	904	-0.0139
9586dd0a-8c03-4e80-a563-96b033fe28b2	17	19246050	35461551	4625	0.594
9586dd0a-8c03-4e80-a563-96b033fe28b2	17	35461730	35464628	2	-0.8586
9586dd0a-8c03-4e80-a563-96b033fe28b2	17	35469271	38254553	1136	0.6053
9586dd0a-8c03-4e80-a563-96b033fe28b2	17	38254727	40541701	1030	0.5266
9586dd0a-8c03-4e80-a563-96b033fe28b2	17	40542245	41162779	338	0.6679
9586dd0a-8c03-4e80-a563-96b033fe28b2	17	41163584	41500729	221	0.6024
9586dd0a-8c03-4e80-a563-96b033fe28b2	17	41501085	44872083	1488	0.5312
9586dd0a-8c03-4e80-a563-96b033fe28b2	17	44872453	51723435	2697	0.5821
9586dd0a-8c03-4e80-a563-96b033fe28b2	17	51723527	53540456	1042	0.7248
9586dd0a-8c03-4e80-a563-96b033fe28b2	17	53541066	53542888	3	-0.3227
9586dd0a-8c03-4e80-a563-96b033fe28b2	17	53549129	56508299	2066	0.6891
9586dd0a-8c03-4e80-a563-96b033fe28b2	17	56511307	59466445	1785	0.6143
9586dd0a-8c03-4e80-a563-96b033fe28b2	17	59471831	59490190	10	-0.0137
9586dd0a-8c03-4e80-a563-96b033fe28b2	17	59490475	68895887	4871	0.9986
9586dd0a-8c03-4e80-a563-96b033fe28b2	17	68901399	72182029	2362	1.0522
9586dd0a-8c03-4e80-a563-96b033fe28b2	17	72182051	76908567	2192	0.9372
9586dd0a-8c03-4e80-a563-96b033fe28b2	17	76909513	82959812	2483	1.0639
9586dd0a-8c03-4e80-a563-96b033fe28b2	18	326691	1196033	257	-0.4431
9586dd0a-8c03-4e80-a563-96b033fe28b2	18	1197479	1624683	251	0.0845
9586dd0a-8c03-4e80-a563-96b033fe28b2	18	1687467	3764252	974	-0.4406
9586dd0a-8c03-4e80-a563-96b033fe28b2	18	3768176	3770538	3	-2.3089
9586dd0a-8c03-4e80-a563-96b033fe28b2	18	3775016	3982600	192	-0.4149
9586dd0a-8c03-4e80-a563-96b033fe28b2	18	3983550	4067841	80	0.0514
9586dd0a-8c03-4e80-a563-96b033fe28b2	18	4068959	4755017	500	-0.3838
9586dd0a-8c03-4e80-a563-96b033fe28b2	18	4755121	14060447	5938	-0.4745
9586dd0a-8c03-4e80-a563-96b033fe28b2	18	14062285	14661644	66	-0.3456
9586dd0a-8c03-4e80-a563-96b033fe28b2	18	21109102	26802502	3400	0.3449
9586dd0a-8c03-4e80-a563-96b033fe28b2	18	26802729	30776504	2360	0.401
9586dd0a-8c03-4e80-a563-96b033fe28b2	18	30784801	31079683	208	0.0953
9586dd0a-8c03-4e80-a563-96b033fe28b2	18	31085636	31483426	214	0.4498
9586dd0a-8c03-4e80-a563-96b033fe28b2	18	31487387	31994213	344	0.3217
9586dd0a-8c03-4e80-a563-96b033fe28b2	18	32000332	32093739	67	0.1539
9586dd0a-8c03-4e80-a563-96b033fe28b2	18	32093810	32774234	497	0.3263
9586dd0a-8c03-4e80-a563-96b033fe28b2	18	32774336	35627205	1656	0.3992
9586dd0a-8c03-4e80-a563-96b033fe28b2	18	35633576	37576596	1253	0.3113
9586dd0a-8c03-4e80-a563-96b033fe28b2	18	37579870	41861475	2652	0.3887
9586dd0a-8c03-4e80-a563-96b033fe28b2	18	41862387	42790204	480	0.3113
9586dd0a-8c03-4e80-a563-96b033fe28b2	18	42790334	44268474	785	0.3823
9586dd0a-8c03-4e80-a563-96b033fe28b2	18	44268923	51254035	4775	0.3088
9586dd0a-8c03-4e80-a563-96b033fe28b2	18	51255139	57494148	3990	0.3791
9586dd0a-8c03-4e80-a563-96b033fe28b2	18	57494237	60002792	1744	0.3232
9586dd0a-8c03-4e80-a563-96b033fe28b2	18	60002876	64826496	3054	0.3762
9586dd0a-8c03-4e80-a563-96b033fe28b2	18	64826750	68907042	1955	0.4437
9586dd0a-8c03-4e80-a563-96b033fe28b2	18	68911280	70315725	900	0.3501
9586dd0a-8c03-4e80-a563-96b033fe28b2	18	70324361	70363525	28	-0.1093
9586dd0a-8c03-4e80-a563-96b033fe28b2	18	70364882	70630644	123	0.2843
9586dd0a-8c03-4e80-a563-96b033fe28b2	18	70631862	76105582	2203	0.3465
9586dd0a-8c03-4e80-a563-96b033fe28b2	18	76106114	79349796	2027	0.3009
9586dd0a-8c03-4e80-a563-96b033fe28b2	19	283868	3103129	663	-0.4885
9586dd0a-8c03-4e80-a563-96b033fe28b2	19	3104654	3113905	8	-3.5161
9586dd0a-8c03-4e80-a563-96b033fe28b2	19	3123115	9046337	2184	-0.4922
9586dd0a-8c03-4e80-a563-96b033fe28b2	19	9051570	9051706	2	-2.7782
9586dd0a-8c03-4e80-a563-96b033fe28b2	19	9064945	9730551	356	-0.403
9586dd0a-8c03-4e80-a563-96b033fe28b2	19	9733277	19492883	4374	-0.468
9586dd0a-8c03-4e80-a563-96b033fe28b2	19	19493515	23549223	1234	-0.3945
9586dd0a-8c03-4e80-a563-96b033fe28b2	19	23549397	23556678	6	-2.077
9586dd0a-8c03-4e80-a563-96b033fe28b2	19	23556826	23872082	213	-0.3876
9586dd0a-8c03-4e80-a563-96b033fe28b2	19	27749470	39499605	7221	-0.0076
9586dd0a-8c03-4e80-a563-96b033fe28b2	19	39514365	39523303	7	-0.8685
9586dd0a-8c03-4e80-a563-96b033fe28b2	19	39533655	43878579	1705	-0.0308
9586dd0a-8c03-4e80-a563-96b033fe28b2	19	43879648	44019970	125	-0.3485
9586dd0a-8c03-4e80-a563-96b033fe28b2	19	44020790	58370362	6037	-0.0158
9586dd0a-8c03-4e80-a563-96b033fe28b2	20	472817	475120	2	0.3317
9586dd0a-8c03-4e80-a563-96b033fe28b2	20	475808	2550391	1417	-0.4646
9586dd0a-8c03-4e80-a563-96b033fe28b2	20	2551333	4242029	813	0.0001
9586dd0a-8c03-4e80-a563-96b033fe28b2	20	4242807	4602527	323	0.1023
9586dd0a-8c03-4e80-a563-96b033fe28b2	20	4603131	4619113	11	0.6417
9586dd0a-8c03-4e80-a563-96b033fe28b2	20	4619467	6122349	833	0.0308
9586dd0a-8c03-4e80-a563-96b033fe28b2	20	6126628	6496875	300	-0.3713
9586dd0a-8c03-4e80-a563-96b033fe28b2	20	6497604	6533018	23	0.1073
9586dd0a-8c03-4e80-a563-96b033fe28b2	20	6536235	6664949	93	0.4482
9586dd0a-8c03-4e80-a563-96b033fe28b2	20	6669827	6947363	249	0.1413
9586dd0a-8c03-4e80-a563-96b033fe28b2	20	6947885	7308165	146	0.499
9586dd0a-8c03-4e80-a563-96b033fe28b2	20	7308371	9525277	1265	0.1359
9586dd0a-8c03-4e80-a563-96b033fe28b2	20	9527172	10992793	1176	0.0738
9586dd0a-8c03-4e80-a563-96b033fe28b2	20	10993932	12386323	985	0.1264
9586dd0a-8c03-4e80-a563-96b033fe28b2	20	12390171	12411068	31	0.4714
9586dd0a-8c03-4e80-a563-96b033fe28b2	20	12414342	13804574	957	0.0994
9586dd0a-8c03-4e80-a563-96b033fe28b2	20	13807408	13984479	94	-0.3902
9586dd0a-8c03-4e80-a563-96b033fe28b2	20	13993903	16451503	1537	0.1591
9586dd0a-8c03-4e80-a563-96b033fe28b2	20	16451747	17293453	724	0.6742
9586dd0a-8c03-4e80-a563-96b033fe28b2	20	17294430	17623615	298	0.833
9586dd0a-8c03-4e80-a563-96b033fe28b2	20	17630117	18416722	580	0.6444
9586dd0a-8c03-4e80-a563-96b033fe28b2	20	18417488	19680581	1028	0.062
9586dd0a-8c03-4e80-a563-96b033fe28b2	20	19681848	19723868	33	0.6582
9586dd0a-8c03-4e80-a563-96b033fe28b2	20	19725801	19784156	62	0.3595
9586dd0a-8c03-4e80-a563-96b033fe28b2	20	19784172	20098716	327	0.6271
9586dd0a-8c03-4e80-a563-96b033fe28b2	20	20098856	20566929	315	0.0735
9586dd0a-8c03-4e80-a563-96b033fe28b2	20	20572026	20866733	184	0.3868
9586dd0a-8c03-4e80-a563-96b033fe28b2	20	20868193	22398422	980	0.0493
9586dd0a-8c03-4e80-a563-96b033fe28b2	20	22400148	22469180	44	0.4762
9586dd0a-8c03-4e80-a563-96b033fe28b2	20	22471626	24876360	1586	0.0405
9586dd0a-8c03-4e80-a563-96b033fe28b2	20	24882636	26152577	514	0.3263
9586dd0a-8c03-4e80-a563-96b033fe28b2	20	26152675	32007579	387	-0.0101
9586dd0a-8c03-4e80-a563-96b033fe28b2	20	32008489	32227858	110	-0.0522
9586dd0a-8c03-4e80-a563-96b033fe28b2	20	32232773	33205263	550	-0.4953
9586dd0a-8c03-4e80-a563-96b033fe28b2	20	33205396	33468197	152	0.0154
9586dd0a-8c03-4e80-a563-96b033fe28b2	20	33468281	38562835	2558	-0.183
9586dd0a-8c03-4e80-a563-96b033fe28b2	20	38570215	40710514	1484	-0.7231
9586dd0a-8c03-4e80-a563-96b033fe28b2	20	40711006	43341141	1814	-0.1585
9586dd0a-8c03-4e80-a563-96b033fe28b2	20	43343808	45159510	1126	0.1709
9586dd0a-8c03-4e80-a563-96b033fe28b2	20	45161801	46371319	710	0.4709
9586dd0a-8c03-4e80-a563-96b033fe28b2	20	46374411	46927128	426	0.2162
9586dd0a-8c03-4e80-a563-96b033fe28b2	20	46928830	47790502	611	0.4677
9586dd0a-8c03-4e80-a563-96b033fe28b2	20	47792860	48706785	714	0.2124
9586dd0a-8c03-4e80-a563-96b033fe28b2	20	48711173	51216249	1446	0.4428
9586dd0a-8c03-4e80-a563-96b033fe28b2	20	51217029	51903082	493	0.1644
9586dd0a-8c03-4e80-a563-96b033fe28b2	20	51904697	53394023	1039	0.2574
9586dd0a-8c03-4e80-a563-96b033fe28b2	20	53394464	53551678	57	0.1557
9586dd0a-8c03-4e80-a563-96b033fe28b2	20	53552093	54599326	776	0.7555
9586dd0a-8c03-4e80-a563-96b033fe28b2	20	54600571	56422344	1409	0.2608
9586dd0a-8c03-4e80-a563-96b033fe28b2	20	56422692	56604192	105	0.4561
9586dd0a-8c03-4e80-a563-96b033fe28b2	20	56604405	57318495	551	0.1651
9586dd0a-8c03-4e80-a563-96b033fe28b2	20	57318551	57564309	155	0.4961
9586dd0a-8c03-4e80-a563-96b033fe28b2	20	57564347	57781626	166	0.1875
9586dd0a-8c03-4e80-a563-96b033fe28b2	20	57783862	57888607	89	0.0029
9586dd0a-8c03-4e80-a563-96b033fe28b2	20	57890601	58127629	184	0.339
9586dd0a-8c03-4e80-a563-96b033fe28b2	20	58127879	58288381	124	0.5695
9586dd0a-8c03-4e80-a563-96b033fe28b2	20	58288413	58753465	369	0.3203
9586dd0a-8c03-4e80-a563-96b033fe28b2	20	58756836	58814365	47	0.608
9586dd0a-8c03-4e80-a563-96b033fe28b2	20	58815280	60305678	1140	0.337
9586dd0a-8c03-4e80-a563-96b033fe28b2	20	60305738	60309221	3	1.2122
9586dd0a-8c03-4e80-a563-96b033fe28b2	20	60309311	60749438	333	0.378
9586dd0a-8c03-4e80-a563-96b033fe28b2	20	60749466	62105222	969	0.5701
9586dd0a-8c03-4e80-a563-96b033fe28b2	20	62108226	62340293	117	0.8107
9586dd0a-8c03-4e80-a563-96b033fe28b2	20	62344904	62345988	4	-0.4087
9586dd0a-8c03-4e80-a563-96b033fe28b2	20	62348076	63160101	299	0.753
9586dd0a-8c03-4e80-a563-96b033fe28b2	20	63163240	63371227	58	0.4688
9586dd0a-8c03-4e80-a563-96b033fe28b2	20	63396857	63588502	57	0.8007
9586dd0a-8c03-4e80-a563-96b033fe28b2	21	13974127	20790191	4334	-0.3169
9586dd0a-8c03-4e80-a563-96b033fe28b2	21	20790515	26905478	3837	-0.3854
9586dd0a-8c03-4e80-a563-96b033fe28b2	21	26907175	29665652	1922	-0.3316
9586dd0a-8c03-4e80-a563-96b033fe28b2	21	29667043	31054164	829	0.1393
9586dd0a-8c03-4e80-a563-96b033fe28b2	21	31054913	40319532	6433	0.0592
9586dd0a-8c03-4e80-a563-96b033fe28b2	21	40321733	41130903	661	0.1084
9586dd0a-8c03-4e80-a563-96b033fe28b2	21	41132165	41356506	172	0.0275
9586dd0a-8c03-4e80-a563-96b033fe28b2	21	41356533	41356534	2	-1.26
9586dd0a-8c03-4e80-a563-96b033fe28b2	21	41359338	46262057	2406	0.0139
9586dd0a-8c03-4e80-a563-96b033fe28b2	22	16934932	48940621	17090	-0.0091
9586dd0a-8c03-4e80-a563-96b033fe28b2	X	3236359	24172860	8750	-0.748
9586dd0a-8c03-4e80-a563-96b033fe28b2	X	24173404	24571468	273	0.2481
9586dd0a-8c03-4e80-a563-96b033fe28b2	X	24574655	24574879	2	-1.5117
9586dd0a-8c03-4e80-a563-96b033fe28b2	X	24575396	32756844	4561	0.3002
9586dd0a-8c03-4e80-a563-96b033fe28b2	X	32756926	36070362	978	0.7557
9586dd0a-8c03-4e80-a563-96b033fe28b2	X	36071277	37602915	590	0.192
9586dd0a-8c03-4e80-a563-96b033fe28b2	X	37603833	37604977	2	-5.7006
9586dd0a-8c03-4e80-a563-96b033fe28b2	X	37605280	41580254	2106	0.1868
9586dd0a-8c03-4e80-a563-96b033fe28b2	X	41580800	44725861	1309	0.2879
9586dd0a-8c03-4e80-a563-96b033fe28b2	X	44737988	45014403	117	0.1906
9586dd0a-8c03-4e80-a563-96b033fe28b2	X	45016030	51245188	2721	0.7129
9586dd0a-8c03-4e80-a563-96b033fe28b2	X	51249017	51259050	8	1.5254
9586dd0a-8c03-4e80-a563-96b033fe28b2	X	51259368	52792830	423	0.6886
9586dd0a-8c03-4e80-a563-96b033fe28b2	X	52804837	71566203	5382	0.1575
9586dd0a-8c03-4e80-a563-96b033fe28b2	X	71569372	73944737	826	0.38
9586dd0a-8c03-4e80-a563-96b033fe28b2	X	73946876	73948515	2	-2.1026
9586dd0a-8c03-4e80-a563-96b033fe28b2	X	73954130	74680518	310	0.3794
9586dd0a-8c03-4e80-a563-96b033fe28b2	X	74681265	74727295	16	-0.4532
9586dd0a-8c03-4e80-a563-96b033fe28b2	X	74731286	74769374	17	0.3576
9586dd0a-8c03-4e80-a563-96b033fe28b2	X	74778120	78493564	843	-0.6907
9586dd0a-8c03-4e80-a563-96b033fe28b2	X	78494860	78516293	12	-2.3939
9586dd0a-8c03-4e80-a563-96b033fe28b2	X	78516428	79688652	588	-0.6755
9586dd0a-8c03-4e80-a563-96b033fe28b2	X	79695386	79697698	3	1.1156
9586dd0a-8c03-4e80-a563-96b033fe28b2	X	79699873	80340460	414	2.2949
9586dd0a-8c03-4e80-a563-96b033fe28b2	X	80343063	80606604	90	1.7159
9586dd0a-8c03-4e80-a563-96b033fe28b2	X	80607948	80773403	80	2.7681
9586dd0a-8c03-4e80-a563-96b033fe28b2	X	80777733	81149054	159	2.1434
9586dd0a-8c03-4e80-a563-96b033fe28b2	X	81150089	93268728	4808	-0.7
9586dd0a-8c03-4e80-a563-96b033fe28b2	X	93269056	125941555	15244	0.1959
9586dd0a-8c03-4e80-a563-96b033fe28b2	X	125945771	134986085	3916	-0.2622
9586dd0a-8c03-4e80-a563-96b033fe28b2	X	134989654	155677414	9084	0.1625
