GDC_Aliquot	Chromosome	Start	End	Num_Probes	Segment_Mean
1f28ffc1-c3bd-4267-8749-707c4202e862	1	3301765	46981839	23403	0.3458
1f28ffc1-c3bd-4267-8749-707c4202e862	1	46982670	51247552	2231	0.4034
1f28ffc1-c3bd-4267-8749-707c4202e862	1	51252190	54837766	1947	0.3671
1f28ffc1-c3bd-4267-8749-707c4202e862	1	54838109	71046477	11388	0.4263
1f28ffc1-c3bd-4267-8749-707c4202e862	1	71049286	76904553	3372	0.4599
1f28ffc1-c3bd-4267-8749-707c4202e862	1	76906451	78579215	868	0.4263
1f28ffc1-c3bd-4267-8749-707c4202e862	1	78579925	81423273	1578	0.4836
1f28ffc1-c3bd-4267-8749-707c4202e862	1	81423287	81430804	30	0.1858
1f28ffc1-c3bd-4267-8749-707c4202e862	1	81430820	84379521	1893	0.4873
1f28ffc1-c3bd-4267-8749-707c4202e862	1	84379685	91052553	4324	0.4386
1f28ffc1-c3bd-4267-8749-707c4202e862	1	91053095	93974626	1545	0.3984
1f28ffc1-c3bd-4267-8749-707c4202e862	1	93974746	108127405	8397	0.4543
1f28ffc1-c3bd-4267-8749-707c4202e862	1	108127920	153890003	9079	0.3973
1f28ffc1-c3bd-4267-8749-707c4202e862	1	153890625	156843858	1361	0.3562
1f28ffc1-c3bd-4267-8749-707c4202e862	1	156847982	162218725	3400	0.4045
1f28ffc1-c3bd-4267-8749-707c4202e862	1	162218802	164537802	1712	0.4708
1f28ffc1-c3bd-4267-8749-707c4202e862	1	164538225	176167363	7790	0.4319
1f28ffc1-c3bd-4267-8749-707c4202e862	1	176167402	177935616	1111	0.4631
1f28ffc1-c3bd-4267-8749-707c4202e862	1	177935836	186198815	5386	0.3991
1f28ffc1-c3bd-4267-8749-707c4202e862	1	186199149	190283512	2409	0.4553
1f28ffc1-c3bd-4267-8749-707c4202e862	1	190285751	195470586	3107	0.4155
1f28ffc1-c3bd-4267-8749-707c4202e862	1	195471487	201917274	3862	0.4522
1f28ffc1-c3bd-4267-8749-707c4202e862	1	201917346	206982929	3116	0.3866
1f28ffc1-c3bd-4267-8749-707c4202e862	1	206983103	210720293	2800	0.4563
1f28ffc1-c3bd-4267-8749-707c4202e862	1	210720533	213589677	1771	0.386
1f28ffc1-c3bd-4267-8749-707c4202e862	1	213590257	214587219	781	0.4537
1f28ffc1-c3bd-4267-8749-707c4202e862	1	214588015	216860707	1552	0.5189
1f28ffc1-c3bd-4267-8749-707c4202e862	1	216861020	218587019	1174	0.4396
1f28ffc1-c3bd-4267-8749-707c4202e862	1	218588339	219380827	526	0.524
1f28ffc1-c3bd-4267-8749-707c4202e862	1	219380975	225554383	3816	0.4334
1f28ffc1-c3bd-4267-8749-707c4202e862	1	225554602	229058500	1810	0.3915
1f28ffc1-c3bd-4267-8749-707c4202e862	1	229059149	229472419	293	0.4261
1f28ffc1-c3bd-4267-8749-707c4202e862	1	229475277	229786621	222	0.4591
1f28ffc1-c3bd-4267-8749-707c4202e862	1	229786849	229789777	2	-0.6655
1f28ffc1-c3bd-4267-8749-707c4202e862	1	229791098	234262297	3302	0.4723
1f28ffc1-c3bd-4267-8749-707c4202e862	1	234262387	236700531	1505	0.4169
1f28ffc1-c3bd-4267-8749-707c4202e862	1	236701159	241883584	4088	0.4647
1f28ffc1-c3bd-4267-8749-707c4202e862	1	241886347	247650984	2876	0.4229
1f28ffc1-c3bd-4267-8749-707c4202e862	2	480597	5918693	3053	0.1248
1f28ffc1-c3bd-4267-8749-707c4202e862	2	5921834	11862559	4128	0.0951
1f28ffc1-c3bd-4267-8749-707c4202e862	2	11862728	22376054	7068	0.1398
1f28ffc1-c3bd-4267-8749-707c4202e862	2	22378048	22378280	3	-0.829
1f28ffc1-c3bd-4267-8749-707c4202e862	2	22382166	23724719	981	0.1307
1f28ffc1-c3bd-4267-8749-707c4202e862	2	23727504	29196129	2520	0.0736
1f28ffc1-c3bd-4267-8749-707c4202e862	2	29196169	41902455	7103	0.128
1f28ffc1-c3bd-4267-8749-707c4202e862	2	41903600	47897953	3975	0.0994
1f28ffc1-c3bd-4267-8749-707c4202e862	2	47898575	60239024	6815	0.137
1f28ffc1-c3bd-4267-8749-707c4202e862	2	60242341	65641976	2752	0.0981
1f28ffc1-c3bd-4267-8749-707c4202e862	2	65642107	68413112	2041	0.1451
1f28ffc1-c3bd-4267-8749-707c4202e862	2	68415450	74925803	3598	0.0924
1f28ffc1-c3bd-4267-8749-707c4202e862	2	74927809	84806922	5351	0.1446
1f28ffc1-c3bd-4267-8749-707c4202e862	2	84807495	102179566	4751	0.0703
1f28ffc1-c3bd-4267-8749-707c4202e862	2	102180064	105168415	1815	0.1146
1f28ffc1-c3bd-4267-8749-707c4202e862	2	105168502	107111101	1392	0.0761
1f28ffc1-c3bd-4267-8749-707c4202e862	2	107111465	114071883	3062	0.114
1f28ffc1-c3bd-4267-8749-707c4202e862	2	114077560	118039764	1867	0.1663
1f28ffc1-c3bd-4267-8749-707c4202e862	2	118039928	122193672	2519	0.1124
1f28ffc1-c3bd-4267-8749-707c4202e862	2	122194129	126293137	1724	0.175
1f28ffc1-c3bd-4267-8749-707c4202e862	2	126296705	136407927	5076	0.1266
1f28ffc1-c3bd-4267-8749-707c4202e862	2	136408021	140699614	2241	0.1755
1f28ffc1-c3bd-4267-8749-707c4202e862	2	140699854	140856706	91	-0.4529
1f28ffc1-c3bd-4267-8749-707c4202e862	2	140857094	141750534	631	0.1987
1f28ffc1-c3bd-4267-8749-707c4202e862	2	141757088	141991767	190	0.3858
1f28ffc1-c3bd-4267-8749-707c4202e862	2	141994414	169500514	15993	0.1728
1f28ffc1-c3bd-4267-8749-707c4202e862	2	169514002	170892379	892	0.1368
1f28ffc1-c3bd-4267-8749-707c4202e862	2	170893405	170893748	2	-0.9769
1f28ffc1-c3bd-4267-8749-707c4202e862	2	170896886	178246201	4602	0.1475
1f28ffc1-c3bd-4267-8749-707c4202e862	2	178247452	195367244	8348	0.1757
1f28ffc1-c3bd-4267-8749-707c4202e862	2	195367488	203716144	4473	0.141
1f28ffc1-c3bd-4267-8749-707c4202e862	2	203716472	208383008	3020	0.1572
1f28ffc1-c3bd-4267-8749-707c4202e862	2	208383181	214780117	3780	0.199
1f28ffc1-c3bd-4267-8749-707c4202e862	2	214780411	217880080	2139	0.1555
1f28ffc1-c3bd-4267-8749-707c4202e862	2	217881139	219186791	631	0.0886
1f28ffc1-c3bd-4267-8749-707c4202e862	2	219189611	219191993	2	1.0644
1f28ffc1-c3bd-4267-8749-707c4202e862	2	219194498	219764473	300	0.1039
1f28ffc1-c3bd-4267-8749-707c4202e862	2	219764746	229115173	6131	0.1677
1f28ffc1-c3bd-4267-8749-707c4202e862	2	229118928	234979188	3314	0.1129
1f28ffc1-c3bd-4267-8749-707c4202e862	2	234979782	234980577	2	-1.3226
1f28ffc1-c3bd-4267-8749-707c4202e862	2	234983001	241537572	3888	0.1076
1f28ffc1-c3bd-4267-8749-707c4202e862	3	2170634	2802013	160	-0.4585
1f28ffc1-c3bd-4267-8749-707c4202e862	3	2802382	2802720	2	-2.2468
1f28ffc1-c3bd-4267-8749-707c4202e862	3	2809769	8845970	3668	-0.4467
1f28ffc1-c3bd-4267-8749-707c4202e862	3	8846580	20611309	7277	-0.4798
1f28ffc1-c3bd-4267-8749-707c4202e862	3	20611366	28881852	4697	-0.4263
1f28ffc1-c3bd-4267-8749-707c4202e862	3	28882092	28882178	2	-2.532
1f28ffc1-c3bd-4267-8749-707c4202e862	3	28882391	36031064	4483	-0.444
1f28ffc1-c3bd-4267-8749-707c4202e862	3	36032024	36032482	3	-1.5629
1f28ffc1-c3bd-4267-8749-707c4202e862	3	36033275	42627620	4039	-0.4539
1f28ffc1-c3bd-4267-8749-707c4202e862	3	42627968	53400585	5043	-0.4888
1f28ffc1-c3bd-4267-8749-707c4202e862	3	53400742	56640162	2438	-0.4406
1f28ffc1-c3bd-4267-8749-707c4202e862	3	56640347	58626697	1093	-0.5095
1f28ffc1-c3bd-4267-8749-707c4202e862	3	58627602	73988456	10234	-0.4536
1f28ffc1-c3bd-4267-8749-707c4202e862	3	73989153	91390926	8145	-0.4203
1f28ffc1-c3bd-4267-8749-707c4202e862	3	91462299	106275050	6581	0.1529
1f28ffc1-c3bd-4267-8749-707c4202e862	3	106277529	106277551	2	-1.4002
1f28ffc1-c3bd-4267-8749-707c4202e862	3	106277920	106851694	396	0.1672
1f28ffc1-c3bd-4267-8749-707c4202e862	3	106858886	110394342	1816	0.1298
1f28ffc1-c3bd-4267-8749-707c4202e862	3	110415157	110415167	2	-1.2468
1f28ffc1-c3bd-4267-8749-707c4202e862	3	110420515	122610313	7217	0.1325
1f28ffc1-c3bd-4267-8749-707c4202e862	3	122610327	130234256	4336	0.0947
1f28ffc1-c3bd-4267-8749-707c4202e862	3	130234964	143628743	7556	0.1278
1f28ffc1-c3bd-4267-8749-707c4202e862	3	143629422	145828458	1230	0.1703
1f28ffc1-c3bd-4267-8749-707c4202e862	3	145835388	145839243	2	-1.8094
1f28ffc1-c3bd-4267-8749-707c4202e862	3	145841636	149366824	1602	0.1729
1f28ffc1-c3bd-4267-8749-707c4202e862	3	149371994	159908007	5921	0.5256
1f28ffc1-c3bd-4267-8749-707c4202e862	3	159911578	160319816	242	0.2187
1f28ffc1-c3bd-4267-8749-707c4202e862	3	160322494	161384309	557	0.5115
1f28ffc1-c3bd-4267-8749-707c4202e862	3	161384339	169676414	3862	0.5611
1f28ffc1-c3bd-4267-8749-707c4202e862	3	169677993	170121829	273	0.494
1f28ffc1-c3bd-4267-8749-707c4202e862	3	170141370	170150762	7	-0.0108
1f28ffc1-c3bd-4267-8749-707c4202e862	3	170153072	172727097	1418	0.5159
1f28ffc1-c3bd-4267-8749-707c4202e862	3	172727305	178969946	2944	0.5694
1f28ffc1-c3bd-4267-8749-707c4202e862	3	178973601	179782640	567	0.4889
1f28ffc1-c3bd-4267-8749-707c4202e862	3	179783113	182935475	1648	0.5364
1f28ffc1-c3bd-4267-8749-707c4202e862	3	182937400	188055780	2716	0.4793
1f28ffc1-c3bd-4267-8749-707c4202e862	3	188056669	191562314	2412	0.5413
1f28ffc1-c3bd-4267-8749-707c4202e862	3	191566836	191566890	2	-0.616
1f28ffc1-c3bd-4267-8749-707c4202e862	3	191566911	193692748	1167	0.5445
1f28ffc1-c3bd-4267-8749-707c4202e862	3	193693355	197812401	1450	0.4711
1f28ffc1-c3bd-4267-8749-707c4202e862	4	1059384	10595385	5049	-0.3817
1f28ffc1-c3bd-4267-8749-707c4202e862	4	10595417	13960579	2532	-0.3196
1f28ffc1-c3bd-4267-8749-707c4202e862	4	13960860	14824102	712	-0.2353
1f28ffc1-c3bd-4267-8749-707c4202e862	4	14824208	20547077	3783	-0.3302
1f28ffc1-c3bd-4267-8749-707c4202e862	4	20551681	23209054	1691	-0.2479
1f28ffc1-c3bd-4267-8749-707c4202e862	4	23212377	24389190	889	-0.3112
1f28ffc1-c3bd-4267-8749-707c4202e862	4	24389508	26570387	1451	-0.3444
1f28ffc1-c3bd-4267-8749-707c4202e862	4	26572724	29314452	1716	-0.212
1f28ffc1-c3bd-4267-8749-707c4202e862	4	29316617	29316627	2	-1.5645
1f28ffc1-c3bd-4267-8749-707c4202e862	4	29316643	31938269	1605	-0.2056
1f28ffc1-c3bd-4267-8749-707c4202e862	4	31940244	34850502	1520	-0.2677
1f28ffc1-c3bd-4267-8749-707c4202e862	4	34854989	35952943	628	-0.3048
1f28ffc1-c3bd-4267-8749-707c4202e862	4	35953778	41333831	3358	-0.3419
1f28ffc1-c3bd-4267-8749-707c4202e862	4	41333867	54285234	4938	-0.2873
1f28ffc1-c3bd-4267-8749-707c4202e862	4	54285873	63770726	5548	-0.2148
1f28ffc1-c3bd-4267-8749-707c4202e862	4	63772628	69780739	2817	-0.2982
1f28ffc1-c3bd-4267-8749-707c4202e862	4	69783107	69784131	2	-1.6017
1f28ffc1-c3bd-4267-8749-707c4202e862	4	69784506	75196496	3018	-0.3007
1f28ffc1-c3bd-4267-8749-707c4202e862	4	75197625	140738013	36792	-0.3244
1f28ffc1-c3bd-4267-8749-707c4202e862	4	140740583	151613746	5828	-0.3002
1f28ffc1-c3bd-4267-8749-707c4202e862	4	151627393	153628469	1188	-0.3618
1f28ffc1-c3bd-4267-8749-707c4202e862	4	153628511	180430482	15055	-0.2993
1f28ffc1-c3bd-4267-8749-707c4202e862	4	180435353	180436117	2	-2.0414
1f28ffc1-c3bd-4267-8749-707c4202e862	4	180436194	183625080	1508	-0.3341
1f28ffc1-c3bd-4267-8749-707c4202e862	4	183628013	187842528	1895	-0.2637
1f28ffc1-c3bd-4267-8749-707c4202e862	5	913983	8294515	5330	0.4479
1f28ffc1-c3bd-4267-8749-707c4202e862	5	8295436	16625482	5087	0.4903
1f28ffc1-c3bd-4267-8749-707c4202e862	5	16627397	17747964	490	0.442
1f28ffc1-c3bd-4267-8749-707c4202e862	5	17756092	18403994	426	0.1365
1f28ffc1-c3bd-4267-8749-707c4202e862	5	18404720	20675655	1103	0.4862
1f28ffc1-c3bd-4267-8749-707c4202e862	5	20676092	21361673	296	0.1354
1f28ffc1-c3bd-4267-8749-707c4202e862	5	21391680	21700133	92	0.4648
1f28ffc1-c3bd-4267-8749-707c4202e862	5	21701728	22115481	237	0.1513
1f28ffc1-c3bd-4267-8749-707c4202e862	5	22124454	23529389	764	0.5043
1f28ffc1-c3bd-4267-8749-707c4202e862	5	23529953	23947211	256	0.1691
1f28ffc1-c3bd-4267-8749-707c4202e862	5	23949955	23996512	18	-0.1037
1f28ffc1-c3bd-4267-8749-707c4202e862	5	23996781	24048364	28	0.1455
1f28ffc1-c3bd-4267-8749-707c4202e862	5	24058001	24729897	400	0.4736
1f28ffc1-c3bd-4267-8749-707c4202e862	5	24730335	31342054	3682	0.1702
1f28ffc1-c3bd-4267-8749-707c4202e862	5	31342067	45377176	7935	0.1381
1f28ffc1-c3bd-4267-8749-707c4202e862	5	45378354	50938425	76	1.841
1f28ffc1-c3bd-4267-8749-707c4202e862	5	50944285	59002533	5134	-0.3942
1f28ffc1-c3bd-4267-8749-707c4202e862	5	59005784	59005957	2	-1.8523
1f28ffc1-c3bd-4267-8749-707c4202e862	5	59006663	62816001	2263	-0.3738
1f28ffc1-c3bd-4267-8749-707c4202e862	5	62823522	62835906	15	-1.4513
1f28ffc1-c3bd-4267-8749-707c4202e862	5	62842985	66663512	1833	-0.3737
1f28ffc1-c3bd-4267-8749-707c4202e862	5	66665334	82367986	8526	-0.4021
1f28ffc1-c3bd-4267-8749-707c4202e862	5	82426316	123928502	22346	-0.3693
1f28ffc1-c3bd-4267-8749-707c4202e862	5	123940343	124805407	577	0.4803
1f28ffc1-c3bd-4267-8749-707c4202e862	5	124808324	125262926	314	1.9999
1f28ffc1-c3bd-4267-8749-707c4202e862	5	125263698	131853041	3627	-0.3734
1f28ffc1-c3bd-4267-8749-707c4202e862	5	131854563	134643324	1762	-0.437
1f28ffc1-c3bd-4267-8749-707c4202e862	5	134653166	137979979	2208	-0.3907
1f28ffc1-c3bd-4267-8749-707c4202e862	5	137984113	140725179	1169	0.853
1f28ffc1-c3bd-4267-8749-707c4202e862	5	140730366	154184549	8685	-0.393
1f28ffc1-c3bd-4267-8749-707c4202e862	5	154186731	154363563	140	0.914
1f28ffc1-c3bd-4267-8749-707c4202e862	5	154364811	154618148	166	0.4251
1f28ffc1-c3bd-4267-8749-707c4202e862	5	154618167	162192008	4895	-0.3954
1f28ffc1-c3bd-4267-8749-707c4202e862	5	162196408	162274029	56	-1.3636
1f28ffc1-c3bd-4267-8749-707c4202e862	5	162282821	167896857	3577	-0.3851
1f28ffc1-c3bd-4267-8749-707c4202e862	5	167909822	170328795	1858	-0.4287
1f28ffc1-c3bd-4267-8749-707c4202e862	5	170330779	170330977	2	-1.8473
1f28ffc1-c3bd-4267-8749-707c4202e862	5	170331504	180934240	5779	-0.4424
1f28ffc1-c3bd-4267-8749-707c4202e862	6	1011760	8460206	5529	0.0989
1f28ffc1-c3bd-4267-8749-707c4202e862	6	8463085	10424076	1351	0.1588
1f28ffc1-c3bd-4267-8749-707c4202e862	6	10424235	12889312	1694	0.1089
1f28ffc1-c3bd-4267-8749-707c4202e862	6	12890654	18266864	3624	0.0803
1f28ffc1-c3bd-4267-8749-707c4202e862	6	18267170	24304925	4342	0.134
1f28ffc1-c3bd-4267-8749-707c4202e862	6	24310842	44556436	9929	0.0648
1f28ffc1-c3bd-4267-8749-707c4202e862	6	44556746	48024720	2151	0.1158
1f28ffc1-c3bd-4267-8749-707c4202e862	6	48034682	66552910	8026	0.1485
1f28ffc1-c3bd-4267-8749-707c4202e862	6	66557583	90572546	13865	0.1245
1f28ffc1-c3bd-4267-8749-707c4202e862	6	90575021	95508292	2094	0.1791
1f28ffc1-c3bd-4267-8749-707c4202e862	6	95508738	101406247	3491	0.1417
1f28ffc1-c3bd-4267-8749-707c4202e862	6	101410845	103791451	1332	0.1824
1f28ffc1-c3bd-4267-8749-707c4202e862	6	103791776	105171101	733	0.1214
1f28ffc1-c3bd-4267-8749-707c4202e862	6	105171174	112208067	4334	0.0758
1f28ffc1-c3bd-4267-8749-707c4202e862	6	112208081	129413585	9627	0.1307
1f28ffc1-c3bd-4267-8749-707c4202e862	6	129415244	137854976	5734	0.0994
1f28ffc1-c3bd-4267-8749-707c4202e862	6	137856560	170596889	19350	0.1286
1f28ffc1-c3bd-4267-8749-707c4202e862	7	664936	7897725	3003	0.044
1f28ffc1-c3bd-4267-8749-707c4202e862	7	7898713	7901149	7	-0.2245
1f28ffc1-c3bd-4267-8749-707c4202e862	7	7901453	16149289	4900	0.1278
1f28ffc1-c3bd-4267-8749-707c4202e862	7	16155804	16364361	117	-0.4797
1f28ffc1-c3bd-4267-8749-707c4202e862	7	16364990	20550037	1869	0.1157
1f28ffc1-c3bd-4267-8749-707c4202e862	7	20552826	51523887	20311	0.0838
1f28ffc1-c3bd-4267-8749-707c4202e862	7	51527893	55656837	2979	0.1101
1f28ffc1-c3bd-4267-8749-707c4202e862	7	55662548	77772480	5799	0.0531
1f28ffc1-c3bd-4267-8749-707c4202e862	7	77776581	78213165	317	0.1038
1f28ffc1-c3bd-4267-8749-707c4202e862	7	78213932	85886015	4719	0.1449
1f28ffc1-c3bd-4267-8749-707c4202e862	7	85886309	98008211	6069	0.1046
1f28ffc1-c3bd-4267-8749-707c4202e862	7	98009076	102106057	1568	0.0207
1f28ffc1-c3bd-4267-8749-707c4202e862	7	102107626	107950293	3232	0.0865
1f28ffc1-c3bd-4267-8749-707c4202e862	7	107951401	127274964	10272	0.1167
1f28ffc1-c3bd-4267-8749-707c4202e862	7	127279371	132673508	2895	0.0603
1f28ffc1-c3bd-4267-8749-707c4202e862	7	132679172	138638771	3695	0.1068
1f28ffc1-c3bd-4267-8749-707c4202e862	7	138650501	141077230	1362	0.058
1f28ffc1-c3bd-4267-8749-707c4202e862	7	141077590	146473928	2370	0.1068
1f28ffc1-c3bd-4267-8749-707c4202e862	7	146474179	146497537	14	0.5687
1f28ffc1-c3bd-4267-8749-707c4202e862	7	146498189	148588790	1449	0.1133
1f28ffc1-c3bd-4267-8749-707c4202e862	7	148593144	157929111	4792	0.0586
1f28ffc1-c3bd-4267-8749-707c4202e862	7	157931756	157931787	2	-1.1529
1f28ffc1-c3bd-4267-8749-707c4202e862	7	157934600	158592540	232	0.0489
1f28ffc1-c3bd-4267-8749-707c4202e862	8	667625	3511120	1385	0.0345
1f28ffc1-c3bd-4267-8749-707c4202e862	8	3512290	5383663	1261	0.0859
1f28ffc1-c3bd-4267-8749-707c4202e862	8	5384183	9568061	1397	0.0272
1f28ffc1-c3bd-4267-8749-707c4202e862	8	9570733	9967644	224	0.2951
1f28ffc1-c3bd-4267-8749-707c4202e862	8	9968830	13229047	1403	0.0024
1f28ffc1-c3bd-4267-8749-707c4202e862	8	13231581	17145042	2800	0.0642
1f28ffc1-c3bd-4267-8749-707c4202e862	8	17145064	21440134	3652	0.0282
1f28ffc1-c3bd-4267-8749-707c4202e862	8	21440316	23572962	1144	-0.0186
1f28ffc1-c3bd-4267-8749-707c4202e862	8	23573679	104848388	45169	0.0328
1f28ffc1-c3bd-4267-8749-707c4202e862	8	104849087	122432411	10059	0.0511
1f28ffc1-c3bd-4267-8749-707c4202e862	8	122432549	125955134	2428	-0.0112
1f28ffc1-c3bd-4267-8749-707c4202e862	8	125957520	131592346	3925	0.0365
1f28ffc1-c3bd-4267-8749-707c4202e862	8	131592595	144182542	7418	0.0019
1f28ffc1-c3bd-4267-8749-707c4202e862	9	789794	21006309	13029	-0.4664
1f28ffc1-c3bd-4267-8749-707c4202e862	9	21008378	21097302	87	-1.6689
1f28ffc1-c3bd-4267-8749-707c4202e862	9	21097345	21098844	5	-5.304
1f28ffc1-c3bd-4267-8749-707c4202e862	9	21099472	22633024	949	-1.539
1f28ffc1-c3bd-4267-8749-707c4202e862	9	22636443	33310196	6303	-0.4503
1f28ffc1-c3bd-4267-8749-707c4202e862	9	33310731	33470361	79	0.4305
1f28ffc1-c3bd-4267-8749-707c4202e862	9	33492001	36135427	1371	-0.5025
1f28ffc1-c3bd-4267-8749-707c4202e862	9	36137372	36137467	2	-2.3926
1f28ffc1-c3bd-4267-8749-707c4202e862	9	36137801	70822166	3575	-0.4858
1f28ffc1-c3bd-4267-8749-707c4202e862	9	70825645	76197995	3616	-0.445
1f28ffc1-c3bd-4267-8749-707c4202e862	9	76200047	77012483	674	-0.505
1f28ffc1-c3bd-4267-8749-707c4202e862	9	77021510	77247586	162	0.4972
1f28ffc1-c3bd-4267-8749-707c4202e862	9	77252935	86420437	6233	-0.4671
1f28ffc1-c3bd-4267-8749-707c4202e862	9	86420455	86420839	2	-1.9856
1f28ffc1-c3bd-4267-8749-707c4202e862	9	86420962	100557515	9069	-0.4817
1f28ffc1-c3bd-4267-8749-707c4202e862	9	100557555	107178199	4059	-0.4391
1f28ffc1-c3bd-4267-8749-707c4202e862	9	107178228	111837062	3664	-0.4716
1f28ffc1-c3bd-4267-8749-707c4202e862	9	111839190	115209876	2196	-0.5156
1f28ffc1-c3bd-4267-8749-707c4202e862	9	115209990	121831177	4768	-0.4614
1f28ffc1-c3bd-4267-8749-707c4202e862	9	121838096	138044505	8629	-0.5278
1f28ffc1-c3bd-4267-8749-707c4202e862	10	366509	5746645	3455	0.0495
1f28ffc1-c3bd-4267-8749-707c4202e862	10	5748457	8570389	2303	0.0104
1f28ffc1-c3bd-4267-8749-707c4202e862	10	8571931	10718939	1526	0.0729
1f28ffc1-c3bd-4267-8749-707c4202e862	10	10720597	18914556	6259	0.0175
1f28ffc1-c3bd-4267-8749-707c4202e862	10	18915053	20843658	1475	0.0895
1f28ffc1-c3bd-4267-8749-707c4202e862	10	20843671	51010763	14874	0.0379
1f28ffc1-c3bd-4267-8749-707c4202e862	10	51011581	56456802	3202	0.0827
1f28ffc1-c3bd-4267-8749-707c4202e862	10	56458982	56460920	2	-1.1899
1f28ffc1-c3bd-4267-8749-707c4202e862	10	56462349	62333787	3982	0.0896
1f28ffc1-c3bd-4267-8749-707c4202e862	10	62335646	64100250	1079	0.0333
1f28ffc1-c3bd-4267-8749-707c4202e862	10	64103529	67269973	1654	0.0837
1f28ffc1-c3bd-4267-8749-707c4202e862	10	67270090	75497307	4577	0.0051
1f28ffc1-c3bd-4267-8749-707c4202e862	10	75497504	96154058	13144	0.0525
1f28ffc1-c3bd-4267-8749-707c4202e862	10	96154520	98211021	1372	-0.0069
1f28ffc1-c3bd-4267-8749-707c4202e862	10	98213629	100558547	1369	0.0378
1f28ffc1-c3bd-4267-8749-707c4202e862	10	100558827	103988144	1626	-0.0182
1f28ffc1-c3bd-4267-8749-707c4202e862	10	103988544	132044659	19033	0.0508
1f28ffc1-c3bd-4267-8749-707c4202e862	10	132044707	133411599	404	0.0063
1f28ffc1-c3bd-4267-8749-707c4202e862	11	456012	14977216	8908	-0.1756
1f28ffc1-c3bd-4267-8749-707c4202e862	11	14977643	23796371	6288	-0.1321
1f28ffc1-c3bd-4267-8749-707c4202e862	11	23798880	23893892	60	0.394
1f28ffc1-c3bd-4267-8749-707c4202e862	11	23894197	43934213	12504	-0.1222
1f28ffc1-c3bd-4267-8749-707c4202e862	11	43934233	48283832	2455	-0.1808
1f28ffc1-c3bd-4267-8749-707c4202e862	11	48290696	49785939	360	-0.0984
1f28ffc1-c3bd-4267-8749-707c4202e862	11	49786341	50092125	103	-0.1707
1f28ffc1-c3bd-4267-8749-707c4202e862	11	50096159	60409205	2388	0.1166
1f28ffc1-c3bd-4267-8749-707c4202e862	11	60409659	67526837	2717	0.0546
1f28ffc1-c3bd-4267-8749-707c4202e862	11	67529387	71889740	2031	0.0948
1f28ffc1-c3bd-4267-8749-707c4202e862	11	71899719	74127307	1040	0.0453
1f28ffc1-c3bd-4267-8749-707c4202e862	11	74131564	78875534	2650	0.0979
1f28ffc1-c3bd-4267-8749-707c4202e862	11	78883702	87102076	5281	0.1382
1f28ffc1-c3bd-4267-8749-707c4202e862	11	87105396	106816202	12241	0.1623
1f28ffc1-c3bd-4267-8749-707c4202e862	11	106822668	115425315	5501	0.1323
1f28ffc1-c3bd-4267-8749-707c4202e862	11	115426940	116810292	1064	0.1032
1f28ffc1-c3bd-4267-8749-707c4202e862	11	116812778	116814051	4	-0.6352
1f28ffc1-c3bd-4267-8749-707c4202e862	11	116819862	116989740	111	0.1284
1f28ffc1-c3bd-4267-8749-707c4202e862	11	116989769	119612120	1699	0.0652
1f28ffc1-c3bd-4267-8749-707c4202e862	11	119613029	134272740	10217	0.1139
1f28ffc1-c3bd-4267-8749-707c4202e862	12	780472	12851477	6747	0.3529
1f28ffc1-c3bd-4267-8749-707c4202e862	12	12856488	15151011	1474	0.0396
1f28ffc1-c3bd-4267-8749-707c4202e862	12	15151476	24289759	5651	0.0797
1f28ffc1-c3bd-4267-8749-707c4202e862	12	24289765	27703493	2233	0.0363
1f28ffc1-c3bd-4267-8749-707c4202e862	12	27704162	30813954	2092	0.08
1f28ffc1-c3bd-4267-8749-707c4202e862	12	30814274	47695758	6443	0.0334
1f28ffc1-c3bd-4267-8749-707c4202e862	12	47699032	57909752	5259	-0.014
1f28ffc1-c3bd-4267-8749-707c4202e862	12	57914390	63440504	3567	0.0679
1f28ffc1-c3bd-4267-8749-707c4202e862	12	63442814	69883526	4093	0.0288
1f28ffc1-c3bd-4267-8749-707c4202e862	12	69884103	77504455	4506	0.0563
1f28ffc1-c3bd-4267-8749-707c4202e862	12	77504575	88947069	6673	0.0872
1f28ffc1-c3bd-4267-8749-707c4202e862	12	88947451	105995063	11197	0.0402
1f28ffc1-c3bd-4267-8749-707c4202e862	12	105995093	119640136	8355	0.0042
1f28ffc1-c3bd-4267-8749-707c4202e862	12	119640772	125216538	2684	-0.0319
1f28ffc1-c3bd-4267-8749-707c4202e862	12	125216625	126782826	1073	0.0557
1f28ffc1-c3bd-4267-8749-707c4202e862	12	126783528	132605822	2327	0.0061
1f28ffc1-c3bd-4267-8749-707c4202e862	13	18874255	31101536	7482	-0.4896
1f28ffc1-c3bd-4267-8749-707c4202e862	13	31101680	49322427	11936	-0.4577
1f28ffc1-c3bd-4267-8749-707c4202e862	13	49325232	53343095	1452	-0.4802
1f28ffc1-c3bd-4267-8749-707c4202e862	13	53343571	94193793	23046	-0.4275
1f28ffc1-c3bd-4267-8749-707c4202e862	13	94194816	110208619	10988	-0.4677
1f28ffc1-c3bd-4267-8749-707c4202e862	13	110209956	114226675	2089	-0.5161
1f28ffc1-c3bd-4267-8749-707c4202e862	14	20033191	24394015	1711	0.0543
1f28ffc1-c3bd-4267-8749-707c4202e862	14	24394307	33920717	5865	0.1209
1f28ffc1-c3bd-4267-8749-707c4202e862	14	33924171	35993297	1024	0.0666
1f28ffc1-c3bd-4267-8749-707c4202e862	14	35993321	49419283	6563	0.1285
1f28ffc1-c3bd-4267-8749-707c4202e862	14	49420605	51248492	1042	0.0633
1f28ffc1-c3bd-4267-8749-707c4202e862	14	51249470	63055944	7724	0.1103
1f28ffc1-c3bd-4267-8749-707c4202e862	14	63056017	78026365	8986	0.0725
1f28ffc1-c3bd-4267-8749-707c4202e862	14	78026963	87649176	6278	0.1339
1f28ffc1-c3bd-4267-8749-707c4202e862	14	87651782	97178492	6182	0.0729
1f28ffc1-c3bd-4267-8749-707c4202e862	14	97179284	97186973	2	-1.0068
1f28ffc1-c3bd-4267-8749-707c4202e862	14	97194864	105533894	4436	0.0529
1f28ffc1-c3bd-4267-8749-707c4202e862	15	23437561	35443103	5202	0.0669
1f28ffc1-c3bd-4267-8749-707c4202e862	15	35446523	36252559	578	0.135
1f28ffc1-c3bd-4267-8749-707c4202e862	15	36260119	37941126	1172	0.0563
1f28ffc1-c3bd-4267-8749-707c4202e862	15	37943320	40162149	1515	0.0234
1f28ffc1-c3bd-4267-8749-707c4202e862	15	40162927	45185465	2140	-0.0259
1f28ffc1-c3bd-4267-8749-707c4202e862	15	45190477	58802578	8642	0.0215
1f28ffc1-c3bd-4267-8749-707c4202e862	15	58802867	63101728	3334	0.4221
1f28ffc1-c3bd-4267-8749-707c4202e862	15	63104102	71134282	4763	0.3864
1f28ffc1-c3bd-4267-8749-707c4202e862	15	71134681	72610997	862	0.4423
1f28ffc1-c3bd-4267-8749-707c4202e862	15	72670944	73461763	443	0.094
1f28ffc1-c3bd-4267-8749-707c4202e862	15	73473731	79070853	2684	0.0576
1f28ffc1-c3bd-4267-8749-707c4202e862	15	79074182	92842941	8549	0.0929
1f28ffc1-c3bd-4267-8749-707c4202e862	15	92843533	98280174	3314	0.1344
1f28ffc1-c3bd-4267-8749-707c4202e862	15	98280536	101344124	1616	0.0899
1f28ffc1-c3bd-4267-8749-707c4202e862	16	603333	5051633	1682	-0.0345
1f28ffc1-c3bd-4267-8749-707c4202e862	16	5053918	20773171	7656	0.0267
1f28ffc1-c3bd-4267-8749-707c4202e862	16	20776448	24034273	1098	-0.0185
1f28ffc1-c3bd-4267-8749-707c4202e862	16	24038334	27257863	2314	0.3857
1f28ffc1-c3bd-4267-8749-707c4202e862	16	27263619	27778955	251	0.663
1f28ffc1-c3bd-4267-8749-707c4202e862	16	27783028	29410386	464	0.3524
1f28ffc1-c3bd-4267-8749-707c4202e862	16	29411088	46640072	625	-0.0271
1f28ffc1-c3bd-4267-8749-707c4202e862	16	46646301	51214597	2698	0.046
1f28ffc1-c3bd-4267-8749-707c4202e862	16	51214625	55562377	3380	0.0831
1f28ffc1-c3bd-4267-8749-707c4202e862	16	55564810	59025636	2112	0.0442
1f28ffc1-c3bd-4267-8749-707c4202e862	16	59027965	63717178	2885	0.1059
1f28ffc1-c3bd-4267-8749-707c4202e862	16	63717650	65627690	1356	0.0491
1f28ffc1-c3bd-4267-8749-707c4202e862	16	65631055	70731244	2489	-0.0259
1f28ffc1-c3bd-4267-8749-707c4202e862	16	70732621	75845423	2672	0.0052
1f28ffc1-c3bd-4267-8749-707c4202e862	16	75852230	77028365	855	0.0659
1f28ffc1-c3bd-4267-8749-707c4202e862	16	77028468	83648348	5825	0.0114
1f28ffc1-c3bd-4267-8749-707c4202e862	16	83648919	89317317	2871	-0.0335
1f28ffc1-c3bd-4267-8749-707c4202e862	17	1074619	26943491	9742	-0.5154
1f28ffc1-c3bd-4267-8749-707c4202e862	17	26943774	33538834	3272	0.0659
1f28ffc1-c3bd-4267-8749-707c4202e862	17	33539048	33540706	2	-1.3135
1f28ffc1-c3bd-4267-8749-707c4202e862	17	33540848	43862087	4336	0.0505
1f28ffc1-c3bd-4267-8749-707c4202e862	17	43868812	43914607	31	-0.4945
1f28ffc1-c3bd-4267-8749-707c4202e862	17	43915353	51530058	2933	0.0425
1f28ffc1-c3bd-4267-8749-707c4202e862	17	51530264	56755722	3511	0.1287
1f28ffc1-c3bd-4267-8749-707c4202e862	17	56755987	68569845	6167	0.068
1f28ffc1-c3bd-4267-8749-707c4202e862	17	68569922	74779115	3903	0.1121
1f28ffc1-c3bd-4267-8749-707c4202e862	17	74780212	82959812	3405	0.047
1f28ffc1-c3bd-4267-8749-707c4202e862	18	326691	2872653	900	0.1639
1f28ffc1-c3bd-4267-8749-707c4202e862	18	2872681	3739937	564	0.0769
1f28ffc1-c3bd-4267-8749-707c4202e862	18	3740373	4939270	882	0.1371
1f28ffc1-c3bd-4267-8749-707c4202e862	18	4940471	13305083	5319	0.0672
1f28ffc1-c3bd-4267-8749-707c4202e862	18	13308036	13335253	27	-0.2176
1f28ffc1-c3bd-4267-8749-707c4202e862	18	13337560	25505168	3137	0.068
1f28ffc1-c3bd-4267-8749-707c4202e862	18	25506343	26902090	917	0.0981
1f28ffc1-c3bd-4267-8749-707c4202e862	18	26902588	30805332	2310	0.1354
1f28ffc1-c3bd-4267-8749-707c4202e862	18	30810753	44848759	8469	0.0929
1f28ffc1-c3bd-4267-8749-707c4202e862	18	44849645	51720830	4756	0.0617
1f28ffc1-c3bd-4267-8749-707c4202e862	18	51721111	54937456	2054	0.1019
1f28ffc1-c3bd-4267-8749-707c4202e862	18	54944905	63897279	5888	-0.3794
1f28ffc1-c3bd-4267-8749-707c4202e862	18	63902078	69774220	3108	-0.3443
1f28ffc1-c3bd-4267-8749-707c4202e862	18	69776010	77663558	3656	-0.4003
1f28ffc1-c3bd-4267-8749-707c4202e862	18	77666415	78974830	779	0.0703
1f28ffc1-c3bd-4267-8749-707c4202e862	18	78975000	79051843	53	-0.089
1f28ffc1-c3bd-4267-8749-707c4202e862	18	79052222	79349796	160	0.0596
1f28ffc1-c3bd-4267-8749-707c4202e862	19	283868	4406163	1002	-0.5382
1f28ffc1-c3bd-4267-8749-707c4202e862	19	4673369	7484395	1132	0.0222
1f28ffc1-c3bd-4267-8749-707c4202e862	19	7487939	19186758	5340	-0.5225
1f28ffc1-c3bd-4267-8749-707c4202e862	19	19186772	27757509	1591	-0.462
1f28ffc1-c3bd-4267-8749-707c4202e862	19	27757658	34398644	4690	0.0296
1f28ffc1-c3bd-4267-8749-707c4202e862	19	34399852	34818915	263	-0.4889
1f28ffc1-c3bd-4267-8749-707c4202e862	19	34820748	58370362	10146	0.367
1f28ffc1-c3bd-4267-8749-707c4202e862	20	472817	6094863	3373	0.0636
1f28ffc1-c3bd-4267-8749-707c4202e862	20	6097260	17302765	7617	0.1323
1f28ffc1-c3bd-4267-8749-707c4202e862	20	17302981	31454257	6083	0.0967
1f28ffc1-c3bd-4267-8749-707c4202e862	20	31457840	39281135	4047	0.0425
1f28ffc1-c3bd-4267-8749-707c4202e862	20	39281349	42984431	2626	0.1038
1f28ffc1-c3bd-4267-8749-707c4202e862	20	42984586	52243295	5989	0.0603
1f28ffc1-c3bd-4267-8749-707c4202e862	20	52243776	63588502	7845	0.0849
1f28ffc1-c3bd-4267-8749-707c4202e862	21	13974127	14209281	98	0.0257
1f28ffc1-c3bd-4267-8749-707c4202e862	21	14210922	31042617	10820	0.1027
1f28ffc1-c3bd-4267-8749-707c4202e862	21	31042819	36062147	3406	0.0482
1f28ffc1-c3bd-4267-8749-707c4202e862	21	36064338	36088959	10	-0.4124
1f28ffc1-c3bd-4267-8749-707c4202e862	21	36090867	41630669	4166	0.0556
1f28ffc1-c3bd-4267-8749-707c4202e862	21	41633629	46198795	2068	-0.0104
1f28ffc1-c3bd-4267-8749-707c4202e862	21	46203067	46262057	38	0.0828
1f28ffc1-c3bd-4267-8749-707c4202e862	22	16934932	37439541	10126	0.0843
1f28ffc1-c3bd-4267-8749-707c4202e862	22	37446780	42351273	2346	0.0478
1f28ffc1-c3bd-4267-8749-707c4202e862	22	42354612	48940621	4627	0.0788
1f28ffc1-c3bd-4267-8749-707c4202e862	X	3236359	55894755	23124	-0.041
1f28ffc1-c3bd-4267-8749-707c4202e862	X	55895356	152638804	40405	0.0224
1f28ffc1-c3bd-4267-8749-707c4202e862	X	152638872	155677414	417	-0.0525
