GDC_Aliquot	Chromosome	Start	End	Num_Probes	Segment_Mean
b985fa26-fc29-4a61-8051-fcd9d723e29e	1	3301765	7867396	2958	-0.3836
b985fa26-fc29-4a61-8051-fcd9d723e29e	1	7867450	13674974	2565	-0.426
b985fa26-fc29-4a61-8051-fcd9d723e29e	1	13676749	19446353	3520	-0.3719
b985fa26-fc29-4a61-8051-fcd9d723e29e	1	19446939	19448998	2	-2.6779
b985fa26-fc29-4a61-8051-fcd9d723e29e	1	19449072	24624303	2873	-0.3928
b985fa26-fc29-4a61-8051-fcd9d723e29e	1	24625978	28564850	1578	-0.443
b985fa26-fc29-4a61-8051-fcd9d723e29e	1	28568638	31148580	1492	-0.3627
b985fa26-fc29-4a61-8051-fcd9d723e29e	1	31150820	31152499	2	-3.1285
b985fa26-fc29-4a61-8051-fcd9d723e29e	1	31152542	32414093	563	-0.4153
b985fa26-fc29-4a61-8051-fcd9d723e29e	1	32417542	32507670	30	1.9924
b985fa26-fc29-4a61-8051-fcd9d723e29e	1	32508317	46441668	7490	1.0385
b985fa26-fc29-4a61-8051-fcd9d723e29e	1	46446249	50928422	2406	-0.3603
b985fa26-fc29-4a61-8051-fcd9d723e29e	1	50929560	55254764	2350	-0.4054
b985fa26-fc29-4a61-8051-fcd9d723e29e	1	55254782	74920024	13120	-0.3552
b985fa26-fc29-4a61-8051-fcd9d723e29e	1	74921253	76269846	888	0.5019
b985fa26-fc29-4a61-8051-fcd9d723e29e	1	76273458	84613346	4986	-0.3294
b985fa26-fc29-4a61-8051-fcd9d723e29e	1	84613727	94883114	6428	-0.3764
b985fa26-fc29-4a61-8051-fcd9d723e29e	1	94883353	97557609	1651	-0.3293
b985fa26-fc29-4a61-8051-fcd9d723e29e	1	97560261	97564906	4	-1.8811
b985fa26-fc29-4a61-8051-fcd9d723e29e	1	97565044	100351723	1674	-0.3462
b985fa26-fc29-4a61-8051-fcd9d723e29e	1	100356474	100357491	3	-1.9545
b985fa26-fc29-4a61-8051-fcd9d723e29e	1	100359037	108552214	4436	-0.3388
b985fa26-fc29-4a61-8051-fcd9d723e29e	1	108552580	112242649	2333	-0.3983
b985fa26-fc29-4a61-8051-fcd9d723e29e	1	112242712	112244774	3	-1.6276
b985fa26-fc29-4a61-8051-fcd9d723e29e	1	112245488	117850275	3525	-0.3819
b985fa26-fc29-4a61-8051-fcd9d723e29e	1	117850340	119984772	1236	-0.336
b985fa26-fc29-4a61-8051-fcd9d723e29e	1	146716041	152376602	1027	0.3757
b985fa26-fc29-4a61-8051-fcd9d723e29e	1	152377208	156374120	1988	0.4528
b985fa26-fc29-4a61-8051-fcd9d723e29e	1	156375401	160185135	2421	0.5123
b985fa26-fc29-4a61-8051-fcd9d723e29e	1	160189313	161933744	925	0.4545
b985fa26-fc29-4a61-8051-fcd9d723e29e	1	161933893	163551883	1376	0.5255
b985fa26-fc29-4a61-8051-fcd9d723e29e	1	163554603	164866103	884	0.5885
b985fa26-fc29-4a61-8051-fcd9d723e29e	1	164866448	164866680	2	1.703
b985fa26-fc29-4a61-8051-fcd9d723e29e	1	164868642	165452405	562	0.5646
b985fa26-fc29-4a61-8051-fcd9d723e29e	1	165452421	176855566	7305	0.501
b985fa26-fc29-4a61-8051-fcd9d723e29e	1	176856777	178652420	1181	0.5784
b985fa26-fc29-4a61-8051-fcd9d723e29e	1	178655594	186699999	5260	0.5028
b985fa26-fc29-4a61-8051-fcd9d723e29e	1	186700123	199202675	7275	0.5357
b985fa26-fc29-4a61-8051-fcd9d723e29e	1	199202699	207778376	5428	0.4627
b985fa26-fc29-4a61-8051-fcd9d723e29e	1	207779312	210817195	2401	0.5122
b985fa26-fc29-4a61-8051-fcd9d723e29e	1	210818448	213249883	1446	0.4493
b985fa26-fc29-4a61-8051-fcd9d723e29e	1	213254690	216851065	2553	0.5313
b985fa26-fc29-4a61-8051-fcd9d723e29e	1	216851589	223443840	4329	0.4918
b985fa26-fc29-4a61-8051-fcd9d723e29e	1	223446392	223863737	249	0.5349
b985fa26-fc29-4a61-8051-fcd9d723e29e	1	223863935	232422006	5107	0.4623
b985fa26-fc29-4a61-8051-fcd9d723e29e	1	232425071	232451562	32	1.0068
b985fa26-fc29-4a61-8051-fcd9d723e29e	1	232456179	237013029	3242	0.482
b985fa26-fc29-4a61-8051-fcd9d723e29e	1	237013136	237038520	22	-0.0252
b985fa26-fc29-4a61-8051-fcd9d723e29e	1	237043889	241846770	3736	0.5179
b985fa26-fc29-4a61-8051-fcd9d723e29e	1	241846942	247650984	2921	0.4685
b985fa26-fc29-4a61-8051-fcd9d723e29e	2	480597	18287302	11579	0.2198
b985fa26-fc29-4a61-8051-fcd9d723e29e	2	18289493	23826583	3697	0.2582
b985fa26-fc29-4a61-8051-fcd9d723e29e	2	23826664	29024979	2328	0.1839
b985fa26-fc29-4a61-8051-fcd9d723e29e	2	29025738	34703918	3341	0.2318
b985fa26-fc29-4a61-8051-fcd9d723e29e	2	34706468	34706510	2	-0.7728
b985fa26-fc29-4a61-8051-fcd9d723e29e	2	34707772	36822144	1202	0.247
b985fa26-fc29-4a61-8051-fcd9d723e29e	2	36822420	48607132	7032	0.2092
b985fa26-fc29-4a61-8051-fcd9d723e29e	2	48607301	60480453	6634	0.2392
b985fa26-fc29-4a61-8051-fcd9d723e29e	2	60480541	65768063	2682	0.1795
b985fa26-fc29-4a61-8051-fcd9d723e29e	2	65768377	67780846	1519	0.2497
b985fa26-fc29-4a61-8051-fcd9d723e29e	2	67784610	75155237	4174	0.1869
b985fa26-fc29-4a61-8051-fcd9d723e29e	2	75155265	84921963	5263	0.2469
b985fa26-fc29-4a61-8051-fcd9d723e29e	2	84925467	99757235	3097	0.174
b985fa26-fc29-4a61-8051-fcd9d723e29e	2	99758108	108390953	5491	0.2065
b985fa26-fc29-4a61-8051-fcd9d723e29e	2	108397234	113105612	1950	0.1701
b985fa26-fc29-4a61-8051-fcd9d723e29e	2	113109814	113161924	25	0.7801
b985fa26-fc29-4a61-8051-fcd9d723e29e	2	113162939	177243462	35636	0.207
b985fa26-fc29-4a61-8051-fcd9d723e29e	2	177249904	177472984	126	-1.144
b985fa26-fc29-4a61-8051-fcd9d723e29e	2	177476574	181287104	2357	0.1998
b985fa26-fc29-4a61-8051-fcd9d723e29e	2	181287425	181288401	3	-1.0691
b985fa26-fc29-4a61-8051-fcd9d723e29e	2	181292063	192248799	5470	0.2007
b985fa26-fc29-4a61-8051-fcd9d723e29e	2	192250115	192415600	99	-1.1586
b985fa26-fc29-4a61-8051-fcd9d723e29e	2	192419478	193091885	176	0.2009
b985fa26-fc29-4a61-8051-fcd9d723e29e	2	193099570	193527980	179	-1.0712
b985fa26-fc29-4a61-8051-fcd9d723e29e	2	193529380	200436168	3445	0.1972
b985fa26-fc29-4a61-8051-fcd9d723e29e	2	200438287	203725348	1568	0.1525
b985fa26-fc29-4a61-8051-fcd9d723e29e	2	203725612	218321391	9155	0.2059
b985fa26-fc29-4a61-8051-fcd9d723e29e	2	218326343	219051149	330	0.1141
b985fa26-fc29-4a61-8051-fcd9d723e29e	2	219051564	230046220	6967	0.2102
b985fa26-fc29-4a61-8051-fcd9d723e29e	2	230046247	232967800	1406	0.1539
b985fa26-fc29-4a61-8051-fcd9d723e29e	2	232968540	241266056	5197	0.202
b985fa26-fc29-4a61-8051-fcd9d723e29e	2	241269377	241415487	68	-0.4108
b985fa26-fc29-4a61-8051-fcd9d723e29e	2	241415952	241537572	81	0.107
b985fa26-fc29-4a61-8051-fcd9d723e29e	3	2170634	9036212	4006	-0.4057
b985fa26-fc29-4a61-8051-fcd9d723e29e	3	9036436	14508863	3508	-0.4575
b985fa26-fc29-4a61-8051-fcd9d723e29e	3	14509936	14513708	4	-1.7533
b985fa26-fc29-4a61-8051-fcd9d723e29e	3	14516649	17549761	1958	-0.4737
b985fa26-fc29-4a61-8051-fcd9d723e29e	3	17551244	42370524	14687	-0.4236
b985fa26-fc29-4a61-8051-fcd9d723e29e	3	42373412	53762060	5471	-0.4743
b985fa26-fc29-4a61-8051-fcd9d723e29e	3	53762307	54934679	868	-0.4017
b985fa26-fc29-4a61-8051-fcd9d723e29e	3	54936955	55119187	176	-0.5605
b985fa26-fc29-4a61-8051-fcd9d723e29e	3	55121751	56848510	1229	-0.4064
b985fa26-fc29-4a61-8051-fcd9d723e29e	3	56849462	59439065	1422	-0.467
b985fa26-fc29-4a61-8051-fcd9d723e29e	3	59439924	64438428	2857	-0.4083
b985fa26-fc29-4a61-8051-fcd9d723e29e	3	64439297	64439342	2	-2.3542
b985fa26-fc29-4a61-8051-fcd9d723e29e	3	64441426	70937857	4697	-0.3938
b985fa26-fc29-4a61-8051-fcd9d723e29e	3	70939584	73008543	1465	-0.4774
b985fa26-fc29-4a61-8051-fcd9d723e29e	3	73008901	91462299	8910	-0.3973
b985fa26-fc29-4a61-8051-fcd9d723e29e	3	94015345	118403969	13847	0.9572
b985fa26-fc29-4a61-8051-fcd9d723e29e	3	118404427	143886989	14260	1.2679
b985fa26-fc29-4a61-8051-fcd9d723e29e	3	143888316	179169846	18018	1.2931
b985fa26-fc29-4a61-8051-fcd9d723e29e	3	179174436	179174457	2	-0.3004
b985fa26-fc29-4a61-8051-fcd9d723e29e	3	179174560	179781217	410	1.212
b985fa26-fc29-4a61-8051-fcd9d723e29e	3	179781427	182918821	1644	1.3243
b985fa26-fc29-4a61-8051-fcd9d723e29e	3	182919334	188698019	3183	1.2407
b985fa26-fc29-4a61-8051-fcd9d723e29e	3	188701738	194773244	3786	1.2903
b985fa26-fc29-4a61-8051-fcd9d723e29e	3	194774232	197812401	784	1.2437
b985fa26-fc29-4a61-8051-fcd9d723e29e	4	1059384	37797986	22885	-0.3978
b985fa26-fc29-4a61-8051-fcd9d723e29e	4	37798113	37798618	4	-3.449
b985fa26-fc29-4a61-8051-fcd9d723e29e	4	37801730	52866891	6020	-0.4112
b985fa26-fc29-4a61-8051-fcd9d723e29e	4	52867439	53355461	268	-1.2006
b985fa26-fc29-4a61-8051-fcd9d723e29e	4	53358782	61541609	5221	-0.398
b985fa26-fc29-4a61-8051-fcd9d723e29e	4	61541880	61543437	2	-2.3001
b985fa26-fc29-4a61-8051-fcd9d723e29e	4	61547349	187842528	69099	-0.4028
b985fa26-fc29-4a61-8051-fcd9d723e29e	5	913983	1937809	151	0.3182
b985fa26-fc29-4a61-8051-fcd9d723e29e	5	1938512	31396745	18144	0.3877
b985fa26-fc29-4a61-8051-fcd9d723e29e	5	31401521	45383300	7854	0.3568
b985fa26-fc29-4a61-8051-fcd9d723e29e	5	50828231	56817615	3788	-0.3676
b985fa26-fc29-4a61-8051-fcd9d723e29e	5	56818023	56818089	2	-1.9252
b985fa26-fc29-4a61-8051-fcd9d723e29e	5	56819209	59002533	1419	-0.3466
b985fa26-fc29-4a61-8051-fcd9d723e29e	5	59005784	59005957	2	-2.0695
b985fa26-fc29-4a61-8051-fcd9d723e29e	5	59006663	74514479	8080	-0.3697
b985fa26-fc29-4a61-8051-fcd9d723e29e	5	74514605	82255853	4492	-0.4072
b985fa26-fc29-4a61-8051-fcd9d723e29e	5	82256578	83932171	1021	-0.3561
b985fa26-fc29-4a61-8051-fcd9d723e29e	5	83932278	83934708	3	-1.9551
b985fa26-fc29-4a61-8051-fcd9d723e29e	5	83935934	101605018	8484	-0.3716
b985fa26-fc29-4a61-8051-fcd9d723e29e	5	101606706	131047957	17044	-0.2454
b985fa26-fc29-4a61-8051-fcd9d723e29e	5	131048521	134915908	2247	-0.3
b985fa26-fc29-4a61-8051-fcd9d723e29e	5	134915993	137553118	1877	-0.2439
b985fa26-fc29-4a61-8051-fcd9d723e29e	5	137559336	143504981	3064	-0.3081
b985fa26-fc29-4a61-8051-fcd9d723e29e	5	143507744	149175727	3664	-0.2396
b985fa26-fc29-4a61-8051-fcd9d723e29e	5	149176362	151138971	1286	-0.3139
b985fa26-fc29-4a61-8051-fcd9d723e29e	5	151139427	155281249	2749	-0.249
b985fa26-fc29-4a61-8051-fcd9d723e29e	5	155283350	155284297	2	-2.3757
b985fa26-fc29-4a61-8051-fcd9d723e29e	5	155289383	160423496	3390	-0.2558
b985fa26-fc29-4a61-8051-fcd9d723e29e	5	160430521	160430757	2	-2.3587
b985fa26-fc29-4a61-8051-fcd9d723e29e	5	160432451	171281698	7220	-0.2427
b985fa26-fc29-4a61-8051-fcd9d723e29e	5	171282174	180934240	5166	-0.2951
b985fa26-fc29-4a61-8051-fcd9d723e29e	6	1011760	6854533	4312	0.0676
b985fa26-fc29-4a61-8051-fcd9d723e29e	6	6857036	6857087	2	-1.5193
b985fa26-fc29-4a61-8051-fcd9d723e29e	6	6859093	9035818	1625	0.0655
b985fa26-fc29-4a61-8051-fcd9d723e29e	6	9042023	9042981	3	-1.046
b985fa26-fc29-4a61-8051-fcd9d723e29e	6	9045696	10251992	831	0.0962
b985fa26-fc29-4a61-8051-fcd9d723e29e	6	10253380	18401332	5491	0.0447
b985fa26-fc29-4a61-8051-fcd9d723e29e	6	18401377	21502537	2248	0.0912
b985fa26-fc29-4a61-8051-fcd9d723e29e	6	21502987	21503503	2	-2.1003
b985fa26-fc29-4a61-8051-fcd9d723e29e	6	21506195	22903102	1054	0.0946
b985fa26-fc29-4a61-8051-fcd9d723e29e	6	22905088	22905603	4	0.9207
b985fa26-fc29-4a61-8051-fcd9d723e29e	6	22909104	24506826	1126	0.0809
b985fa26-fc29-4a61-8051-fcd9d723e29e	6	24507023	38329775	5709	0.025
b985fa26-fc29-4a61-8051-fcd9d723e29e	6	38329914	41403380	2330	0.0862
b985fa26-fc29-4a61-8051-fcd9d723e29e	6	41404297	44305965	1552	0.0278
b985fa26-fc29-4a61-8051-fcd9d723e29e	6	44307826	62707665	8350	0.1035
b985fa26-fc29-4a61-8051-fcd9d723e29e	6	62710405	62710458	2	1.5137
b985fa26-fc29-4a61-8051-fcd9d723e29e	6	62712100	86760397	13484	0.1055
b985fa26-fc29-4a61-8051-fcd9d723e29e	6	86764378	89996498	1957	0.064
b985fa26-fc29-4a61-8051-fcd9d723e29e	6	89996650	105212164	8096	0.1147
b985fa26-fc29-4a61-8051-fcd9d723e29e	6	105214237	112112794	4238	0.0664
b985fa26-fc29-4a61-8051-fcd9d723e29e	6	112113673	123914544	6414	0.11
b985fa26-fc29-4a61-8051-fcd9d723e29e	6	123914649	123915173	5	-2.3943
b985fa26-fc29-4a61-8051-fcd9d723e29e	6	123915590	131092649	4480	0.107
b985fa26-fc29-4a61-8051-fcd9d723e29e	6	131097404	131101423	3	-0.9288
b985fa26-fc29-4a61-8051-fcd9d723e29e	6	131109681	134229211	2075	0.0922
b985fa26-fc29-4a61-8051-fcd9d723e29e	6	134229617	134234524	3	-1.2459
b985fa26-fc29-4a61-8051-fcd9d723e29e	6	134235994	169569137	21447	0.0873
b985fa26-fc29-4a61-8051-fcd9d723e29e	6	169569180	170596889	352	0.0464
b985fa26-fc29-4a61-8051-fcd9d723e29e	7	664936	687759	7	0.3147
b985fa26-fc29-4a61-8051-fcd9d723e29e	7	692024	4437381	1448	0.0983
b985fa26-fc29-4a61-8051-fcd9d723e29e	7	4437393	8103297	1701	0.0191
b985fa26-fc29-4a61-8051-fcd9d723e29e	7	8105248	22846587	8446	0.0965
b985fa26-fc29-4a61-8051-fcd9d723e29e	7	22847466	23995508	717	0.015
b985fa26-fc29-4a61-8051-fcd9d723e29e	7	24000259	24000764	2	2.3523
b985fa26-fc29-4a61-8051-fcd9d723e29e	7	24001198	31615074	5074	0.0646
b985fa26-fc29-4a61-8051-fcd9d723e29e	7	31617158	31618020	4	-2.0355
b985fa26-fc29-4a61-8051-fcd9d723e29e	7	31619054	32792513	840	0.089
b985fa26-fc29-4a61-8051-fcd9d723e29e	7	32796488	32827035	7	0.5891
b985fa26-fc29-4a61-8051-fcd9d723e29e	7	32827111	57876479	15348	-0.0219
b985fa26-fc29-4a61-8051-fcd9d723e29e	7	63672748	67457203	981	0.3253
b985fa26-fc29-4a61-8051-fcd9d723e29e	7	67457247	72853922	3102	0.3805
b985fa26-fc29-4a61-8051-fcd9d723e29e	7	72854426	73919095	226	0.2817
b985fa26-fc29-4a61-8051-fcd9d723e29e	7	73926195	73926413	2	-1.1108
b985fa26-fc29-4a61-8051-fcd9d723e29e	7	73928822	77920465	1144	0.3198
b985fa26-fc29-4a61-8051-fcd9d723e29e	7	77920589	97870806	11007	0.3875
b985fa26-fc29-4a61-8051-fcd9d723e29e	7	97870817	103432920	2025	0.3049
b985fa26-fc29-4a61-8051-fcd9d723e29e	7	103436244	149273108	25179	0.368
b985fa26-fc29-4a61-8051-fcd9d723e29e	7	149273588	158592540	4721	0.3092
b985fa26-fc29-4a61-8051-fcd9d723e29e	8	667625	28409656	16622	-1.071
b985fa26-fc29-4a61-8051-fcd9d723e29e	8	28412894	30978482	1489	-0.2048
b985fa26-fc29-4a61-8051-fcd9d723e29e	8	30979628	42038820	6270	-0.0506
b985fa26-fc29-4a61-8051-fcd9d723e29e	8	42040342	43080575	575	-0.131
b985fa26-fc29-4a61-8051-fcd9d723e29e	8	46547532	57165988	5750	0.3882
b985fa26-fc29-4a61-8051-fcd9d723e29e	8	57168249	57168524	2	-1.2911
b985fa26-fc29-4a61-8051-fcd9d723e29e	8	57169026	86970559	17162	0.3996
b985fa26-fc29-4a61-8051-fcd9d723e29e	8	86973879	86973894	2	-1.1002
b985fa26-fc29-4a61-8051-fcd9d723e29e	8	86974389	94923286	4522	0.3848
b985fa26-fc29-4a61-8051-fcd9d723e29e	8	94926730	95063093	80	-1.14
b985fa26-fc29-4a61-8051-fcd9d723e29e	8	95065147	98222253	2088	0.3698
b985fa26-fc29-4a61-8051-fcd9d723e29e	8	98222704	98269980	30	-0.2031
b985fa26-fc29-4a61-8051-fcd9d723e29e	8	98274148	102966644	2605	0.3615
b985fa26-fc29-4a61-8051-fcd9d723e29e	8	102966771	107928840	2699	0.4061
b985fa26-fc29-4a61-8051-fcd9d723e29e	8	107929477	111048761	1623	0.3616
b985fa26-fc29-4a61-8051-fcd9d723e29e	8	111049233	111143661	51	0.5926
b985fa26-fc29-4a61-8051-fcd9d723e29e	8	111145440	111269714	68	0.3201
b985fa26-fc29-4a61-8051-fcd9d723e29e	8	111290954	111447661	72	0.616
b985fa26-fc29-4a61-8051-fcd9d723e29e	8	111449015	111665276	120	0.3582
b985fa26-fc29-4a61-8051-fcd9d723e29e	8	111670860	127435304	9999	0.0048
b985fa26-fc29-4a61-8051-fcd9d723e29e	8	127440521	127441520	2	-1.2298
b985fa26-fc29-4a61-8051-fcd9d723e29e	8	127442177	133906015	4695	0.0066
b985fa26-fc29-4a61-8051-fcd9d723e29e	8	133906941	139849304	4542	0.0452
b985fa26-fc29-4a61-8051-fcd9d723e29e	8	139850304	144182542	1052	-0.0205
b985fa26-fc29-4a61-8051-fcd9d723e29e	9	789794	31929555	19197	-1.2468
b985fa26-fc29-4a61-8051-fcd9d723e29e	9	31930140	34272092	1505	1.4822
b985fa26-fc29-4a61-8051-fcd9d723e29e	9	34272260	35931228	822	0.7395
b985fa26-fc29-4a61-8051-fcd9d723e29e	9	35932405	35932811	2	-0.3992
b985fa26-fc29-4a61-8051-fcd9d723e29e	9	35933213	38752071	1896	0.7575
b985fa26-fc29-4a61-8051-fcd9d723e29e	9	68423153	69118752	620	-0.4104
b985fa26-fc29-4a61-8051-fcd9d723e29e	9	69125255	69127809	3	0.7352
b985fa26-fc29-4a61-8051-fcd9d723e29e	9	69131137	69734645	417	-0.4238
b985fa26-fc29-4a61-8051-fcd9d723e29e	9	69737687	101048393	20859	-0.3878
b985fa26-fc29-4a61-8051-fcd9d723e29e	9	101050558	109086762	5346	-0.3509
b985fa26-fc29-4a61-8051-fcd9d723e29e	9	109089475	114744694	3845	-0.3992
b985fa26-fc29-4a61-8051-fcd9d723e29e	9	114745118	120351841	4282	-0.3359
b985fa26-fc29-4a61-8051-fcd9d723e29e	9	120352912	123955089	2182	-0.3901
b985fa26-fc29-4a61-8051-fcd9d723e29e	9	123955122	134324562	5977	-0.4337
b985fa26-fc29-4a61-8051-fcd9d723e29e	9	134333257	134336524	2	-2.0613
b985fa26-fc29-4a61-8051-fcd9d723e29e	9	134337378	138044505	1336	-0.4293
b985fa26-fc29-4a61-8051-fcd9d723e29e	10	366509	14552420	10430	0.1674
b985fa26-fc29-4a61-8051-fcd9d723e29e	10	14556461	14556958	7	-1.3799
b985fa26-fc29-4a61-8051-fcd9d723e29e	10	14568102	26416903	8049	0.148
b985fa26-fc29-4a61-8051-fcd9d723e29e	10	26417120	32605408	4215	0.1091
b985fa26-fc29-4a61-8051-fcd9d723e29e	10	32605512	42450960	3574	0.144
b985fa26-fc29-4a61-8051-fcd9d723e29e	10	42452522	49868126	3474	0.0836
b985fa26-fc29-4a61-8051-fcd9d723e29e	10	50716389	61846733	7038	0.117
b985fa26-fc29-4a61-8051-fcd9d723e29e	10	61850423	63460758	980	0.0638
b985fa26-fc29-4a61-8051-fcd9d723e29e	10	63464296	67542727	2200	0.1076
b985fa26-fc29-4a61-8051-fcd9d723e29e	10	67543071	71659823	2666	0.0628
b985fa26-fc29-4a61-8051-fcd9d723e29e	10	71660981	75039021	1517	0.0198
b985fa26-fc29-4a61-8051-fcd9d723e29e	10	75041877	77602647	1878	0.0944
b985fa26-fc29-4a61-8051-fcd9d723e29e	10	77603630	77604806	4	-1.0036
b985fa26-fc29-4a61-8051-fcd9d723e29e	10	77609516	86341610	5854	0.0976
b985fa26-fc29-4a61-8051-fcd9d723e29e	10	86344979	103698275	9837	0.0582
b985fa26-fc29-4a61-8051-fcd9d723e29e	10	103700643	110247953	4323	0.0942
b985fa26-fc29-4a61-8051-fcd9d723e29e	10	110251072	110251726	3	-1.1748
b985fa26-fc29-4a61-8051-fcd9d723e29e	10	110252494	132724493	15173	0.0829
b985fa26-fc29-4a61-8051-fcd9d723e29e	10	132725466	133055089	16	0.1689
b985fa26-fc29-4a61-8051-fcd9d723e29e	10	133084562	133411599	102	0.4106
b985fa26-fc29-4a61-8051-fcd9d723e29e	11	456012	12923702	7541	-0.3911
b985fa26-fc29-4a61-8051-fcd9d723e29e	11	12924618	12924656	3	-1.7628
b985fa26-fc29-4a61-8051-fcd9d723e29e	11	12925155	14973318	1344	-0.3894
b985fa26-fc29-4a61-8051-fcd9d723e29e	11	14976660	14977057	2	-2.2597
b985fa26-fc29-4a61-8051-fcd9d723e29e	11	14977216	18634627	2340	-0.3789
b985fa26-fc29-4a61-8051-fcd9d723e29e	11	18634884	31610777	8699	-0.3443
b985fa26-fc29-4a61-8051-fcd9d723e29e	11	31611086	34806390	2040	-0.3925
b985fa26-fc29-4a61-8051-fcd9d723e29e	11	34806937	43611003	5560	-0.3431
b985fa26-fc29-4a61-8051-fcd9d723e29e	11	43614076	43767286	90	-0.4697
b985fa26-fc29-4a61-8051-fcd9d723e29e	11	43767887	60835825	5650	-0.3798
b985fa26-fc29-4a61-8051-fcd9d723e29e	11	60836174	75178781	6147	-0.4425
b985fa26-fc29-4a61-8051-fcd9d723e29e	11	75183475	75184208	4	-3.1327
b985fa26-fc29-4a61-8051-fcd9d723e29e	11	75188753	88521916	8261	-0.3883
b985fa26-fc29-4a61-8051-fcd9d723e29e	11	88522130	88523760	2	-2.8418
b985fa26-fc29-4a61-8051-fcd9d723e29e	11	88524762	115671547	16950	-0.39
b985fa26-fc29-4a61-8051-fcd9d723e29e	11	115672721	115674638	2	-1.9301
b985fa26-fc29-4a61-8051-fcd9d723e29e	11	115675442	116984090	996	-0.4057
b985fa26-fc29-4a61-8051-fcd9d723e29e	11	116985473	116985926	2	-2.5266
b985fa26-fc29-4a61-8051-fcd9d723e29e	11	116986643	119457440	1602	-0.4597
b985fa26-fc29-4a61-8051-fcd9d723e29e	11	119461354	134272740	10304	-0.4045
b985fa26-fc29-4a61-8051-fcd9d723e29e	12	780472	4923366	2375	0.1182
b985fa26-fc29-4a61-8051-fcd9d723e29e	12	4923474	6071022	1038	0.167
b985fa26-fc29-4a61-8051-fcd9d723e29e	12	6073587	13192048	3369	0.1034
b985fa26-fc29-4a61-8051-fcd9d723e29e	12	13193512	24678016	7365	0.1438
b985fa26-fc29-4a61-8051-fcd9d723e29e	12	24678775	44891529	8913	0.119
b985fa26-fc29-4a61-8051-fcd9d723e29e	12	44891719	57829725	6801	0.0753
b985fa26-fc29-4a61-8051-fcd9d723e29e	12	57832121	61683998	2429	0.1592
b985fa26-fc29-4a61-8051-fcd9d723e29e	12	61685883	74785641	8009	0.1134
b985fa26-fc29-4a61-8051-fcd9d723e29e	12	74792132	74792534	3	-1.8991
b985fa26-fc29-4a61-8051-fcd9d723e29e	12	74793920	91464027	9969	0.1326
b985fa26-fc29-4a61-8051-fcd9d723e29e	12	91464612	96595075	3476	0.0893
b985fa26-fc29-4a61-8051-fcd9d723e29e	12	96595566	105363847	5675	0.1225
b985fa26-fc29-4a61-8051-fcd9d723e29e	12	105364462	106195880	692	0.1889
b985fa26-fc29-4a61-8051-fcd9d723e29e	12	106195984	108397212	1401	0.1264
b985fa26-fc29-4a61-8051-fcd9d723e29e	12	108397453	112462306	1946	0.0702
b985fa26-fc29-4a61-8051-fcd9d723e29e	12	112462387	120036306	5024	0.1305
b985fa26-fc29-4a61-8051-fcd9d723e29e	12	120036389	123835999	1639	0.0436
b985fa26-fc29-4a61-8051-fcd9d723e29e	12	123838206	125230242	885	0.1028
b985fa26-fc29-4a61-8051-fcd9d723e29e	12	125230877	131422593	2988	0.1548
b985fa26-fc29-4a61-8051-fcd9d723e29e	12	131422868	132605822	395	0.0967
b985fa26-fc29-4a61-8051-fcd9d723e29e	13	18874255	19352827	307	0.156
b985fa26-fc29-4a61-8051-fcd9d723e29e	13	19361581	33053556	8397	0.0763
b985fa26-fc29-4a61-8051-fcd9d723e29e	13	33053721	38891685	3950	0.1117
b985fa26-fc29-4a61-8051-fcd9d723e29e	13	38891734	52771081	7845	0.0737
b985fa26-fc29-4a61-8051-fcd9d723e29e	13	52771506	55935396	1617	0.1193
b985fa26-fc29-4a61-8051-fcd9d723e29e	13	55935682	55935702	2	-1.2868
b985fa26-fc29-4a61-8051-fcd9d723e29e	13	55938387	61648700	2995	0.1125
b985fa26-fc29-4a61-8051-fcd9d723e29e	13	61649228	61650165	3	-0.8117
b985fa26-fc29-4a61-8051-fcd9d723e29e	13	61650569	61732840	38	0.0852
b985fa26-fc29-4a61-8051-fcd9d723e29e	13	61737803	74317191	6676	-0.4052
b985fa26-fc29-4a61-8051-fcd9d723e29e	13	74318733	74318863	2	-2.1234
b985fa26-fc29-4a61-8051-fcd9d723e29e	13	74319884	97087748	13825	-0.4107
b985fa26-fc29-4a61-8051-fcd9d723e29e	13	97091599	100671839	2293	-0.4587
b985fa26-fc29-4a61-8051-fcd9d723e29e	13	100672024	103568241	2354	-0.4041
b985fa26-fc29-4a61-8051-fcd9d723e29e	13	103568634	103568646	2	-2.7291
b985fa26-fc29-4a61-8051-fcd9d723e29e	13	103569524	106730287	1936	-0.3985
b985fa26-fc29-4a61-8051-fcd9d723e29e	13	106731890	106732362	2	-2.4993
b985fa26-fc29-4a61-8051-fcd9d723e29e	13	106732887	109850334	2415	-0.4104
b985fa26-fc29-4a61-8051-fcd9d723e29e	13	109851539	114226675	2337	-0.4675
b985fa26-fc29-4a61-8051-fcd9d723e29e	14	20033191	24835787	1960	-0.5687
b985fa26-fc29-4a61-8051-fcd9d723e29e	14	24839181	24839886	2	-2.2954
b985fa26-fc29-4a61-8051-fcd9d723e29e	14	24840372	26294421	1022	-0.491
b985fa26-fc29-4a61-8051-fcd9d723e29e	14	26300516	26300519	3	1.3745
b985fa26-fc29-4a61-8051-fcd9d723e29e	14	26300708	27420721	662	-0.4901
b985fa26-fc29-4a61-8051-fcd9d723e29e	14	27422057	28563627	480	-0.4644
b985fa26-fc29-4a61-8051-fcd9d723e29e	14	28564343	49570418	11126	-0.3894
b985fa26-fc29-4a61-8051-fcd9d723e29e	14	49571342	57564874	5255	-0.4368
b985fa26-fc29-4a61-8051-fcd9d723e29e	14	57565006	57567307	3	-2.1314
b985fa26-fc29-4a61-8051-fcd9d723e29e	14	57567334	58025321	363	-0.4263
b985fa26-fc29-4a61-8051-fcd9d723e29e	14	58026399	58026846	3	-2.187
b985fa26-fc29-4a61-8051-fcd9d723e29e	14	58027497	78306271	12275	-0.4392
b985fa26-fc29-4a61-8051-fcd9d723e29e	14	78306946	88021345	6253	-0.3845
b985fa26-fc29-4a61-8051-fcd9d723e29e	14	88023705	101220901	8661	-0.4509
b985fa26-fc29-4a61-8051-fcd9d723e29e	14	101221275	105533894	1707	-0.4862
b985fa26-fc29-4a61-8051-fcd9d723e29e	15	23437561	24574674	476	-0.2433
b985fa26-fc29-4a61-8051-fcd9d723e29e	15	24576698	40051342	7931	-0.4071
b985fa26-fc29-4a61-8051-fcd9d723e29e	15	40052013	45673984	2448	-0.4645
b985fa26-fc29-4a61-8051-fcd9d723e29e	15	45676237	48484823	1886	-0.3651
b985fa26-fc29-4a61-8051-fcd9d723e29e	15	48490056	52666756	2454	-0.4348
b985fa26-fc29-4a61-8051-fcd9d723e29e	15	52667490	59223568	4271	-0.3912
b985fa26-fc29-4a61-8051-fcd9d723e29e	15	59223722	59382244	129	-0.2901
b985fa26-fc29-4a61-8051-fcd9d723e29e	15	59385427	60314977	683	-0.5706
b985fa26-fc29-4a61-8051-fcd9d723e29e	15	60315590	60331346	12	0.5517
b985fa26-fc29-4a61-8051-fcd9d723e29e	15	60334988	60361792	27	0.9968
b985fa26-fc29-4a61-8051-fcd9d723e29e	15	60364136	63086530	2242	0.4823
b985fa26-fc29-4a61-8051-fcd9d723e29e	15	63086803	66628223	1851	0.3978
b985fa26-fc29-4a61-8051-fcd9d723e29e	15	66628617	74322149	4808	0.4506
b985fa26-fc29-4a61-8051-fcd9d723e29e	15	74324236	79265284	2252	0.4213
b985fa26-fc29-4a61-8051-fcd9d723e29e	15	79265395	89039261	5794	0.4709
b985fa26-fc29-4a61-8051-fcd9d723e29e	15	89041520	91121644	1114	0.4101
b985fa26-fc29-4a61-8051-fcd9d723e29e	15	91122162	101344124	6427	0.4834
b985fa26-fc29-4a61-8051-fcd9d723e29e	16	603333	4827957	1528	0.0496
b985fa26-fc29-4a61-8051-fcd9d723e29e	16	4828401	4828888	3	-1.1295
b985fa26-fc29-4a61-8051-fcd9d723e29e	16	4833596	5083089	168	0.1165
b985fa26-fc29-4a61-8051-fcd9d723e29e	16	5091044	9545271	2690	0.1705
b985fa26-fc29-4a61-8051-fcd9d723e29e	16	9546880	27174706	8297	0.1084
b985fa26-fc29-4a61-8051-fcd9d723e29e	16	27175663	48743016	2366	0.0626
b985fa26-fc29-4a61-8051-fcd9d723e29e	16	48743986	49095202	294	0.1385
b985fa26-fc29-4a61-8051-fcd9d723e29e	16	49095217	49455643	301	0.228
b985fa26-fc29-4a61-8051-fcd9d723e29e	16	49458355	49994588	366	0.1167
b985fa26-fc29-4a61-8051-fcd9d723e29e	16	49994694	50965290	595	0.0484
b985fa26-fc29-4a61-8051-fcd9d723e29e	16	50965474	53121641	1627	0.1318
b985fa26-fc29-4a61-8051-fcd9d723e29e	16	53124785	53202699	27	-0.3023
b985fa26-fc29-4a61-8051-fcd9d723e29e	16	53210123	56330118	2417	0.1193
b985fa26-fc29-4a61-8051-fcd9d723e29e	16	56334057	58834246	1469	0.0401
b985fa26-fc29-4a61-8051-fcd9d723e29e	16	58834364	59829989	684	0.1388
b985fa26-fc29-4a61-8051-fcd9d723e29e	16	59830089	65883577	3915	0.1973
b985fa26-fc29-4a61-8051-fcd9d723e29e	16	65884032	72209683	2864	0.0698
b985fa26-fc29-4a61-8051-fcd9d723e29e	16	72209725	83841499	9015	0.1149
b985fa26-fc29-4a61-8051-fcd9d723e29e	16	83842873	89317317	2607	0.0791
b985fa26-fc29-4a61-8051-fcd9d723e29e	17	1074619	9838750	4500	-0.4452
b985fa26-fc29-4a61-8051-fcd9d723e29e	17	9842797	16150210	3217	-0.3799
b985fa26-fc29-4a61-8051-fcd9d723e29e	17	16154797	44706392	9980	-0.4305
b985fa26-fc29-4a61-8051-fcd9d723e29e	17	44718126	44718569	2	-3.5071
b985fa26-fc29-4a61-8051-fcd9d723e29e	17	44720147	51218628	2566	-0.4486
b985fa26-fc29-4a61-8051-fcd9d723e29e	17	51228102	56728410	3499	-0.354
b985fa26-fc29-4a61-8051-fcd9d723e29e	17	56729222	66603323	5067	-0.4308
b985fa26-fc29-4a61-8051-fcd9d723e29e	17	66604081	66604454	3	-3.155
b985fa26-fc29-4a61-8051-fcd9d723e29e	17	66604470	68427870	1037	-0.4386
b985fa26-fc29-4a61-8051-fcd9d723e29e	17	68428196	73479224	3696	-0.3771
b985fa26-fc29-4a61-8051-fcd9d723e29e	17	73479406	82959812	3687	-0.4652
b985fa26-fc29-4a61-8051-fcd9d723e29e	18	326691	2281603	668	0.1447
b985fa26-fc29-4a61-8051-fcd9d723e29e	18	2282085	3662130	749	0.0707
b985fa26-fc29-4a61-8051-fcd9d723e29e	18	3662771	8989393	3477	0.1648
b985fa26-fc29-4a61-8051-fcd9d723e29e	18	8993426	23922247	4828	0.1124
b985fa26-fc29-4a61-8051-fcd9d723e29e	18	23922412	56344645	20485	0.1575
b985fa26-fc29-4a61-8051-fcd9d723e29e	18	56344718	79349796	12793	0.6639
b985fa26-fc29-4a61-8051-fcd9d723e29e	19	283868	6426360	1743	0.2915
b985fa26-fc29-4a61-8051-fcd9d723e29e	19	6427353	21139943	6037	-0.0186
b985fa26-fc29-4a61-8051-fcd9d723e29e	19	21141655	34150751	5839	0.4387
b985fa26-fc29-4a61-8051-fcd9d723e29e	19	34153081	46848704	5779	0.6095
b985fa26-fc29-4a61-8051-fcd9d723e29e	19	46852552	46985634	54	-0.0101
b985fa26-fc29-4a61-8051-fcd9d723e29e	19	46989202	58229804	4636	0.5954
b985fa26-fc29-4a61-8051-fcd9d723e29e	19	58229884	58370362	80	0.487
b985fa26-fc29-4a61-8051-fcd9d723e29e	20	472817	6467016	3674	0.9658
b985fa26-fc29-4a61-8051-fcd9d723e29e	20	6467874	7388273	594	0.8097
b985fa26-fc29-4a61-8051-fcd9d723e29e	20	7390242	17913493	7250	0.8437
b985fa26-fc29-4a61-8051-fcd9d723e29e	20	17913622	26206877	5449	0.8046
b985fa26-fc29-4a61-8051-fcd9d723e29e	20	26215123	34838409	1731	1.157
b985fa26-fc29-4a61-8051-fcd9d723e29e	20	34844720	34846759	2	-0.3998
b985fa26-fc29-4a61-8051-fcd9d723e29e	20	34847358	36978502	942	1.123
b985fa26-fc29-4a61-8051-fcd9d723e29e	20	36984415	37094427	154	0.908
b985fa26-fc29-4a61-8051-fcd9d723e29e	20	37097999	38408937	811	1.1451
b985fa26-fc29-4a61-8051-fcd9d723e29e	20	38409465	38688467	161	-0.4571
b985fa26-fc29-4a61-8051-fcd9d723e29e	20	38690830	43435466	3288	-0.3987
b985fa26-fc29-4a61-8051-fcd9d723e29e	20	43436003	50857697	4695	-0.4565
b985fa26-fc29-4a61-8051-fcd9d723e29e	20	50860139	50915204	47	1.7155
b985fa26-fc29-4a61-8051-fcd9d723e29e	20	50916987	50934749	12	0.9831
b985fa26-fc29-4a61-8051-fcd9d723e29e	20	50935560	50998405	44	1.2534
b985fa26-fc29-4a61-8051-fcd9d723e29e	20	50998960	51019576	12	0.9344
b985fa26-fc29-4a61-8051-fcd9d723e29e	20	51027085	51633230	473	-0.4302
b985fa26-fc29-4a61-8051-fcd9d723e29e	20	51634299	56391090	3429	-0.3943
b985fa26-fc29-4a61-8051-fcd9d723e29e	20	56391777	63588502	4788	-0.4448
b985fa26-fc29-4a61-8051-fcd9d723e29e	21	13974127	14128050	60	0.089
b985fa26-fc29-4a61-8051-fcd9d723e29e	21	14128105	14128105	2	-1.5773
b985fa26-fc29-4a61-8051-fcd9d723e29e	21	14128408	22850940	5532	0.1494
b985fa26-fc29-4a61-8051-fcd9d723e29e	21	22874307	25595052	1618	-0.3984
b985fa26-fc29-4a61-8051-fcd9d723e29e	21	25595851	25596761	3	0.9244
b985fa26-fc29-4a61-8051-fcd9d723e29e	21	25597391	35753403	6875	-0.4192
b985fa26-fc29-4a61-8051-fcd9d723e29e	21	35755779	35756649	3	-1.7448
b985fa26-fc29-4a61-8051-fcd9d723e29e	21	35756994	40075171	3032	-0.4253
b985fa26-fc29-4a61-8051-fcd9d723e29e	21	40082126	40092982	8	0.7385
b985fa26-fc29-4a61-8051-fcd9d723e29e	21	40094522	40181156	91	1.2404
b985fa26-fc29-4a61-8051-fcd9d723e29e	21	40181842	41413952	1011	0.7123
b985fa26-fc29-4a61-8051-fcd9d723e29e	21	41415949	41499524	153	0.6337
b985fa26-fc29-4a61-8051-fcd9d723e29e	21	41499684	41500483	8	1.1115
b985fa26-fc29-4a61-8051-fcd9d723e29e	21	41503477	42134417	472	0.6529
b985fa26-fc29-4a61-8051-fcd9d723e29e	21	42137549	42139672	2	1.9015
b985fa26-fc29-4a61-8051-fcd9d723e29e	21	42139792	44895176	1213	0.6292
b985fa26-fc29-4a61-8051-fcd9d723e29e	21	44897211	44898031	2	-0.6838
b985fa26-fc29-4a61-8051-fcd9d723e29e	21	44900878	46262057	514	0.6176
b985fa26-fc29-4a61-8051-fcd9d723e29e	22	16934932	23775729	999	0.4643
b985fa26-fc29-4a61-8051-fcd9d723e29e	22	23780134	25210380	683	0.1556
b985fa26-fc29-4a61-8051-fcd9d723e29e	22	25210671	28118603	2364	0.2288
b985fa26-fc29-4a61-8051-fcd9d723e29e	22	28121217	29043213	489	0.1912
b985fa26-fc29-4a61-8051-fcd9d723e29e	22	29043951	31975505	1601	0.1455
b985fa26-fc29-4a61-8051-fcd9d723e29e	22	31976504	34875469	2456	0.2358
b985fa26-fc29-4a61-8051-fcd9d723e29e	22	34875527	34876954	3	-0.8559
b985fa26-fc29-4a61-8051-fcd9d723e29e	22	34877684	35829640	618	0.2279
b985fa26-fc29-4a61-8051-fcd9d723e29e	22	35829712	41983588	3072	0.1478
b985fa26-fc29-4a61-8051-fcd9d723e29e	22	41983809	48940621	4818	0.2195
b985fa26-fc29-4a61-8051-fcd9d723e29e	X	3236359	15112822	4783	-1.2483
b985fa26-fc29-4a61-8051-fcd9d723e29e	X	15612897	18162379	1346	1.2931
b985fa26-fc29-4a61-8051-fcd9d723e29e	X	18165912	20048138	609	0.5741
b985fa26-fc29-4a61-8051-fcd9d723e29e	X	20050765	20098745	28	1.7031
b985fa26-fc29-4a61-8051-fcd9d723e29e	X	20103623	27541918	3942	0.5937
b985fa26-fc29-4a61-8051-fcd9d723e29e	X	27544112	27544278	2	-0.7069
b985fa26-fc29-4a61-8051-fcd9d723e29e	X	27544645	34636660	3176	0.5916
b985fa26-fc29-4a61-8051-fcd9d723e29e	X	34639621	90200964	21096	-0.0786
b985fa26-fc29-4a61-8051-fcd9d723e29e	X	90201021	90240074	9	-1.2934
b985fa26-fc29-4a61-8051-fcd9d723e29e	X	90252284	107867059	6889	-0.0731
b985fa26-fc29-4a61-8051-fcd9d723e29e	X	107867912	107868802	2	-2.2118
b985fa26-fc29-4a61-8051-fcd9d723e29e	X	107873582	125834753	9001	-0.0792
b985fa26-fc29-4a61-8051-fcd9d723e29e	X	125836688	139451559	6081	0.3599
b985fa26-fc29-4a61-8051-fcd9d723e29e	X	139451588	154329969	6933	0.1109
b985fa26-fc29-4a61-8051-fcd9d723e29e	X	154330039	155677414	75	0.0137
