GDC_Aliquot	Chromosome	Start	End	Num_Probes	Segment_Mean
c4c97e2c-012d-4916-a258-5bb6972f8fb8	1	3301765	5844684	1804	-0.1289
c4c97e2c-012d-4916-a258-5bb6972f8fb8	1	5844941	24950899	10291	-0.0863
c4c97e2c-012d-4916-a258-5bb6972f8fb8	1	24954524	30224092	2367	-0.1144
c4c97e2c-012d-4916-a258-5bb6972f8fb8	1	30225497	60761209	17545	-0.0594
c4c97e2c-012d-4916-a258-5bb6972f8fb8	1	60761436	65577429	3427	-0.0175
c4c97e2c-012d-4916-a258-5bb6972f8fb8	1	65580244	67119786	1146	0.0768
c4c97e2c-012d-4916-a258-5bb6972f8fb8	1	67122347	78578320	6605	-0.0262
c4c97e2c-012d-4916-a258-5bb6972f8fb8	1	78579215	80392226	994	0.0595
c4c97e2c-012d-4916-a258-5bb6972f8fb8	1	80392809	83752880	2075	-0.0513
c4c97e2c-012d-4916-a258-5bb6972f8fb8	1	83753032	90591799	4480	0.015
c4c97e2c-012d-4916-a258-5bb6972f8fb8	1	90596117	94593476	2262	-0.0165
c4c97e2c-012d-4916-a258-5bb6972f8fb8	1	94594129	98704975	2484	-0.0573
c4c97e2c-012d-4916-a258-5bb6972f8fb8	1	98705075	106549185	4338	-0.0056
c4c97e2c-012d-4916-a258-5bb6972f8fb8	1	106549354	106859442	206	0.0788
c4c97e2c-012d-4916-a258-5bb6972f8fb8	1	106859466	106859479	2	-0.8429
c4c97e2c-012d-4916-a258-5bb6972f8fb8	1	106859534	107779321	677	0.0822
c4c97e2c-012d-4916-a258-5bb6972f8fb8	1	107785756	110562435	1448	-0.0184
c4c97e2c-012d-4916-a258-5bb6972f8fb8	1	110563954	110655562	71	0.6345
c4c97e2c-012d-4916-a258-5bb6972f8fb8	1	110655878	110788274	114	0.4192
c4c97e2c-012d-4916-a258-5bb6972f8fb8	1	110869657	112244774	1035	-0.0187
c4c97e2c-012d-4916-a258-5bb6972f8fb8	1	112245488	113005869	437	-0.0511
c4c97e2c-012d-4916-a258-5bb6972f8fb8	1	113007313	113197127	113	0.3117
c4c97e2c-012d-4916-a258-5bb6972f8fb8	1	113197313	113452006	137	0.4506
c4c97e2c-012d-4916-a258-5bb6972f8fb8	1	113453883	117119085	2389	0.3232
c4c97e2c-012d-4916-a258-5bb6972f8fb8	1	117123969	118717584	904	-0.0306
c4c97e2c-012d-4916-a258-5bb6972f8fb8	1	118723106	119979137	778	0.3302
c4c97e2c-012d-4916-a258-5bb6972f8fb8	1	119979978	151638995	647	0.2592
c4c97e2c-012d-4916-a258-5bb6972f8fb8	1	151639472	153345716	1040	0.3318
c4c97e2c-012d-4916-a258-5bb6972f8fb8	1	153346577	154623508	537	0.2626
c4c97e2c-012d-4916-a258-5bb6972f8fb8	1	154623646	154932364	207	0.3468
c4c97e2c-012d-4916-a258-5bb6972f8fb8	1	154933892	156324420	569	0.2337
c4c97e2c-012d-4916-a258-5bb6972f8fb8	1	156325019	156984592	316	0.3072
c4c97e2c-012d-4916-a258-5bb6972f8fb8	1	156985100	159806098	1902	0.3828
c4c97e2c-012d-4916-a258-5bb6972f8fb8	1	159808184	165067758	3585	0.3294
c4c97e2c-012d-4916-a258-5bb6972f8fb8	1	165076228	165076317	3	-0.5969
c4c97e2c-012d-4916-a258-5bb6972f8fb8	1	165077278	166263621	994	0.3439
c4c97e2c-012d-4916-a258-5bb6972f8fb8	1	166265455	171751838	3929	0.3654
c4c97e2c-012d-4916-a258-5bb6972f8fb8	1	171752006	173582800	1205	0.4252
c4c97e2c-012d-4916-a258-5bb6972f8fb8	1	173586748	176193523	1223	0.3457
c4c97e2c-012d-4916-a258-5bb6972f8fb8	1	176195547	176200740	2	-1.0005
c4c97e2c-012d-4916-a258-5bb6972f8fb8	1	176201747	181668615	3528	0.3698
c4c97e2c-012d-4916-a258-5bb6972f8fb8	1	181672600	191759052	6177	0.3349
c4c97e2c-012d-4916-a258-5bb6972f8fb8	1	191759320	197480010	3300	0.3702
c4c97e2c-012d-4916-a258-5bb6972f8fb8	1	197480143	199803351	1399	0.4471
c4c97e2c-012d-4916-a258-5bb6972f8fb8	1	199808092	200966738	726	0.3838
c4c97e2c-012d-4916-a258-5bb6972f8fb8	1	200968901	205566411	3135	0.3157
c4c97e2c-012d-4916-a258-5bb6972f8fb8	1	205572748	214428956	5923	0.3561
c4c97e2c-012d-4916-a258-5bb6972f8fb8	1	214429645	216434207	1305	0.3168
c4c97e2c-012d-4916-a258-5bb6972f8fb8	1	216434475	218494203	1491	0.0052
c4c97e2c-012d-4916-a258-5bb6972f8fb8	1	218495537	218832678	214	0.0768
c4c97e2c-012d-4916-a258-5bb6972f8fb8	1	218835272	218835556	3	-1.2662
c4c97e2c-012d-4916-a258-5bb6972f8fb8	1	218837376	222680609	2549	0.0923
c4c97e2c-012d-4916-a258-5bb6972f8fb8	1	222681854	237628927	9564	0.0153
c4c97e2c-012d-4916-a258-5bb6972f8fb8	1	237632903	237857685	178	-3.8264
c4c97e2c-012d-4916-a258-5bb6972f8fb8	1	237859733	239928465	1562	0.0013
c4c97e2c-012d-4916-a258-5bb6972f8fb8	1	239931699	239951417	20	0.3153
c4c97e2c-012d-4916-a258-5bb6972f8fb8	1	239952087	239954421	2	1.1096
c4c97e2c-012d-4916-a258-5bb6972f8fb8	1	239954679	240290328	306	0.3477
c4c97e2c-012d-4916-a258-5bb6972f8fb8	1	240290339	241710557	1057	0.4044
c4c97e2c-012d-4916-a258-5bb6972f8fb8	1	241715245	247650984	3031	0.339
c4c97e2c-012d-4916-a258-5bb6972f8fb8	2	480597	2706220	767	0.2604
c4c97e2c-012d-4916-a258-5bb6972f8fb8	2	2707967	2855786	108	-0.182
c4c97e2c-012d-4916-a258-5bb6972f8fb8	2	2855801	7344917	3344	0.2495
c4c97e2c-012d-4916-a258-5bb6972f8fb8	2	7347183	12164627	3260	0.2895
c4c97e2c-012d-4916-a258-5bb6972f8fb8	2	12164717	13545582	909	0.3585
c4c97e2c-012d-4916-a258-5bb6972f8fb8	2	13545777	16364394	1810	0.2749
c4c97e2c-012d-4916-a258-5bb6972f8fb8	2	16364999	17377068	759	0.3723
c4c97e2c-012d-4916-a258-5bb6972f8fb8	2	17378064	17669974	169	0.3025
c4c97e2c-012d-4916-a258-5bb6972f8fb8	2	17677202	28724991	6450	0.2718
c4c97e2c-012d-4916-a258-5bb6972f8fb8	2	28727952	34398729	3259	0.336
c4c97e2c-012d-4916-a258-5bb6972f8fb8	2	34398979	41902071	4017	0.3078
c4c97e2c-012d-4916-a258-5bb6972f8fb8	2	41902455	43375165	888	0.2475
c4c97e2c-012d-4916-a258-5bb6972f8fb8	2	43376013	46384255	2116	0.3171
c4c97e2c-012d-4916-a258-5bb6972f8fb8	2	46384730	46384819	2	-1.0708
c4c97e2c-012d-4916-a258-5bb6972f8fb8	2	46387063	58227844	6426	0.2839
c4c97e2c-012d-4916-a258-5bb6972f8fb8	2	58234768	60412318	1480	0.3534
c4c97e2c-012d-4916-a258-5bb6972f8fb8	2	60412959	64391841	1853	0.2987
c4c97e2c-012d-4916-a258-5bb6972f8fb8	2	64392139	64447886	56	-0.0283
c4c97e2c-012d-4916-a258-5bb6972f8fb8	2	64453072	66059671	1100	0.2889
c4c97e2c-012d-4916-a258-5bb6972f8fb8	2	66065043	69228548	2108	0.2587
c4c97e2c-012d-4916-a258-5bb6972f8fb8	2	69229004	74619857	2932	0.2174
c4c97e2c-012d-4916-a258-5bb6972f8fb8	2	74620688	76499102	1153	0.2879
c4c97e2c-012d-4916-a258-5bb6972f8fb8	2	76499678	83696657	3741	0.2148
c4c97e2c-012d-4916-a258-5bb6972f8fb8	2	83697315	94693073	2097	0.2731
c4c97e2c-012d-4916-a258-5bb6972f8fb8	2	94696161	97049417	656	-0.0853
c4c97e2c-012d-4916-a258-5bb6972f8fb8	2	97658064	99888965	1196	-0.4843
c4c97e2c-012d-4916-a258-5bb6972f8fb8	2	99890715	100059291	89	-0.0444
c4c97e2c-012d-4916-a258-5bb6972f8fb8	2	100060160	101973264	1227	-0.5069
c4c97e2c-012d-4916-a258-5bb6972f8fb8	2	101977857	105348227	2097	-0.1519
c4c97e2c-012d-4916-a258-5bb6972f8fb8	2	105348574	105351727	3	-1.0577
c4c97e2c-012d-4916-a258-5bb6972f8fb8	2	105352117	105443088	64	-0.174
c4c97e2c-012d-4916-a258-5bb6972f8fb8	2	105443567	107526019	1376	-0.2613
c4c97e2c-012d-4916-a258-5bb6972f8fb8	2	107527011	109704919	1225	-0.1948
c4c97e2c-012d-4916-a258-5bb6972f8fb8	2	110640222	114395847	1853	0.1912
c4c97e2c-012d-4916-a258-5bb6972f8fb8	2	114399025	119959131	2918	0.1428
c4c97e2c-012d-4916-a258-5bb6972f8fb8	2	119971652	120141727	77	-0.2214
c4c97e2c-012d-4916-a258-5bb6972f8fb8	2	120141924	122882428	1701	0.1665
c4c97e2c-012d-4916-a258-5bb6972f8fb8	2	122883235	124246362	775	0.44
c4c97e2c-012d-4916-a258-5bb6972f8fb8	2	124247112	133047533	3518	0.2717
c4c97e2c-012d-4916-a258-5bb6972f8fb8	2	133047987	137525382	2820	0.3434
c4c97e2c-012d-4916-a258-5bb6972f8fb8	2	137525913	142456173	2600	0.28
c4c97e2c-012d-4916-a258-5bb6972f8fb8	2	142459499	144589253	1224	0.3394
c4c97e2c-012d-4916-a258-5bb6972f8fb8	2	144594254	144683232	45	-0.0445
c4c97e2c-012d-4916-a258-5bb6972f8fb8	2	144683273	146507043	967	0.0994
c4c97e2c-012d-4916-a258-5bb6972f8fb8	2	146507137	150728367	2353	-0.0177
c4c97e2c-012d-4916-a258-5bb6972f8fb8	2	150729263	151987560	893	-0.4689
c4c97e2c-012d-4916-a258-5bb6972f8fb8	2	151988996	156485969	2567	-0.5144
c4c97e2c-012d-4916-a258-5bb6972f8fb8	2	156494440	172844388	9686	-0.4658
c4c97e2c-012d-4916-a258-5bb6972f8fb8	2	172845179	173027499	182	0.0185
c4c97e2c-012d-4916-a258-5bb6972f8fb8	2	173033796	174357690	897	-0.444
c4c97e2c-012d-4916-a258-5bb6972f8fb8	2	174360568	177493505	1931	-0.0248
c4c97e2c-012d-4916-a258-5bb6972f8fb8	2	177493553	177529331	22	-0.3782
c4c97e2c-012d-4916-a258-5bb6972f8fb8	2	177532756	180695645	1980	-0.0171
c4c97e2c-012d-4916-a258-5bb6972f8fb8	2	180695736	182654839	1191	0.0283
c4c97e2c-012d-4916-a258-5bb6972f8fb8	2	182654977	186707955	1673	-0.0422
c4c97e2c-012d-4916-a258-5bb6972f8fb8	2	186718991	187314767	263	0.2108
c4c97e2c-012d-4916-a258-5bb6972f8fb8	2	187316069	192632191	2844	0.3387
c4c97e2c-012d-4916-a258-5bb6972f8fb8	2	192636490	192772149	64	0.2325
c4c97e2c-012d-4916-a258-5bb6972f8fb8	2	192774427	193091755	53	-0.0166
c4c97e2c-012d-4916-a258-5bb6972f8fb8	2	193091885	193538549	184	0.3134
c4c97e2c-012d-4916-a258-5bb6972f8fb8	2	193545823	194190752	234	-0.03
c4c97e2c-012d-4916-a258-5bb6972f8fb8	2	194202242	198611482	2103	0.3259
c4c97e2c-012d-4916-a258-5bb6972f8fb8	2	198611705	205223355	3728	0.2807
c4c97e2c-012d-4916-a258-5bb6972f8fb8	2	205223378	206542081	829	0.2229
c4c97e2c-012d-4916-a258-5bb6972f8fb8	2	206542616	211379795	2857	0.285
c4c97e2c-012d-4916-a258-5bb6972f8fb8	2	211380278	212297443	590	0.3054
c4c97e2c-012d-4916-a258-5bb6972f8fb8	2	212333723	213389773	676	0.356
c4c97e2c-012d-4916-a258-5bb6972f8fb8	2	213402193	216131957	1648	0.2925
c4c97e2c-012d-4916-a258-5bb6972f8fb8	2	216134385	216151201	15	-0.4203
c4c97e2c-012d-4916-a258-5bb6972f8fb8	2	216152525	217585264	1049	0.2956
c4c97e2c-012d-4916-a258-5bb6972f8fb8	2	217585867	217811929	153	0.4012
c4c97e2c-012d-4916-a258-5bb6972f8fb8	2	217812167	217965103	103	0.2791
c4c97e2c-012d-4916-a258-5bb6972f8fb8	2	217965360	219585835	778	0.2292
c4c97e2c-012d-4916-a258-5bb6972f8fb8	2	219587179	219701364	53	0.3092
c4c97e2c-012d-4916-a258-5bb6972f8fb8	2	219702258	220525589	613	0.3599
c4c97e2c-012d-4916-a258-5bb6972f8fb8	2	220526397	224094772	2424	0.2689
c4c97e2c-012d-4916-a258-5bb6972f8fb8	2	224099664	225415777	878	0.3701
c4c97e2c-012d-4916-a258-5bb6972f8fb8	2	225420137	234861399	5517	0.2805
c4c97e2c-012d-4916-a258-5bb6972f8fb8	2	234862455	236331032	907	0.1957
c4c97e2c-012d-4916-a258-5bb6972f8fb8	2	236333209	238761012	1598	0.261
c4c97e2c-012d-4916-a258-5bb6972f8fb8	2	238761545	241537572	1450	0.2152
c4c97e2c-012d-4916-a258-5bb6972f8fb8	3	2170634	7017829	2385	0.0057
c4c97e2c-012d-4916-a258-5bb6972f8fb8	3	7018740	15355996	5707	-0.0387
c4c97e2c-012d-4916-a258-5bb6972f8fb8	3	15359781	16748660	969	0.0093
c4c97e2c-012d-4916-a258-5bb6972f8fb8	3	16757134	18964764	1141	0.0529
c4c97e2c-012d-4916-a258-5bb6972f8fb8	3	18964793	29661703	6149	-0.0069
c4c97e2c-012d-4916-a258-5bb6972f8fb8	3	29663854	31192108	1086	0.082
c4c97e2c-012d-4916-a258-5bb6972f8fb8	3	31193950	39468224	5019	-0.0094
c4c97e2c-012d-4916-a258-5bb6972f8fb8	3	39470207	41639307	1429	0.0541
c4c97e2c-012d-4916-a258-5bb6972f8fb8	3	41641801	46680683	2787	-0.0179
c4c97e2c-012d-4916-a258-5bb6972f8fb8	3	46683027	53374460	2682	-0.0773
c4c97e2c-012d-4916-a258-5bb6972f8fb8	3	53378783	63489583	6092	0.0068
c4c97e2c-012d-4916-a258-5bb6972f8fb8	3	63489618	66619605	2446	-0.0503
c4c97e2c-012d-4916-a258-5bb6972f8fb8	3	66624413	67244535	439	0.0454
c4c97e2c-012d-4916-a258-5bb6972f8fb8	3	67246043	69767663	1755	-0.0163
c4c97e2c-012d-4916-a258-5bb6972f8fb8	3	69767753	71032767	883	0.037
c4c97e2c-012d-4916-a258-5bb6972f8fb8	3	71034272	71585992	343	-0.0485
c4c97e2c-012d-4916-a258-5bb6972f8fb8	3	71586035	74478056	2160	0.0352
c4c97e2c-012d-4916-a258-5bb6972f8fb8	3	74479660	74841690	206	-0.0377
c4c97e2c-012d-4916-a258-5bb6972f8fb8	3	74842328	74842814	2	-1.7639
c4c97e2c-012d-4916-a258-5bb6972f8fb8	3	74845434	87409690	6227	-0.0524
c4c97e2c-012d-4916-a258-5bb6972f8fb8	3	87409946	87508587	51	-0.5396
c4c97e2c-012d-4916-a258-5bb6972f8fb8	3	87511488	89513437	1044	-0.017
c4c97e2c-012d-4916-a258-5bb6972f8fb8	3	89514553	89718941	74	-0.4456
c4c97e2c-012d-4916-a258-5bb6972f8fb8	3	89723874	100064778	3330	-0.0389
c4c97e2c-012d-4916-a258-5bb6972f8fb8	3	100067445	100497333	192	-0.0175
c4c97e2c-012d-4916-a258-5bb6972f8fb8	3	100499420	101417558	517	0.0472
c4c97e2c-012d-4916-a258-5bb6972f8fb8	3	101417629	101670349	102	-0.0958
c4c97e2c-012d-4916-a258-5bb6972f8fb8	3	101672969	108877854	4262	0.0479
c4c97e2c-012d-4916-a258-5bb6972f8fb8	3	109300867	111062918	932	-0.0485
c4c97e2c-012d-4916-a258-5bb6972f8fb8	3	111065760	116331587	3164	0.0459
c4c97e2c-012d-4916-a258-5bb6972f8fb8	3	116331707	127380117	6659	-0.0179
c4c97e2c-012d-4916-a258-5bb6972f8fb8	3	127384997	127482481	66	-0.6147
c4c97e2c-012d-4916-a258-5bb6972f8fb8	3	127492316	127891147	246	-0.1169
c4c97e2c-012d-4916-a258-5bb6972f8fb8	3	127891527	128384685	303	0.007
c4c97e2c-012d-4916-a258-5bb6972f8fb8	3	128385719	128710537	137	-0.1077
c4c97e2c-012d-4916-a258-5bb6972f8fb8	3	128711771	134309589	3231	-0.4829
c4c97e2c-012d-4916-a258-5bb6972f8fb8	3	134310330	140572571	3530	-0.5263
c4c97e2c-012d-4916-a258-5bb6972f8fb8	3	140572936	150658633	4979	-0.4665
c4c97e2c-012d-4916-a258-5bb6972f8fb8	3	150662085	150891857	71	-1.194
c4c97e2c-012d-4916-a258-5bb6972f8fb8	3	150891907	150892079	2	-4.1046
c4c97e2c-012d-4916-a258-5bb6972f8fb8	3	150894727	151551581	483	-1.1999
c4c97e2c-012d-4916-a258-5bb6972f8fb8	3	151552947	152404963	511	-1.0507
c4c97e2c-012d-4916-a258-5bb6972f8fb8	3	152405789	152501947	66	-1.212
c4c97e2c-012d-4916-a258-5bb6972f8fb8	3	152506000	153460670	552	-0.482
c4c97e2c-012d-4916-a258-5bb6972f8fb8	3	153460755	153460957	2	-2.1684
c4c97e2c-012d-4916-a258-5bb6972f8fb8	3	153461512	156448573	1467	-0.4725
c4c97e2c-012d-4916-a258-5bb6972f8fb8	3	156452389	161215940	2711	0.008
c4c97e2c-012d-4916-a258-5bb6972f8fb8	3	161217509	167333026	2558	-0.0561
c4c97e2c-012d-4916-a258-5bb6972f8fb8	3	167333083	168040335	382	0.0253
c4c97e2c-012d-4916-a258-5bb6972f8fb8	3	168042776	169891085	1117	0.0766
c4c97e2c-012d-4916-a258-5bb6972f8fb8	3	169891275	175360537	3029	-0.0464
c4c97e2c-012d-4916-a258-5bb6972f8fb8	3	175360691	178443826	1218	0.0527
c4c97e2c-012d-4916-a258-5bb6972f8fb8	3	178446450	187287967	4677	-0.0101
c4c97e2c-012d-4916-a258-5bb6972f8fb8	3	187292482	187736191	345	-0.4417
c4c97e2c-012d-4916-a258-5bb6972f8fb8	3	187753578	188012657	160	0.0339
c4c97e2c-012d-4916-a258-5bb6972f8fb8	3	188017925	188474267	340	-0.4745
c4c97e2c-012d-4916-a258-5bb6972f8fb8	3	188476329	188635409	110	-0.0297
c4c97e2c-012d-4916-a258-5bb6972f8fb8	3	188640801	188679203	24	-0.4701
c4c97e2c-012d-4916-a258-5bb6972f8fb8	3	188682451	190507448	1255	-0.0225
c4c97e2c-012d-4916-a258-5bb6972f8fb8	3	190510526	191510407	663	-0.5383
c4c97e2c-012d-4916-a258-5bb6972f8fb8	3	191511201	191654050	121	-0.1103
c4c97e2c-012d-4916-a258-5bb6972f8fb8	3	191654249	193988990	1306	-0.5068
c4c97e2c-012d-4916-a258-5bb6972f8fb8	3	193993349	194473466	288	-0.0491
c4c97e2c-012d-4916-a258-5bb6972f8fb8	3	194473517	195318666	463	-0.5729
c4c97e2c-012d-4916-a258-5bb6972f8fb8	3	195328085	196405284	215	2.2467
c4c97e2c-012d-4916-a258-5bb6972f8fb8	3	196410893	196597005	87	-1.1475
c4c97e2c-012d-4916-a258-5bb6972f8fb8	3	196601978	197611842	137	2.1927
c4c97e2c-012d-4916-a258-5bb6972f8fb8	3	197685959	197812401	44	-0.8881
c4c97e2c-012d-4916-a258-5bb6972f8fb8	4	1059384	9722163	4377	-0.0809
c4c97e2c-012d-4916-a258-5bb6972f8fb8	4	9725881	12071886	1912	0.0243
c4c97e2c-012d-4916-a258-5bb6972f8fb8	4	12077719	19220548	5031	-0.036
c4c97e2c-012d-4916-a258-5bb6972f8fb8	4	19220792	23436198	2614	-0.0958
c4c97e2c-012d-4916-a258-5bb6972f8fb8	4	23439107	24690264	889	-0.0657
c4c97e2c-012d-4916-a258-5bb6972f8fb8	4	24692812	28181279	2251	-0.0174
c4c97e2c-012d-4916-a258-5bb6972f8fb8	4	28183677	31999005	2390	-0.0803
c4c97e2c-012d-4916-a258-5bb6972f8fb8	4	32001877	34763973	1460	0.5195
c4c97e2c-012d-4916-a258-5bb6972f8fb8	4	34839742	37148111	1432	0.035
c4c97e2c-012d-4916-a258-5bb6972f8fb8	4	37149318	37230660	72	0.2266
c4c97e2c-012d-4916-a258-5bb6972f8fb8	4	37232996	41677456	2748	-0.0153
c4c97e2c-012d-4916-a258-5bb6972f8fb8	4	41677466	43488202	861	0.1652
c4c97e2c-012d-4916-a258-5bb6972f8fb8	4	43490384	46805484	1605	0.1139
c4c97e2c-012d-4916-a258-5bb6972f8fb8	4	46806032	47413202	325	0.1756
c4c97e2c-012d-4916-a258-5bb6972f8fb8	4	47414802	51907797	442	-0.0036
c4c97e2c-012d-4916-a258-5bb6972f8fb8	4	51910688	55653725	2521	-0.0455
c4c97e2c-012d-4916-a258-5bb6972f8fb8	4	55655920	57894646	1386	0.0082
c4c97e2c-012d-4916-a258-5bb6972f8fb8	4	57898809	58007058	51	-1.2326
c4c97e2c-012d-4916-a258-5bb6972f8fb8	4	58014255	58353065	181	0.009
c4c97e2c-012d-4916-a258-5bb6972f8fb8	4	58356537	66875287	4646	-0.062
c4c97e2c-012d-4916-a258-5bb6972f8fb8	4	66875726	77921127	5803	-0.0185
c4c97e2c-012d-4916-a258-5bb6972f8fb8	4	77921929	79748176	1147	0.0588
c4c97e2c-012d-4916-a258-5bb6972f8fb8	4	79748717	85212192	3173	-0.0136
c4c97e2c-012d-4916-a258-5bb6972f8fb8	4	85213410	86341626	786	0.0517
c4c97e2c-012d-4916-a258-5bb6972f8fb8	4	86342098	89106269	1630	-0.0178
c4c97e2c-012d-4916-a258-5bb6972f8fb8	4	89106700	89748769	393	0.0707
c4c97e2c-012d-4916-a258-5bb6972f8fb8	4	89750394	90234629	221	0.3877
c4c97e2c-012d-4916-a258-5bb6972f8fb8	4	90235766	100542905	5608	-0.0321
c4c97e2c-012d-4916-a258-5bb6972f8fb8	4	100544559	106358325	3203	0.0366
c4c97e2c-012d-4916-a258-5bb6972f8fb8	4	106358384	108896638	1462	-0.0594
c4c97e2c-012d-4916-a258-5bb6972f8fb8	4	108899290	112195198	1918	0.0142
c4c97e2c-012d-4916-a258-5bb6972f8fb8	4	112197786	113023200	450	0.3909
c4c97e2c-012d-4916-a258-5bb6972f8fb8	4	113023297	115485933	1544	0.0443
c4c97e2c-012d-4916-a258-5bb6972f8fb8	4	115488424	118934559	1796	-0.0295
c4c97e2c-012d-4916-a258-5bb6972f8fb8	4	118935915	122973736	2372	0.0206
c4c97e2c-012d-4916-a258-5bb6972f8fb8	4	122975641	130023662	3778	-0.0478
c4c97e2c-012d-4916-a258-5bb6972f8fb8	4	130029797	130572933	270	0.3004
c4c97e2c-012d-4916-a258-5bb6972f8fb8	4	130573259	132535016	766	-0.0415
c4c97e2c-012d-4916-a258-5bb6972f8fb8	4	132535189	138005106	2706	0.3095
c4c97e2c-012d-4916-a258-5bb6972f8fb8	4	138005572	140392719	1586	-0.0257
c4c97e2c-012d-4916-a258-5bb6972f8fb8	4	140393568	141095273	489	0.3337
c4c97e2c-012d-4916-a258-5bb6972f8fb8	4	141095779	145264808	2177	0.2597
c4c97e2c-012d-4916-a258-5bb6972f8fb8	4	145265395	147098832	1053	0.3787
c4c97e2c-012d-4916-a258-5bb6972f8fb8	4	147099685	149335849	1265	0.261
c4c97e2c-012d-4916-a258-5bb6972f8fb8	4	149342676	155263257	3309	0.318
c4c97e2c-012d-4916-a258-5bb6972f8fb8	4	155264422	163106515	4666	0.2734
c4c97e2c-012d-4916-a258-5bb6972f8fb8	4	163106939	164407577	734	0.402
c4c97e2c-012d-4916-a258-5bb6972f8fb8	4	164408006	173412629	4676	0.314
c4c97e2c-012d-4916-a258-5bb6972f8fb8	4	173412976	175745383	1292	0.4152
c4c97e2c-012d-4916-a258-5bb6972f8fb8	4	175745659	176689877	632	0.3426
c4c97e2c-012d-4916-a258-5bb6972f8fb8	4	176690243	178865734	1047	0.282
c4c97e2c-012d-4916-a258-5bb6972f8fb8	4	178878420	178892012	7	-0.4785
c4c97e2c-012d-4916-a258-5bb6972f8fb8	4	178899037	178946879	20	0.1224
c4c97e2c-012d-4916-a258-5bb6972f8fb8	4	178947128	179620983	386	-0.537
c4c97e2c-012d-4916-a258-5bb6972f8fb8	4	179621180	181968162	1361	0.267
c4c97e2c-012d-4916-a258-5bb6972f8fb8	4	181970894	182596166	491	0.3447
c4c97e2c-012d-4916-a258-5bb6972f8fb8	4	182596907	184286115	313	0.2699
c4c97e2c-012d-4916-a258-5bb6972f8fb8	4	184286492	186428942	991	0.3594
c4c97e2c-012d-4916-a258-5bb6972f8fb8	4	186431419	187842528	792	0.2557
c4c97e2c-012d-4916-a258-5bb6972f8fb8	5	913983	2371828	513	0.5084
c4c97e2c-012d-4916-a258-5bb6972f8fb8	5	2372268	4364461	1669	0.459
c4c97e2c-012d-4916-a258-5bb6972f8fb8	5	4367827	18374206	9118	0.531
c4c97e2c-012d-4916-a258-5bb6972f8fb8	5	18375639	21593128	1438	0.4858
c4c97e2c-012d-4916-a258-5bb6972f8fb8	5	21593514	21601220	11	0.8744
c4c97e2c-012d-4916-a258-5bb6972f8fb8	5	21608958	23481265	1052	0.4957
c4c97e2c-012d-4916-a258-5bb6972f8fb8	5	23481588	29320199	3100	0.5312
c4c97e2c-012d-4916-a258-5bb6972f8fb8	5	29320327	29747408	252	-0.0973
c4c97e2c-012d-4916-a258-5bb6972f8fb8	5	29748287	39775093	6087	0.5326
c4c97e2c-012d-4916-a258-5bb6972f8fb8	5	39776157	40511285	464	0.6485
c4c97e2c-012d-4916-a258-5bb6972f8fb8	5	40513055	43762072	1741	0.5561
c4c97e2c-012d-4916-a258-5bb6972f8fb8	5	43765313	43765631	2	-1.3074
c4c97e2c-012d-4916-a258-5bb6972f8fb8	5	43775442	44121430	155	0.508
c4c97e2c-012d-4916-a258-5bb6972f8fb8	5	44130513	44225203	46	-0.1164
c4c97e2c-012d-4916-a258-5bb6972f8fb8	5	44230453	45378354	485	0.535
c4c97e2c-012d-4916-a258-5bb6972f8fb8	5	45383300	52760598	1107	0.2521
c4c97e2c-012d-4916-a258-5bb6972f8fb8	5	52761512	55859590	1961	0.3237
c4c97e2c-012d-4916-a258-5bb6972f8fb8	5	55865025	56278364	245	0.2774
c4c97e2c-012d-4916-a258-5bb6972f8fb8	5	56280735	57014223	613	0.0261
c4c97e2c-012d-4916-a258-5bb6972f8fb8	5	57030527	60143443	2052	-0.0526
c4c97e2c-012d-4916-a258-5bb6972f8fb8	5	60151156	63262544	1741	0.1634
c4c97e2c-012d-4916-a258-5bb6972f8fb8	5	63263887	63264410	2	-0.9559
c4c97e2c-012d-4916-a258-5bb6972f8fb8	5	63265235	66712376	1641	0.1364
c4c97e2c-012d-4916-a258-5bb6972f8fb8	5	66714531	71567598	1912	-0.0289
c4c97e2c-012d-4916-a258-5bb6972f8fb8	5	71570661	71627531	32	0.2303
c4c97e2c-012d-4916-a258-5bb6972f8fb8	5	71631296	71984879	266	-0.0158
c4c97e2c-012d-4916-a258-5bb6972f8fb8	5	71988623	74310174	1531	0.3052
c4c97e2c-012d-4916-a258-5bb6972f8fb8	5	74310201	76943505	1569	0.2494
c4c97e2c-012d-4916-a258-5bb6972f8fb8	5	76943571	84990388	4646	0.3031
c4c97e2c-012d-4916-a258-5bb6972f8fb8	5	84990418	85313871	185	-0.0198
c4c97e2c-012d-4916-a258-5bb6972f8fb8	5	85320458	86202469	422	-0.4818
c4c97e2c-012d-4916-a258-5bb6972f8fb8	5	86209144	86811739	323	0.0464
c4c97e2c-012d-4916-a258-5bb6972f8fb8	5	86827462	87244216	234	0.1573
c4c97e2c-012d-4916-a258-5bb6972f8fb8	5	87245942	88692916	693	-0.0063
c4c97e2c-012d-4916-a258-5bb6972f8fb8	5	88703061	88841635	80	0.3098
c4c97e2c-012d-4916-a258-5bb6972f8fb8	5	88842225	90351345	756	0.3883
c4c97e2c-012d-4916-a258-5bb6972f8fb8	5	90352005	101346934	5152	0.3164
c4c97e2c-012d-4916-a258-5bb6972f8fb8	5	101349886	105382086	1928	0.2623
c4c97e2c-012d-4916-a258-5bb6972f8fb8	5	105384854	106677046	637	0.3178
c4c97e2c-012d-4916-a258-5bb6972f8fb8	5	106682957	108310470	1051	0.4003
c4c97e2c-012d-4916-a258-5bb6972f8fb8	5	108317360	117671991	5812	0.3064
c4c97e2c-012d-4916-a258-5bb6972f8fb8	5	117673282	123532202	3375	-0.0123
c4c97e2c-012d-4916-a258-5bb6972f8fb8	5	123535792	125876490	1484	0.0711
c4c97e2c-012d-4916-a258-5bb6972f8fb8	5	125876867	127121923	677	-0.0281
c4c97e2c-012d-4916-a258-5bb6972f8fb8	5	127122434	127122625	2	-1.475
c4c97e2c-012d-4916-a258-5bb6972f8fb8	5	127127947	127252879	66	-0.0497
c4c97e2c-012d-4916-a258-5bb6972f8fb8	5	127256409	127624854	221	0.048
c4c97e2c-012d-4916-a258-5bb6972f8fb8	5	127625409	130605603	1715	-0.0583
c4c97e2c-012d-4916-a258-5bb6972f8fb8	5	130617231	137303091	4133	0.2842
c4c97e2c-012d-4916-a258-5bb6972f8fb8	5	137303237	142431298	2421	0.2522
c4c97e2c-012d-4916-a258-5bb6972f8fb8	5	142432120	147308535	3227	0.283
c4c97e2c-012d-4916-a258-5bb6972f8fb8	5	147310222	149169282	1246	0.3205
c4c97e2c-012d-4916-a258-5bb6972f8fb8	5	149169548	151148538	1298	0.2638
c4c97e2c-012d-4916-a258-5bb6972f8fb8	5	151148996	154220027	2082	-0.0357
c4c97e2c-012d-4916-a258-5bb6972f8fb8	5	154225733	154465243	190	0.2639
c4c97e2c-012d-4916-a258-5bb6972f8fb8	5	154465433	154465503	2	-0.8179
c4c97e2c-012d-4916-a258-5bb6972f8fb8	5	154476927	157291422	1776	0.2632
c4c97e2c-012d-4916-a258-5bb6972f8fb8	5	157291772	157747243	314	-0.0586
c4c97e2c-012d-4916-a258-5bb6972f8fb8	5	157747652	159021999	878	0.0429
c4c97e2c-012d-4916-a258-5bb6972f8fb8	5	159023834	159284211	163	-0.4325
c4c97e2c-012d-4916-a258-5bb6972f8fb8	5	159284466	161381432	1443	-0.0069
c4c97e2c-012d-4916-a258-5bb6972f8fb8	5	161381796	164506425	1812	-0.0613
c4c97e2c-012d-4916-a258-5bb6972f8fb8	5	164507631	164573540	23	0.0602
c4c97e2c-012d-4916-a258-5bb6972f8fb8	5	164575822	168815458	2839	-0.103
c4c97e2c-012d-4916-a258-5bb6972f8fb8	5	168815539	171386173	1869	-0.0461
c4c97e2c-012d-4916-a258-5bb6972f8fb8	5	171388942	172358288	516	0.2552
c4c97e2c-012d-4916-a258-5bb6972f8fb8	5	172358633	172360116	2	-1.1776
c4c97e2c-012d-4916-a258-5bb6972f8fb8	5	172360891	179982885	4195	0.2266
c4c97e2c-012d-4916-a258-5bb6972f8fb8	5	179989634	180358989	219	-0.6097
c4c97e2c-012d-4916-a258-5bb6972f8fb8	5	180362391	180934240	199	0.197
c4c97e2c-012d-4916-a258-5bb6972f8fb8	6	1011760	2611892	1195	0.3163
c4c97e2c-012d-4916-a258-5bb6972f8fb8	6	2613088	5909545	2276	-0.0209
c4c97e2c-012d-4916-a258-5bb6972f8fb8	6	5910072	6628894	663	0.0675
c4c97e2c-012d-4916-a258-5bb6972f8fb8	6	6629754	23354448	11745	-0.0031
c4c97e2c-012d-4916-a258-5bb6972f8fb8	6	23365592	23999169	485	-0.4818
c4c97e2c-012d-4916-a258-5bb6972f8fb8	6	23999533	30832549	2836	-0.0331
c4c97e2c-012d-4916-a258-5bb6972f8fb8	6	30832800	33012203	254	-1.623
c4c97e2c-012d-4916-a258-5bb6972f8fb8	6	33012669	33196958	102	-0.5194
c4c97e2c-012d-4916-a258-5bb6972f8fb8	6	33206065	38080358	2672	0.2627
c4c97e2c-012d-4916-a258-5bb6972f8fb8	6	38080403	38229830	101	0.524
c4c97e2c-012d-4916-a258-5bb6972f8fb8	6	38231905	38247722	17	0.2296
c4c97e2c-012d-4916-a258-5bb6972f8fb8	6	38247828	39206836	724	0.5629
c4c97e2c-012d-4916-a258-5bb6972f8fb8	6	39209135	44498863	3337	0.7439
c4c97e2c-012d-4916-a258-5bb6972f8fb8	6	44499691	47954900	2168	0.829
c4c97e2c-012d-4916-a258-5bb6972f8fb8	6	47958803	51387793	1787	0.7578
c4c97e2c-012d-4916-a258-5bb6972f8fb8	6	51387907	57347009	3776	0.8292
c4c97e2c-012d-4916-a258-5bb6972f8fb8	6	61527062	61607255	9	-0.5905
c4c97e2c-012d-4916-a258-5bb6972f8fb8	6	61611031	67015943	2822	-0.4253
c4c97e2c-012d-4916-a258-5bb6972f8fb8	6	67016283	70612806	2121	-0.3862
c4c97e2c-012d-4916-a258-5bb6972f8fb8	6	70612914	86412543	8818	-0.4366
c4c97e2c-012d-4916-a258-5bb6972f8fb8	6	86412783	91134791	2982	-0.3828
c4c97e2c-012d-4916-a258-5bb6972f8fb8	6	91135218	111777884	11268	-0.4241
c4c97e2c-012d-4916-a258-5bb6972f8fb8	6	111778331	120939870	4999	-0.3856
c4c97e2c-012d-4916-a258-5bb6972f8fb8	6	120940149	125789243	2843	-0.4576
c4c97e2c-012d-4916-a258-5bb6972f8fb8	6	125790283	126377573	310	-1.1618
c4c97e2c-012d-4916-a258-5bb6972f8fb8	6	126379706	129037450	1484	-0.4546
c4c97e2c-012d-4916-a258-5bb6972f8fb8	6	129038658	131564423	1735	-0.4046
c4c97e2c-012d-4916-a258-5bb6972f8fb8	6	131574934	138381920	4594	-0.3684
c4c97e2c-012d-4916-a258-5bb6972f8fb8	6	138382068	159528837	13295	-0.4163
c4c97e2c-012d-4916-a258-5bb6972f8fb8	6	159530893	170596889	5676	-0.4936
c4c97e2c-012d-4916-a258-5bb6972f8fb8	7	664936	756025	24	0.374
c4c97e2c-012d-4916-a258-5bb6972f8fb8	7	761727	1702613	199	0.476
c4c97e2c-012d-4916-a258-5bb6972f8fb8	7	1703696	3567008	890	0.5869
c4c97e2c-012d-4916-a258-5bb6972f8fb8	7	3569863	7131745	1210	0.5087
c4c97e2c-012d-4916-a258-5bb6972f8fb8	7	7135275	9271574	1103	0.6288
c4c97e2c-012d-4916-a258-5bb6972f8fb8	7	9272642	9696492	276	0.5701
c4c97e2c-012d-4916-a258-5bb6972f8fb8	7	9696711	11318608	662	0.3407
c4c97e2c-012d-4916-a258-5bb6972f8fb8	7	11324451	11413735	76	0.0298
c4c97e2c-012d-4916-a258-5bb6972f8fb8	7	11414721	16130033	3457	0.3203
c4c97e2c-012d-4916-a258-5bb6972f8fb8	7	16131935	16169091	12	0.0623
c4c97e2c-012d-4916-a258-5bb6972f8fb8	7	16172191	20872493	2199	0.4073
c4c97e2c-012d-4916-a258-5bb6972f8fb8	7	20875782	21638475	547	0.3564
c4c97e2c-012d-4916-a258-5bb6972f8fb8	7	21639025	22509052	687	-0.3862
c4c97e2c-012d-4916-a258-5bb6972f8fb8	7	22516747	22534931	8	0.5992
c4c97e2c-012d-4916-a258-5bb6972f8fb8	7	22538399	22945029	324	1.2128
c4c97e2c-012d-4916-a258-5bb6972f8fb8	7	22945391	23136115	134	0.6644
c4c97e2c-012d-4916-a258-5bb6972f8fb8	7	23139414	23154394	10	-0.3988
c4c97e2c-012d-4916-a258-5bb6972f8fb8	7	23163810	23262018	60	0.6617
c4c97e2c-012d-4916-a258-5bb6972f8fb8	7	23263674	23296809	21	1.3304
c4c97e2c-012d-4916-a258-5bb6972f8fb8	7	23300540	23693773	215	0.5797
c4c97e2c-012d-4916-a258-5bb6972f8fb8	7	23695351	24048624	244	-0.4238
c4c97e2c-012d-4916-a258-5bb6972f8fb8	7	24056882	24076737	4	-0.0464
c4c97e2c-012d-4916-a258-5bb6972f8fb8	7	24081171	24311097	273	0.3983
c4c97e2c-012d-4916-a258-5bb6972f8fb8	7	24313453	24931870	461	0.04
c4c97e2c-012d-4916-a258-5bb6972f8fb8	7	24934339	29100597	2911	0.0805
c4c97e2c-012d-4916-a258-5bb6972f8fb8	7	29105280	35131294	3579	0.0245
c4c97e2c-012d-4916-a258-5bb6972f8fb8	7	35144515	35998809	575	-0.4354
c4c97e2c-012d-4916-a258-5bb6972f8fb8	7	36002612	39693337	2663	0.0299
c4c97e2c-012d-4916-a258-5bb6972f8fb8	7	39697197	45882579	3325	-0.0326
c4c97e2c-012d-4916-a258-5bb6972f8fb8	7	45885442	46454435	450	0.0218
c4c97e2c-012d-4916-a258-5bb6972f8fb8	7	46454448	50961725	3241	0.0725
c4c97e2c-012d-4916-a258-5bb6972f8fb8	7	50966104	52394848	1040	-0.0181
c4c97e2c-012d-4916-a258-5bb6972f8fb8	7	52403249	53245976	639	0.0739
c4c97e2c-012d-4916-a258-5bb6972f8fb8	7	53246041	63856364	2071	-0.0081
c4c97e2c-012d-4916-a258-5bb6972f8fb8	7	63857880	64455696	195	0.2736
c4c97e2c-012d-4916-a258-5bb6972f8fb8	7	64456651	67947414	1122	0.2437
c4c97e2c-012d-4916-a258-5bb6972f8fb8	7	67948035	69797347	1159	0.1793
c4c97e2c-012d-4916-a258-5bb6972f8fb8	7	69800703	71106761	753	0.3036
c4c97e2c-012d-4916-a258-5bb6972f8fb8	7	71107250	77130464	1770	0.2196
c4c97e2c-012d-4916-a258-5bb6972f8fb8	7	77135653	81565610	2900	0.2994
c4c97e2c-012d-4916-a258-5bb6972f8fb8	7	81567697	82102650	343	0.419
c4c97e2c-012d-4916-a258-5bb6972f8fb8	7	82104525	94909206	6395	0.3192
c4c97e2c-012d-4916-a258-5bb6972f8fb8	7	94911773	97870996	1812	0.2681
c4c97e2c-012d-4916-a258-5bb6972f8fb8	7	97871322	102807005	1752	0.226
c4c97e2c-012d-4916-a258-5bb6972f8fb8	7	102807165	104841014	1278	0.3334
c4c97e2c-012d-4916-a258-5bb6972f8fb8	7	104841421	105684187	367	0.264
c4c97e2c-012d-4916-a258-5bb6972f8fb8	7	105685709	108924915	1968	0.3509
c4c97e2c-012d-4916-a258-5bb6972f8fb8	7	108925160	115267443	3013	0.28
c4c97e2c-012d-4916-a258-5bb6972f8fb8	7	115267920	116219978	532	0.3552
c4c97e2c-012d-4916-a258-5bb6972f8fb8	7	116220426	116444873	157	-0.4327
c4c97e2c-012d-4916-a258-5bb6972f8fb8	7	116448785	117170961	553	0.3695
c4c97e2c-012d-4916-a258-5bb6972f8fb8	7	117170983	124241428	3863	0.2805
c4c97e2c-012d-4916-a258-5bb6972f8fb8	7	124246371	127553613	1828	0.3302
c4c97e2c-012d-4916-a258-5bb6972f8fb8	7	127560483	137777292	5926	0.2884
c4c97e2c-012d-4916-a258-5bb6972f8fb8	7	137781920	138810862	573	0.2185
c4c97e2c-012d-4916-a258-5bb6972f8fb8	7	138812480	139098828	175	0.2891
c4c97e2c-012d-4916-a258-5bb6972f8fb8	7	139111124	139684013	242	-0.5519
c4c97e2c-012d-4916-a258-5bb6972f8fb8	7	139685798	145567622	2786	0.2833
c4c97e2c-012d-4916-a258-5bb6972f8fb8	7	145570107	147369389	945	-0.0089
c4c97e2c-012d-4916-a258-5bb6972f8fb8	7	147369414	148259824	682	0.2845
c4c97e2c-012d-4916-a258-5bb6972f8fb8	7	148260540	149825277	818	-0.535
c4c97e2c-012d-4916-a258-5bb6972f8fb8	7	149827576	157023277	3702	0.2557
c4c97e2c-012d-4916-a258-5bb6972f8fb8	7	157035474	157454693	236	-0.6043
c4c97e2c-012d-4916-a258-5bb6972f8fb8	7	157458055	158592540	501	0.1967
c4c97e2c-012d-4916-a258-5bb6972f8fb8	8	667625	3129052	987	-0.5191
c4c97e2c-012d-4916-a258-5bb6972f8fb8	8	3129358	3130544	3	-2.0531
c4c97e2c-012d-4916-a258-5bb6972f8fb8	8	3131152	3271490	148	-0.4463
c4c97e2c-012d-4916-a258-5bb6972f8fb8	8	3277876	3278840	2	-2.7159
c4c97e2c-012d-4916-a258-5bb6972f8fb8	8	3282193	3500087	226	-0.4873
c4c97e2c-012d-4916-a258-5bb6972f8fb8	8	3500870	3502627	3	0.527
c4c97e2c-012d-4916-a258-5bb6972f8fb8	8	3502648	5358843	1235	-0.5053
c4c97e2c-012d-4916-a258-5bb6972f8fb8	8	5359154	10835431	1982	-0.4436
c4c97e2c-012d-4916-a258-5bb6972f8fb8	8	10838801	10846888	13	-1.2073
c4c97e2c-012d-4916-a258-5bb6972f8fb8	8	10847914	11452160	461	-0.4206
c4c97e2c-012d-4916-a258-5bb6972f8fb8	8	11452340	11452384	2	-2.2291
c4c97e2c-012d-4916-a258-5bb6972f8fb8	8	11452503	15001226	1984	-0.4039
c4c97e2c-012d-4916-a258-5bb6972f8fb8	8	15001930	23412185	6057	-0.5058
c4c97e2c-012d-4916-a258-5bb6972f8fb8	8	23412389	24844846	989	-0.3908
c4c97e2c-012d-4916-a258-5bb6972f8fb8	8	24852454	37091099	7601	-0.4571
c4c97e2c-012d-4916-a258-5bb6972f8fb8	8	37093283	37094396	2	-2.5139
c4c97e2c-012d-4916-a258-5bb6972f8fb8	8	37094705	39019330	940	-0.4556
c4c97e2c-012d-4916-a258-5bb6972f8fb8	8	39024798	43038751	2392	-0.3844
c4c97e2c-012d-4916-a258-5bb6972f8fb8	8	43042692	50825169	2026	-0.1724
c4c97e2c-012d-4916-a258-5bb6972f8fb8	8	50825337	52356933	973	-0.0893
c4c97e2c-012d-4916-a258-5bb6972f8fb8	8	52357181	58384433	3601	-0.1502
c4c97e2c-012d-4916-a258-5bb6972f8fb8	8	58386423	62019983	2325	-0.0797
c4c97e2c-012d-4916-a258-5bb6972f8fb8	8	62021423	62475559	279	-0.1241
c4c97e2c-012d-4916-a258-5bb6972f8fb8	8	62475617	63249396	493	-0.2061
c4c97e2c-012d-4916-a258-5bb6972f8fb8	8	63251576	67022494	1909	-0.1407
c4c97e2c-012d-4916-a258-5bb6972f8fb8	8	67023027	67038970	8	-0.7366
c4c97e2c-012d-4916-a258-5bb6972f8fb8	8	67047206	68768726	1011	-0.1498
c4c97e2c-012d-4916-a258-5bb6972f8fb8	8	68768930	72453214	2321	-0.1932
c4c97e2c-012d-4916-a258-5bb6972f8fb8	8	72453729	75011592	1666	-0.126
c4c97e2c-012d-4916-a258-5bb6972f8fb8	8	75011865	78154979	1710	-0.1831
c4c97e2c-012d-4916-a258-5bb6972f8fb8	8	78160161	80923012	1462	-0.1105
c4c97e2c-012d-4916-a258-5bb6972f8fb8	8	80923456	88084924	3683	-0.1851
c4c97e2c-012d-4916-a258-5bb6972f8fb8	8	88087415	91389979	1898	-0.133
c4c97e2c-012d-4916-a258-5bb6972f8fb8	8	91392594	94199950	1667	-0.1891
c4c97e2c-012d-4916-a258-5bb6972f8fb8	8	94204038	104262599	5939	-0.1387
c4c97e2c-012d-4916-a258-5bb6972f8fb8	8	104262909	109604734	2843	-0.1778
c4c97e2c-012d-4916-a258-5bb6972f8fb8	8	109604765	109604963	2	-1.9901
c4c97e2c-012d-4916-a258-5bb6972f8fb8	8	109605345	109622996	18	-0.316
c4c97e2c-012d-4916-a258-5bb6972f8fb8	8	109623492	115230290	2813	-0.1638
c4c97e2c-012d-4916-a258-5bb6972f8fb8	8	115230893	115231203	2	-1.3068
c4c97e2c-012d-4916-a258-5bb6972f8fb8	8	115232054	117470259	1373	-0.1344
c4c97e2c-012d-4916-a258-5bb6972f8fb8	8	117470383	120263260	2029	-0.2015
c4c97e2c-012d-4916-a258-5bb6972f8fb8	8	120264842	124893156	2995	-0.163
c4c97e2c-012d-4916-a258-5bb6972f8fb8	8	124893416	124948453	48	-0.3975
c4c97e2c-012d-4916-a258-5bb6972f8fb8	8	124952552	128152393	2314	-0.119
c4c97e2c-012d-4916-a258-5bb6972f8fb8	8	128153357	128153613	2	-1.4255
c4c97e2c-012d-4916-a258-5bb6972f8fb8	8	128154024	129627294	983	-0.0757
c4c97e2c-012d-4916-a258-5bb6972f8fb8	8	129627558	133526953	2843	-0.1408
c4c97e2c-012d-4916-a258-5bb6972f8fb8	8	133527055	133529315	10	-0.888
c4c97e2c-012d-4916-a258-5bb6972f8fb8	8	133530108	137681742	3044	-0.134
c4c97e2c-012d-4916-a258-5bb6972f8fb8	8	137681953	137682188	2	-1.2539
c4c97e2c-012d-4916-a258-5bb6972f8fb8	8	137682830	137972845	232	-0.1814
c4c97e2c-012d-4916-a258-5bb6972f8fb8	8	137973600	143329482	2429	-0.2404
c4c97e2c-012d-4916-a258-5bb6972f8fb8	8	143330459	144182542	191	-0.3314
c4c97e2c-012d-4916-a258-5bb6972f8fb8	9	789794	4690133	2848	0.0138
c4c97e2c-012d-4916-a258-5bb6972f8fb8	9	4690512	4894234	176	-0.4783
c4c97e2c-012d-4916-a258-5bb6972f8fb8	9	4896447	5277146	221	-0.3229
c4c97e2c-012d-4916-a258-5bb6972f8fb8	9	5277473	5707057	148	-0.4526
c4c97e2c-012d-4916-a258-5bb6972f8fb8	9	5708176	7561271	720	0.0177
c4c97e2c-012d-4916-a258-5bb6972f8fb8	9	7561323	14376039	3601	-0.0387
c4c97e2c-012d-4916-a258-5bb6972f8fb8	9	14382621	16106284	1342	0.0188
c4c97e2c-012d-4916-a258-5bb6972f8fb8	9	16106661	20776986	3813	-0.0474
c4c97e2c-012d-4916-a258-5bb6972f8fb8	9	20778968	23231526	1614	0.0227
c4c97e2c-012d-4916-a258-5bb6972f8fb8	9	23231698	30146065	3871	-0.0705
c4c97e2c-012d-4916-a258-5bb6972f8fb8	9	30158835	38746476	5237	-0.0303
c4c97e2c-012d-4916-a258-5bb6972f8fb8	9	38746622	69032494	549	0.0423
c4c97e2c-012d-4916-a258-5bb6972f8fb8	9	69032730	70850204	1292	-0.0164
c4c97e2c-012d-4916-a258-5bb6972f8fb8	9	70850744	70947807	79	-0.4231
c4c97e2c-012d-4916-a258-5bb6972f8fb8	9	70951646	71724805	603	0.61
c4c97e2c-012d-4916-a258-5bb6972f8fb8	9	71724861	72822510	671	-0.5335
c4c97e2c-012d-4916-a258-5bb6972f8fb8	9	72829992	77677091	3379	0.5885
c4c97e2c-012d-4916-a258-5bb6972f8fb8	9	77677585	78466077	438	0.499
c4c97e2c-012d-4916-a258-5bb6972f8fb8	9	78468981	81444987	2239	0.5513
c4c97e2c-012d-4916-a258-5bb6972f8fb8	9	81446407	82452237	505	0.475
c4c97e2c-012d-4916-a258-5bb6972f8fb8	9	82454109	87262765	3390	0.5427
c4c97e2c-012d-4916-a258-5bb6972f8fb8	9	87263189	88590870	931	0.4753
c4c97e2c-012d-4916-a258-5bb6972f8fb8	9	88592086	91164368	1839	0.5934
c4c97e2c-012d-4916-a258-5bb6972f8fb8	9	91165278	92598482	755	-0.0351
c4c97e2c-012d-4916-a258-5bb6972f8fb8	9	92598781	93301174	406	-0.1075
c4c97e2c-012d-4916-a258-5bb6972f8fb8	9	93301408	95540281	1454	-0.0237
c4c97e2c-012d-4916-a258-5bb6972f8fb8	9	95544132	97109078	921	-0.4914
c4c97e2c-012d-4916-a258-5bb6972f8fb8	9	97116175	97153443	14	0.5854
c4c97e2c-012d-4916-a258-5bb6972f8fb8	9	97159452	99219696	1398	-0.5402
c4c97e2c-012d-4916-a258-5bb6972f8fb8	9	99224306	99636081	267	0.0043
c4c97e2c-012d-4916-a258-5bb6972f8fb8	9	99637204	106093880	3772	-0.0443
c4c97e2c-012d-4916-a258-5bb6972f8fb8	9	106096046	107305532	820	0.026
c4c97e2c-012d-4916-a258-5bb6972f8fb8	9	107316535	109507200	1832	-0.0409
c4c97e2c-012d-4916-a258-5bb6972f8fb8	9	109509927	110831619	1014	0.0225
c4c97e2c-012d-4916-a258-5bb6972f8fb8	9	110833861	111491213	518	-0.4574
c4c97e2c-012d-4916-a258-5bb6972f8fb8	9	111495106	112616014	709	0.5969
c4c97e2c-012d-4916-a258-5bb6972f8fb8	9	112831449	112942342	97	-0.0025
c4c97e2c-012d-4916-a258-5bb6972f8fb8	9	112951736	115913253	2024	0.5894
c4c97e2c-012d-4916-a258-5bb6972f8fb8	9	115916091	119535879	2761	0.5287
c4c97e2c-012d-4916-a258-5bb6972f8fb8	9	119536006	121828141	1575	0.5751
c4c97e2c-012d-4916-a258-5bb6972f8fb8	9	121828142	121938824	84	0.7358
c4c97e2c-012d-4916-a258-5bb6972f8fb8	9	121938886	122617948	491	0.6226
c4c97e2c-012d-4916-a258-5bb6972f8fb8	9	122623608	122629090	6	0.9936
c4c97e2c-012d-4916-a258-5bb6972f8fb8	9	122629130	127375940	2831	0.5694
c4c97e2c-012d-4916-a258-5bb6972f8fb8	9	127376635	131598767	2221	0.5047
c4c97e2c-012d-4916-a258-5bb6972f8fb8	9	131600790	132779089	795	0.5806
c4c97e2c-012d-4916-a258-5bb6972f8fb8	9	132779552	138044505	2210	0.5237
c4c97e2c-012d-4916-a258-5bb6972f8fb8	10	366509	1511146	425	-0.5403
c4c97e2c-012d-4916-a258-5bb6972f8fb8	10	1512215	1762385	156	-0.7241
c4c97e2c-012d-4916-a258-5bb6972f8fb8	10	1764326	3485038	1077	-0.5318
c4c97e2c-012d-4916-a258-5bb6972f8fb8	10	3487916	5470313	1659	-0.4462
c4c97e2c-012d-4916-a258-5bb6972f8fb8	10	5475688	14184874	6711	-0.5079
c4c97e2c-012d-4916-a258-5bb6972f8fb8	10	14185290	14185417	2	-2.9276
c4c97e2c-012d-4916-a258-5bb6972f8fb8	10	14185551	16360256	1635	-0.4914
c4c97e2c-012d-4916-a258-5bb6972f8fb8	10	16361844	19212237	2025	-0.564
c4c97e2c-012d-4916-a258-5bb6972f8fb8	10	19212278	19651898	330	-0.5134
c4c97e2c-012d-4916-a258-5bb6972f8fb8	10	19651915	19652079	2	-2.4923
c4c97e2c-012d-4916-a258-5bb6972f8fb8	10	19652098	44372387	13489	-0.5034
c4c97e2c-012d-4916-a258-5bb6972f8fb8	10	44372809	44373979	2	-3.1828
c4c97e2c-012d-4916-a258-5bb6972f8fb8	10	44374567	48579731	1195	-0.513
c4c97e2c-012d-4916-a258-5bb6972f8fb8	10	48579771	48585261	6	-2.0817
c4c97e2c-012d-4916-a258-5bb6972f8fb8	10	48585470	51402377	1412	-0.479
c4c97e2c-012d-4916-a258-5bb6972f8fb8	10	51402536	59349357	4789	-0.5245
c4c97e2c-012d-4916-a258-5bb6972f8fb8	10	59349970	62244574	2049	-0.4599
c4c97e2c-012d-4916-a258-5bb6972f8fb8	10	62246013	62964336	475	-3.8276
c4c97e2c-012d-4916-a258-5bb6972f8fb8	10	62971836	69303560	3383	-0.4761
c4c97e2c-012d-4916-a258-5bb6972f8fb8	10	69305442	81006216	7117	-0.5424
c4c97e2c-012d-4916-a258-5bb6972f8fb8	10	81007072	81070042	45	-1.1496
c4c97e2c-012d-4916-a258-5bb6972f8fb8	10	81070654	81355678	145	-0.4967
c4c97e2c-012d-4916-a258-5bb6972f8fb8	10	81355880	81398821	33	-1.1473
c4c97e2c-012d-4916-a258-5bb6972f8fb8	10	81408966	82120992	529	-0.5281
c4c97e2c-012d-4916-a258-5bb6972f8fb8	10	82121116	87857400	3698	-0.4765
c4c97e2c-012d-4916-a258-5bb6972f8fb8	10	87857644	87976151	191	-0.3317
c4c97e2c-012d-4916-a258-5bb6972f8fb8	10	87977344	88785659	509	-0.4985
c4c97e2c-012d-4916-a258-5bb6972f8fb8	10	88786076	89669514	666	-3.678
c4c97e2c-012d-4916-a258-5bb6972f8fb8	10	89672646	89677406	2	-2.0972
c4c97e2c-012d-4916-a258-5bb6972f8fb8	10	89687767	97021868	4263	-0.4568
c4c97e2c-012d-4916-a258-5bb6972f8fb8	10	97022722	108618760	6973	-0.5276
c4c97e2c-012d-4916-a258-5bb6972f8fb8	10	108619838	110814794	1299	-0.4635
c4c97e2c-012d-4916-a258-5bb6972f8fb8	10	110817418	114734942	2777	-1.2568
c4c97e2c-012d-4916-a258-5bb6972f8fb8	10	114735075	117439752	1748	-0.4935
c4c97e2c-012d-4916-a258-5bb6972f8fb8	10	117441684	117443225	5	-1.6341
c4c97e2c-012d-4916-a258-5bb6972f8fb8	10	117443251	120925550	2500	-0.5059
c4c97e2c-012d-4916-a258-5bb6972f8fb8	10	120931186	122515627	1373	-0.5775
c4c97e2c-012d-4916-a258-5bb6972f8fb8	10	122516728	123491619	688	-0.46
c4c97e2c-012d-4916-a258-5bb6972f8fb8	10	123491892	129362882	4283	-0.5567
c4c97e2c-012d-4916-a258-5bb6972f8fb8	10	129365991	133411599	1419	-0.634
c4c97e2c-012d-4916-a258-5bb6972f8fb8	11	456012	3228599	932	-0.1524
c4c97e2c-012d-4916-a258-5bb6972f8fb8	11	3234828	11259739	5154	-0.0228
c4c97e2c-012d-4916-a258-5bb6972f8fb8	11	11260849	13175662	1725	-0.0864
c4c97e2c-012d-4916-a258-5bb6972f8fb8	11	13181352	25071437	8176	-0.0366
c4c97e2c-012d-4916-a258-5bb6972f8fb8	11	25072297	29354523	2600	0.0024
c4c97e2c-012d-4916-a258-5bb6972f8fb8	11	29354899	33045602	2361	-0.0498
c4c97e2c-012d-4916-a258-5bb6972f8fb8	11	33045822	35526683	1783	0.0252
c4c97e2c-012d-4916-a258-5bb6972f8fb8	11	35528740	40384081	2620	-0.0459
c4c97e2c-012d-4916-a258-5bb6972f8fb8	11	40394785	43632283	2213	0.0127
c4c97e2c-012d-4916-a258-5bb6972f8fb8	11	43632414	50096159	3108	-0.0556
c4c97e2c-012d-4916-a258-5bb6972f8fb8	11	50101778	56546400	189	-0.5018
c4c97e2c-012d-4916-a258-5bb6972f8fb8	11	56546413	57201407	395	-0.2125
c4c97e2c-012d-4916-a258-5bb6972f8fb8	11	57201485	58103693	458	-0.2952
c4c97e2c-012d-4916-a258-5bb6972f8fb8	11	58104394	60998512	1684	-0.1976
c4c97e2c-012d-4916-a258-5bb6972f8fb8	11	60998581	63532586	1288	-0.3014
c4c97e2c-012d-4916-a258-5bb6972f8fb8	11	63533547	71615907	3058	-0.3577
c4c97e2c-012d-4916-a258-5bb6972f8fb8	11	71623337	72580897	365	-0.2761
c4c97e2c-012d-4916-a258-5bb6972f8fb8	11	72581123	72794770	98	-0.4364
c4c97e2c-012d-4916-a258-5bb6972f8fb8	11	72799316	75726585	1553	-0.2616
c4c97e2c-012d-4916-a258-5bb6972f8fb8	11	75727879	77790732	1077	0.162
c4c97e2c-012d-4916-a258-5bb6972f8fb8	11	77794935	79305234	1015	0.1002
c4c97e2c-012d-4916-a258-5bb6972f8fb8	11	79305254	79305269	2	-0.9426
c4c97e2c-012d-4916-a258-5bb6972f8fb8	11	79305315	79654333	315	0.0816
c4c97e2c-012d-4916-a258-5bb6972f8fb8	11	79654376	80546925	679	0.1423
c4c97e2c-012d-4916-a258-5bb6972f8fb8	11	80553160	81065353	346	0.2215
c4c97e2c-012d-4916-a258-5bb6972f8fb8	11	81068373	81089157	18	0.484
c4c97e2c-012d-4916-a258-5bb6972f8fb8	11	81091392	81170429	55	0.1831
c4c97e2c-012d-4916-a258-5bb6972f8fb8	11	81171346	88848025	4688	0.4464
c4c97e2c-012d-4916-a258-5bb6972f8fb8	11	88852844	92931854	2252	0.3824
c4c97e2c-012d-4916-a258-5bb6972f8fb8	11	92933397	95014972	1147	0.4398
c4c97e2c-012d-4916-a258-5bb6972f8fb8	11	95016530	97345071	1656	0.6946
c4c97e2c-012d-4916-a258-5bb6972f8fb8	11	97345147	97386121	32	0.4933
c4c97e2c-012d-4916-a258-5bb6972f8fb8	11	97387038	98106708	395	0.3733
c4c97e2c-012d-4916-a258-5bb6972f8fb8	11	98107633	98354935	110	0.6052
c4c97e2c-012d-4916-a258-5bb6972f8fb8	11	98356035	98734401	205	0.4211
c4c97e2c-012d-4916-a258-5bb6972f8fb8	11	98735093	98832151	65	0.6691
c4c97e2c-012d-4916-a258-5bb6972f8fb8	11	98833342	99073577	205	0.4113
c4c97e2c-012d-4916-a258-5bb6972f8fb8	11	99074770	99117578	44	0.6766
c4c97e2c-012d-4916-a258-5bb6972f8fb8	11	99119127	100285384	855	0.1425
c4c97e2c-012d-4916-a258-5bb6972f8fb8	11	100294599	102445900	1457	0.4463
c4c97e2c-012d-4916-a258-5bb6972f8fb8	11	102446880	104570364	1351	0.5542
c4c97e2c-012d-4916-a258-5bb6972f8fb8	11	104572210	105401383	404	0.4776
c4c97e2c-012d-4916-a258-5bb6972f8fb8	11	105401480	106012887	352	0.1459
c4c97e2c-012d-4916-a258-5bb6972f8fb8	11	106013358	109627315	2024	0.4332
c4c97e2c-012d-4916-a258-5bb6972f8fb8	11	109628875	111538386	1354	0.5208
c4c97e2c-012d-4916-a258-5bb6972f8fb8	11	111546855	114938998	2269	0.4566
c4c97e2c-012d-4916-a258-5bb6972f8fb8	11	114939016	116156998	865	0.5429
c4c97e2c-012d-4916-a258-5bb6972f8fb8	11	116159140	118300680	1588	0.4344
c4c97e2c-012d-4916-a258-5bb6972f8fb8	11	118301649	119110315	514	0.3662
c4c97e2c-012d-4916-a258-5bb6972f8fb8	11	119114441	127469794	6004	0.4391
c4c97e2c-012d-4916-a258-5bb6972f8fb8	11	127470580	129348618	1431	0.5149
c4c97e2c-012d-4916-a258-5bb6972f8fb8	11	129349134	134270258	3046	0.4313
c4c97e2c-012d-4916-a258-5bb6972f8fb8	11	134272636	134272740	2	-0.4394
c4c97e2c-012d-4916-a258-5bb6972f8fb8	12	780472	4747879	2217	0.2913
c4c97e2c-012d-4916-a258-5bb6972f8fb8	12	4750552	7167922	1691	-0.5426
c4c97e2c-012d-4916-a258-5bb6972f8fb8	12	7168329	18540818	6287	-0.46
c4c97e2c-012d-4916-a258-5bb6972f8fb8	12	18540818	21592845	1860	-0.5252
c4c97e2c-012d-4916-a258-5bb6972f8fb8	12	21594699	25508832	2555	-0.408
c4c97e2c-012d-4916-a258-5bb6972f8fb8	12	25515150	25630299	90	-1.1391
c4c97e2c-012d-4916-a258-5bb6972f8fb8	12	25631067	26950069	952	-0.4196
c4c97e2c-012d-4916-a258-5bb6972f8fb8	12	26955402	27252787	118	-0.0081
c4c97e2c-012d-4916-a258-5bb6972f8fb8	12	27253076	27412652	81	-0.418
c4c97e2c-012d-4916-a258-5bb6972f8fb8	12	27416130	27597515	148	-1.1848
c4c97e2c-012d-4916-a258-5bb6972f8fb8	12	27598292	27652906	42	-0.3884
c4c97e2c-012d-4916-a258-5bb6972f8fb8	12	27658291	27770021	73	-1.1175
c4c97e2c-012d-4916-a258-5bb6972f8fb8	12	27772744	28421337	400	-0.4091
c4c97e2c-012d-4916-a258-5bb6972f8fb8	12	28423707	39268072	3421	0.3138
c4c97e2c-012d-4916-a258-5bb6972f8fb8	12	39272339	41558993	1466	0.3683
c4c97e2c-012d-4916-a258-5bb6972f8fb8	12	41559022	48682028	3846	0.3093
c4c97e2c-012d-4916-a258-5bb6972f8fb8	12	48685733	49450144	286	-0.5233
c4c97e2c-012d-4916-a258-5bb6972f8fb8	12	49458095	49926225	209	0.2541
c4c97e2c-012d-4916-a258-5bb6972f8fb8	12	49928063	50639351	324	-0.5024
c4c97e2c-012d-4916-a258-5bb6972f8fb8	12	50643142	54199278	1949	0.2678
c4c97e2c-012d-4916-a258-5bb6972f8fb8	12	54203922	54545062	122	-0.0485
c4c97e2c-012d-4916-a258-5bb6972f8fb8	12	54548055	55633791	688	0.3091
c4c97e2c-012d-4916-a258-5bb6972f8fb8	12	55634083	57882692	1036	0.2286
c4c97e2c-012d-4916-a258-5bb6972f8fb8	12	57883216	63077786	3337	0.2818
c4c97e2c-012d-4916-a258-5bb6972f8fb8	12	63078475	64119350	506	0.3471
c4c97e2c-012d-4916-a258-5bb6972f8fb8	12	64124867	64913826	433	0.2603
c4c97e2c-012d-4916-a258-5bb6972f8fb8	12	64916296	65308954	221	0.3585
c4c97e2c-012d-4916-a258-5bb6972f8fb8	12	65310864	66851310	981	0.2672
c4c97e2c-012d-4916-a258-5bb6972f8fb8	12	66851401	70534944	2612	0.3243
c4c97e2c-012d-4916-a258-5bb6972f8fb8	12	70539907	70987361	343	0.4068
c4c97e2c-012d-4916-a258-5bb6972f8fb8	12	70987768	72633607	918	0.3226
c4c97e2c-012d-4916-a258-5bb6972f8fb8	12	72634945	74207536	694	0.2613
c4c97e2c-012d-4916-a258-5bb6972f8fb8	12	74207690	77944606	2501	0.322
c4c97e2c-012d-4916-a258-5bb6972f8fb8	12	77944867	83752983	3482	-0.4935
c4c97e2c-012d-4916-a258-5bb6972f8fb8	12	83753023	83763954	16	-4.2564
c4c97e2c-012d-4916-a258-5bb6972f8fb8	12	83767406	89572565	3164	-0.4751
c4c97e2c-012d-4916-a258-5bb6972f8fb8	12	89575007	93764711	2597	-0.4187
c4c97e2c-012d-4916-a258-5bb6972f8fb8	12	93764964	95620478	1409	-0.4887
c4c97e2c-012d-4916-a258-5bb6972f8fb8	12	95623108	95623148	2	-2.8139
c4c97e2c-012d-4916-a258-5bb6972f8fb8	12	95625775	99710410	2680	-0.4741
c4c97e2c-012d-4916-a258-5bb6972f8fb8	12	99710499	99714135	2	-2.1916
c4c97e2c-012d-4916-a258-5bb6972f8fb8	12	99720655	101019897	724	-0.4972
c4c97e2c-012d-4916-a258-5bb6972f8fb8	12	101020139	101025540	3	-1.3698
c4c97e2c-012d-4916-a258-5bb6972f8fb8	12	101028599	103679574	1672	-0.4407
c4c97e2c-012d-4916-a258-5bb6972f8fb8	12	103681850	104539603	619	-0.5325
c4c97e2c-012d-4916-a258-5bb6972f8fb8	12	104542226	104724774	161	0.2683
c4c97e2c-012d-4916-a258-5bb6972f8fb8	12	104727314	104768076	25	-0.5019
c4c97e2c-012d-4916-a258-5bb6972f8fb8	12	104773509	108720305	2743	0.2976
c4c97e2c-012d-4916-a258-5bb6972f8fb8	12	108727586	112573576	1800	0.2238
c4c97e2c-012d-4916-a258-5bb6972f8fb8	12	112576658	115394216	1792	0.2662
c4c97e2c-012d-4916-a258-5bb6972f8fb8	12	115396584	116705505	1006	0.3389
c4c97e2c-012d-4916-a258-5bb6972f8fb8	12	116705614	121454983	2874	0.2612
c4c97e2c-012d-4916-a258-5bb6972f8fb8	12	121455823	123497083	767	0.1961
c4c97e2c-012d-4916-a258-5bb6972f8fb8	12	123499479	125980850	1583	0.2671
c4c97e2c-012d-4916-a258-5bb6972f8fb8	12	125981136	127686873	1216	0.347
c4c97e2c-012d-4916-a258-5bb6972f8fb8	12	127687756	132605822	1582	0.2475
c4c97e2c-012d-4916-a258-5bb6972f8fb8	13	18874255	20994945	742	-0.066
c4c97e2c-012d-4916-a258-5bb6972f8fb8	13	20996042	21145265	86	0.2189
c4c97e2c-012d-4916-a258-5bb6972f8fb8	13	21148051	24003893	1633	-0.0381
c4c97e2c-012d-4916-a258-5bb6972f8fb8	13	24003971	24354315	309	-0.5187
c4c97e2c-012d-4916-a258-5bb6972f8fb8	13	24445886	26534787	1261	-0.0344
c4c97e2c-012d-4916-a258-5bb6972f8fb8	13	26536384	34259790	5503	0.0034
c4c97e2c-012d-4916-a258-5bb6972f8fb8	13	34260930	41327951	4742	-0.0256
c4c97e2c-012d-4916-a258-5bb6972f8fb8	13	41334838	42242009	637	0.0558
c4c97e2c-012d-4916-a258-5bb6972f8fb8	13	42242811	42629160	277	-0.002
c4c97e2c-012d-4916-a258-5bb6972f8fb8	13	42655690	42658787	8	0.3848
c4c97e2c-012d-4916-a258-5bb6972f8fb8	13	42658840	43217904	152	-0.0117
c4c97e2c-012d-4916-a258-5bb6972f8fb8	13	43218266	43219774	2	-1.1174
c4c97e2c-012d-4916-a258-5bb6972f8fb8	13	43219796	43614140	320	-0.0341
c4c97e2c-012d-4916-a258-5bb6972f8fb8	13	43614319	43639455	19	0.3941
c4c97e2c-012d-4916-a258-5bb6972f8fb8	13	43641368	47661316	2639	-0.0097
c4c97e2c-012d-4916-a258-5bb6972f8fb8	13	47667349	52758217	2140	-0.4368
c4c97e2c-012d-4916-a258-5bb6972f8fb8	13	52758420	53626611	565	-0.5462
c4c97e2c-012d-4916-a258-5bb6972f8fb8	13	53626869	73090337	9800	-0.4673
c4c97e2c-012d-4916-a258-5bb6972f8fb8	13	73090509	76230233	2315	-0.0305
c4c97e2c-012d-4916-a258-5bb6972f8fb8	13	76239132	78661684	1540	0.0431
c4c97e2c-012d-4916-a258-5bb6972f8fb8	13	78663396	81028927	1474	-0.0493
c4c97e2c-012d-4916-a258-5bb6972f8fb8	13	81032610	82994224	1085	-1.1615
c4c97e2c-012d-4916-a258-5bb6972f8fb8	13	82998099	96135147	7794	-0.062
c4c97e2c-012d-4916-a258-5bb6972f8fb8	13	96137312	100504484	2760	0.0011
c4c97e2c-012d-4916-a258-5bb6972f8fb8	13	100505075	104609706	3252	-0.0442
c4c97e2c-012d-4916-a258-5bb6972f8fb8	13	104609783	106566063	991	-1.3715
c4c97e2c-012d-4916-a258-5bb6972f8fb8	13	106573182	108361839	1370	-0.0624
c4c97e2c-012d-4916-a258-5bb6972f8fb8	13	108362115	110075421	1329	0.0197
c4c97e2c-012d-4916-a258-5bb6972f8fb8	13	110082713	114226675	2182	-0.0542
c4c97e2c-012d-4916-a258-5bb6972f8fb8	14	20033191	20048196	7	0.2455
c4c97e2c-012d-4916-a258-5bb6972f8fb8	14	20048235	30139801	5019	-0.0352
c4c97e2c-012d-4916-a258-5bb6972f8fb8	14	30145851	32757443	1517	-0.0185
c4c97e2c-012d-4916-a258-5bb6972f8fb8	14	32757466	33763217	929	0.0526
c4c97e2c-012d-4916-a258-5bb6972f8fb8	14	33763505	37053611	1968	-0.015
c4c97e2c-012d-4916-a258-5bb6972f8fb8	14	37054309	38272771	640	-0.085
c4c97e2c-012d-4916-a258-5bb6972f8fb8	14	38275428	40890782	1312	-0.0173
c4c97e2c-012d-4916-a258-5bb6972f8fb8	14	40896443	44844364	1585	0.0268
c4c97e2c-012d-4916-a258-5bb6972f8fb8	14	44844442	60260152	9216	-0.0157
c4c97e2c-012d-4916-a258-5bb6972f8fb8	14	60262329	62656945	1455	0.0525
c4c97e2c-012d-4916-a258-5bb6972f8fb8	14	62657077	72936879	6221	-0.0112
c4c97e2c-012d-4916-a258-5bb6972f8fb8	14	72937108	94507307	13458	-0.0416
c4c97e2c-012d-4916-a258-5bb6972f8fb8	14	94508927	103962378	6063	-0.0773
c4c97e2c-012d-4916-a258-5bb6972f8fb8	14	103965998	104923545	218	0.2361
c4c97e2c-012d-4916-a258-5bb6972f8fb8	14	104930356	105453862	167	0.4884
c4c97e2c-012d-4916-a258-5bb6972f8fb8	14	105468051	105533894	16	0.3309
c4c97e2c-012d-4916-a258-5bb6972f8fb8	15	23437561	23519076	64	-0.0099
c4c97e2c-012d-4916-a258-5bb6972f8fb8	15	23519300	25252170	792	-0.1115
c4c97e2c-012d-4916-a258-5bb6972f8fb8	15	25254781	26816822	1121	-0.0103
c4c97e2c-012d-4916-a258-5bb6972f8fb8	15	26817359	31359784	1083	-0.106
c4c97e2c-012d-4916-a258-5bb6972f8fb8	15	31360792	33324985	816	-0.0404
c4c97e2c-012d-4916-a258-5bb6972f8fb8	15	33325332	33326309	2	-1.2851
c4c97e2c-012d-4916-a258-5bb6972f8fb8	15	33326618	36481730	2058	-0.0328
c4c97e2c-012d-4916-a258-5bb6972f8fb8	15	36483861	37312418	596	-0.4934
c4c97e2c-012d-4916-a258-5bb6972f8fb8	15	37333480	40047941	1872	-0.0051
c4c97e2c-012d-4916-a258-5bb6972f8fb8	15	40051342	46917816	3293	-0.0677
c4c97e2c-012d-4916-a258-5bb6972f8fb8	15	46918982	54437784	4876	-0.0214
c4c97e2c-012d-4916-a258-5bb6972f8fb8	15	54440373	55666164	762	-0.0977
c4c97e2c-012d-4916-a258-5bb6972f8fb8	15	55666219	56931885	658	-0.0187
c4c97e2c-012d-4916-a258-5bb6972f8fb8	15	56934416	61485585	3278	-0.4841
c4c97e2c-012d-4916-a258-5bb6972f8fb8	15	61485639	62949816	1143	-0.5553
c4c97e2c-012d-4916-a258-5bb6972f8fb8	15	62950012	65299811	1223	-0.0781
c4c97e2c-012d-4916-a258-5bb6972f8fb8	15	65300107	67872242	1604	-0.5318
c4c97e2c-012d-4916-a258-5bb6972f8fb8	15	67873146	75199879	4312	-0.058
c4c97e2c-012d-4916-a258-5bb6972f8fb8	15	75203986	76461727	533	-0.4988
c4c97e2c-012d-4916-a258-5bb6972f8fb8	15	76467890	91470672	8541	-0.0609
c4c97e2c-012d-4916-a258-5bb6972f8fb8	15	91474401	91474765	2	-1.8721
c4c97e2c-012d-4916-a258-5bb6972f8fb8	15	91480507	93878429	1510	-0.0701
c4c97e2c-012d-4916-a258-5bb6972f8fb8	15	93880259	93881294	2	-1.2559
c4c97e2c-012d-4916-a258-5bb6972f8fb8	15	93882072	94957423	642	-0.071
c4c97e2c-012d-4916-a258-5bb6972f8fb8	15	94967948	97711897	1957	-0.1278
c4c97e2c-012d-4916-a258-5bb6972f8fb8	15	97712686	97909211	162	-0.0394
c4c97e2c-012d-4916-a258-5bb6972f8fb8	15	97912295	97912623	2	-1.2494
c4c97e2c-012d-4916-a258-5bb6972f8fb8	15	97913346	101344124	1868	-0.0547
c4c97e2c-012d-4916-a258-5bb6972f8fb8	16	603333	7778862	3308	-0.1021
c4c97e2c-012d-4916-a258-5bb6972f8fb8	16	7779736	14653245	4945	-0.0433
c4c97e2c-012d-4916-a258-5bb6972f8fb8	16	14657199	21211351	1335	0.2515
c4c97e2c-012d-4916-a258-5bb6972f8fb8	16	21212333	22773239	66	0.0031
c4c97e2c-012d-4916-a258-5bb6972f8fb8	16	22773883	27263619	3093	0.2794
c4c97e2c-012d-4916-a258-5bb6972f8fb8	16	27271963	27287191	8	-0.5375
c4c97e2c-012d-4916-a258-5bb6972f8fb8	16	27287920	31841585	1289	0.2194
c4c97e2c-012d-4916-a258-5bb6972f8fb8	16	46470502	48790188	1029	-0.014
c4c97e2c-012d-4916-a258-5bb6972f8fb8	16	48790873	55891843	5316	-0.0729
c4c97e2c-012d-4916-a258-5bb6972f8fb8	16	55892329	60125618	2586	-0.0195
c4c97e2c-012d-4916-a258-5bb6972f8fb8	16	60126691	75487132	8534	-0.0578
c4c97e2c-012d-4916-a258-5bb6972f8fb8	16	75489068	81399465	4846	0.0105
c4c97e2c-012d-4916-a258-5bb6972f8fb8	16	81399515	81928268	387	-0.107
c4c97e2c-012d-4916-a258-5bb6972f8fb8	16	81928347	82780337	766	-0.003
c4c97e2c-012d-4916-a258-5bb6972f8fb8	16	82780352	89317317	3705	-0.0738
c4c97e2c-012d-4916-a258-5bb6972f8fb8	17	1074619	21774057	9712	-0.5695
c4c97e2c-012d-4916-a258-5bb6972f8fb8	17	26943491	28511274	747	0.4892
c4c97e2c-012d-4916-a258-5bb6972f8fb8	17	28511733	29144381	261	0.1824
c4c97e2c-012d-4916-a258-5bb6972f8fb8	17	29144759	38360918	3991	0.2644
c4c97e2c-012d-4916-a258-5bb6972f8fb8	17	38361560	40402968	929	0.2077
c4c97e2c-012d-4916-a258-5bb6972f8fb8	17	40403781	41487608	614	0.3091
c4c97e2c-012d-4916-a258-5bb6972f8fb8	17	41487633	42383827	416	0.2028
c4c97e2c-012d-4916-a258-5bb6972f8fb8	17	42387242	51598125	3662	-0.1013
c4c97e2c-012d-4916-a258-5bb6972f8fb8	17	51598167	51896448	272	0.526
c4c97e2c-012d-4916-a258-5bb6972f8fb8	17	51896575	54933309	1759	-0.0582
c4c97e2c-012d-4916-a258-5bb6972f8fb8	17	54941793	55890316	707	0.0256
c4c97e2c-012d-4916-a258-5bb6972f8fb8	17	55890413	56680534	633	-0.0341
c4c97e2c-012d-4916-a258-5bb6972f8fb8	17	56681196	59950306	1856	-0.0778
c4c97e2c-012d-4916-a258-5bb6972f8fb8	17	59950337	63692121	1747	-0.0316
c4c97e2c-012d-4916-a258-5bb6972f8fb8	17	63705560	64770477	500	0.2284
c4c97e2c-012d-4916-a258-5bb6972f8fb8	17	64770492	64936097	22	-0.0343
c4c97e2c-012d-4916-a258-5bb6972f8fb8	17	64936226	65543475	404	0.2544
c4c97e2c-012d-4916-a258-5bb6972f8fb8	17	65545072	70735206	3200	0.5265
c4c97e2c-012d-4916-a258-5bb6972f8fb8	17	70739551	70826038	68	-0.0232
c4c97e2c-012d-4916-a258-5bb6972f8fb8	17	70829343	70829484	2	-1.799
c4c97e2c-012d-4916-a258-5bb6972f8fb8	17	70830967	75626909	2720	-0.1157
c4c97e2c-012d-4916-a258-5bb6972f8fb8	17	75641916	77287459	761	0.2638
c4c97e2c-012d-4916-a258-5bb6972f8fb8	17	77292989	77408226	55	-0.1033
c4c97e2c-012d-4916-a258-5bb6972f8fb8	17	77408907	77412223	3	0.4371
c4c97e2c-012d-4916-a258-5bb6972f8fb8	17	77412805	77568225	25	-0.2058
c4c97e2c-012d-4916-a258-5bb6972f8fb8	17	77568698	77616482	35	-0.012
c4c97e2c-012d-4916-a258-5bb6972f8fb8	17	77622898	79549025	895	-0.5148
c4c97e2c-012d-4916-a258-5bb6972f8fb8	17	79656995	82959812	1256	-0.0685
c4c97e2c-012d-4916-a258-5bb6972f8fb8	18	326691	1707244	514	0.2953
c4c97e2c-012d-4916-a258-5bb6972f8fb8	18	1709903	5029558	1866	-0.0045
c4c97e2c-012d-4916-a258-5bb6972f8fb8	18	5030519	7002203	991	-0.0857
c4c97e2c-012d-4916-a258-5bb6972f8fb8	18	7002597	7003719	2	-1.2807
c4c97e2c-012d-4916-a258-5bb6972f8fb8	18	7004053	7862683	600	-0.1173
c4c97e2c-012d-4916-a258-5bb6972f8fb8	18	7864173	12639896	3324	-0.0408
c4c97e2c-012d-4916-a258-5bb6972f8fb8	18	12644345	12797031	68	0.3377
c4c97e2c-012d-4916-a258-5bb6972f8fb8	18	12797695	13666769	588	0.5696
c4c97e2c-012d-4916-a258-5bb6972f8fb8	18	13667137	14470640	275	0.3331
c4c97e2c-012d-4916-a258-5bb6972f8fb8	18	14481714	14483937	3	-0.4828
c4c97e2c-012d-4916-a258-5bb6972f8fb8	18	14491036	14641845	35	0.2726
c4c97e2c-012d-4916-a258-5bb6972f8fb8	18	14642857	21361938	115	0.4771
c4c97e2c-012d-4916-a258-5bb6972f8fb8	18	21371162	21478581	49	0.2709
c4c97e2c-012d-4916-a258-5bb6972f8fb8	18	21479664	21745244	83	0.1978
c4c97e2c-012d-4916-a258-5bb6972f8fb8	18	21745521	24921339	1963	-0.0528
c4c97e2c-012d-4916-a258-5bb6972f8fb8	18	24921528	24935682	9	0.5241
c4c97e2c-012d-4916-a258-5bb6972f8fb8	18	24937065	24942135	6	0.23
c4c97e2c-012d-4916-a258-5bb6972f8fb8	18	24945267	26284388	811	-0.0277
c4c97e2c-012d-4916-a258-5bb6972f8fb8	18	26293742	26527965	146	0.2955
c4c97e2c-012d-4916-a258-5bb6972f8fb8	18	26529713	26539368	10	0.7026
c4c97e2c-012d-4916-a258-5bb6972f8fb8	18	26541387	26722027	140	0.2675
c4c97e2c-012d-4916-a258-5bb6972f8fb8	18	26723831	29084574	1437	-0.0543
c4c97e2c-012d-4916-a258-5bb6972f8fb8	18	29087544	32599502	2191	-0.5076
c4c97e2c-012d-4916-a258-5bb6972f8fb8	18	32602445	33435979	518	-0.3606
c4c97e2c-012d-4916-a258-5bb6972f8fb8	18	33436191	36685316	1985	-0.4952
c4c97e2c-012d-4916-a258-5bb6972f8fb8	18	36688020	36688034	2	-1.8944
c4c97e2c-012d-4916-a258-5bb6972f8fb8	18	36688800	37185207	276	-0.4656
c4c97e2c-012d-4916-a258-5bb6972f8fb8	18	37185543	38721571	1041	-0.5906
c4c97e2c-012d-4916-a258-5bb6972f8fb8	18	38724692	43570938	2730	-0.4956
c4c97e2c-012d-4916-a258-5bb6972f8fb8	18	43571204	44682019	619	-0.367
c4c97e2c-012d-4916-a258-5bb6972f8fb8	18	44686951	50124631	3688	-0.5046
c4c97e2c-012d-4916-a258-5bb6972f8fb8	18	50125006	55437758	3526	-0.4613
c4c97e2c-012d-4916-a258-5bb6972f8fb8	18	55440653	55440768	2	-2.1098
c4c97e2c-012d-4916-a258-5bb6972f8fb8	18	55441166	61011391	3592	-0.4563
c4c97e2c-012d-4916-a258-5bb6972f8fb8	18	61011529	67846342	4025	-0.5056
c4c97e2c-012d-4916-a258-5bb6972f8fb8	18	67846386	68179088	100	-1.0158
c4c97e2c-012d-4916-a258-5bb6972f8fb8	18	68228789	71369798	1859	-0.502
c4c97e2c-012d-4916-a258-5bb6972f8fb8	18	71370536	79349796	3737	-0.6029
c4c97e2c-012d-4916-a258-5bb6972f8fb8	19	283868	4332506	988	0.161
c4c97e2c-012d-4916-a258-5bb6972f8fb8	19	4338015	4406163	16	-0.693
c4c97e2c-012d-4916-a258-5bb6972f8fb8	19	4673369	12494298	3421	0.1891
c4c97e2c-012d-4916-a258-5bb6972f8fb8	19	12498182	12499055	3	-0.7597
c4c97e2c-012d-4916-a258-5bb6972f8fb8	19	12502095	13213295	237	0.1354
c4c97e2c-012d-4916-a258-5bb6972f8fb8	19	13213660	13779406	318	0.2321
c4c97e2c-012d-4916-a258-5bb6972f8fb8	19	13780023	14631464	250	0.1127
c4c97e2c-012d-4916-a258-5bb6972f8fb8	19	14631841	17672210	1620	0.1925
c4c97e2c-012d-4916-a258-5bb6972f8fb8	19	17673428	18718923	432	0.1333
c4c97e2c-012d-4916-a258-5bb6972f8fb8	19	18722140	27765442	1787	-0.1308
c4c97e2c-012d-4916-a258-5bb6972f8fb8	19	27780252	30123954	1817	0.2762
c4c97e2c-012d-4916-a258-5bb6972f8fb8	19	30124468	37264829	4386	0.2086
c4c97e2c-012d-4916-a258-5bb6972f8fb8	19	37303948	37389847	47	-0.5047
c4c97e2c-012d-4916-a258-5bb6972f8fb8	19	37402398	41737036	2044	0.1798
c4c97e2c-012d-4916-a258-5bb6972f8fb8	19	41737525	42403868	222	-0.5684
c4c97e2c-012d-4916-a258-5bb6972f8fb8	19	42414654	58370362	6571	0.1968
c4c97e2c-012d-4916-a258-5bb6972f8fb8	20	472817	5303734	3021	0.2766
c4c97e2c-012d-4916-a258-5bb6972f8fb8	20	5313273	5400781	74	0.778
c4c97e2c-012d-4916-a258-5bb6972f8fb8	20	5400794	5406413	10	1.2907
c4c97e2c-012d-4916-a258-5bb6972f8fb8	20	5408813	5417599	5	0.853
c4c97e2c-012d-4916-a258-5bb6972f8fb8	20	5737655	5750553	4	-0.0157
c4c97e2c-012d-4916-a258-5bb6972f8fb8	20	5752029	7367970	1136	0.7756
c4c97e2c-012d-4916-a258-5bb6972f8fb8	20	7370830	7405263	37	0.328
c4c97e2c-012d-4916-a258-5bb6972f8fb8	20	7405311	7494270	49	0.8011
c4c97e2c-012d-4916-a258-5bb6972f8fb8	20	7494821	13719179	4246	0.2591
c4c97e2c-012d-4916-a258-5bb6972f8fb8	20	13719933	14520738	396	0.2994
c4c97e2c-012d-4916-a258-5bb6972f8fb8	20	14520775	16548269	1355	0.3598
c4c97e2c-012d-4916-a258-5bb6972f8fb8	20	16548823	25487356	6363	0.2868
c4c97e2c-012d-4916-a258-5bb6972f8fb8	20	25487933	31256075	270	0.2576
c4c97e2c-012d-4916-a258-5bb6972f8fb8	20	31256170	31489837	115	-0.0081
c4c97e2c-012d-4916-a258-5bb6972f8fb8	20	31491057	37954595	3227	0.2359
c4c97e2c-012d-4916-a258-5bb6972f8fb8	20	37956700	38512353	357	0.498
c4c97e2c-012d-4916-a258-5bb6972f8fb8	20	38513160	38596754	39	0.2336
c4c97e2c-012d-4916-a258-5bb6972f8fb8	20	38600016	38732301	81	0.5731
c4c97e2c-012d-4916-a258-5bb6972f8fb8	20	38732861	39274046	317	0.2399
c4c97e2c-012d-4916-a258-5bb6972f8fb8	20	39274282	41010471	1306	0.3283
c4c97e2c-012d-4916-a258-5bb6972f8fb8	20	41010772	48925063	5320	0.2738
c4c97e2c-012d-4916-a258-5bb6972f8fb8	20	48925852	51066022	1165	-0.089
c4c97e2c-012d-4916-a258-5bb6972f8fb8	20	51066740	52591285	1046	-0.0594
c4c97e2c-012d-4916-a258-5bb6972f8fb8	20	52591741	55614116	2222	0.0089
c4c97e2c-012d-4916-a258-5bb6972f8fb8	20	55614407	59754544	3080	-0.0491
c4c97e2c-012d-4916-a258-5bb6972f8fb8	20	59754778	59756228	2	-1.1986
c4c97e2c-012d-4916-a258-5bb6972f8fb8	20	59757235	60282267	467	-0.0482
c4c97e2c-012d-4916-a258-5bb6972f8fb8	20	60283384	63588502	1856	-0.1197
c4c97e2c-012d-4916-a258-5bb6972f8fb8	21	13974127	14679465	442	0.6116
c4c97e2c-012d-4916-a258-5bb6972f8fb8	21	14681358	15052546	255	0.0894
c4c97e2c-012d-4916-a258-5bb6972f8fb8	21	15052813	22993657	4897	0.6522
c4c97e2c-012d-4916-a258-5bb6972f8fb8	21	22993856	23093541	15	0.1554
c4c97e2c-012d-4916-a258-5bb6972f8fb8	21	23096233	24217583	674	0.6805
c4c97e2c-012d-4916-a258-5bb6972f8fb8	21	24218662	25507561	878	0.7651
c4c97e2c-012d-4916-a258-5bb6972f8fb8	21	25512680	32840510	4940	0.6578
c4c97e2c-012d-4916-a258-5bb6972f8fb8	21	32842087	34108089	834	0.5086
c4c97e2c-012d-4916-a258-5bb6972f8fb8	21	34108232	34113938	19	0.1796
c4c97e2c-012d-4916-a258-5bb6972f8fb8	21	34116452	34713804	302	0.5297
c4c97e2c-012d-4916-a258-5bb6972f8fb8	21	34715492	35358898	516	0.6471
c4c97e2c-012d-4916-a258-5bb6972f8fb8	21	35359884	35910082	405	0.739
c4c97e2c-012d-4916-a258-5bb6972f8fb8	21	35910752	38810253	1989	0.6218
c4c97e2c-012d-4916-a258-5bb6972f8fb8	21	38815826	38818612	6	-0.0036
c4c97e2c-012d-4916-a258-5bb6972f8fb8	21	38818682	40160403	1031	0.6321
c4c97e2c-012d-4916-a258-5bb6972f8fb8	21	40160736	40453209	267	0.3867
c4c97e2c-012d-4916-a258-5bb6972f8fb8	21	40454719	45671324	2818	0.6359
c4c97e2c-012d-4916-a258-5bb6972f8fb8	21	45672910	45726674	43	0.3439
c4c97e2c-012d-4916-a258-5bb6972f8fb8	21	45729421	46262057	276	0.5463
c4c97e2c-012d-4916-a258-5bb6972f8fb8	22	16934932	27383431	3499	0.0236
c4c97e2c-012d-4916-a258-5bb6972f8fb8	22	27383448	33962130	4299	-0.0206
c4c97e2c-012d-4916-a258-5bb6972f8fb8	22	33962651	36103329	1528	0.0061
c4c97e2c-012d-4916-a258-5bb6972f8fb8	22	36104851	45303922	5116	-0.0531
c4c97e2c-012d-4916-a258-5bb6972f8fb8	22	45303968	47256633	1251	-0.0049
c4c97e2c-012d-4916-a258-5bb6972f8fb8	22	47258349	48521083	1107	-0.0737
c4c97e2c-012d-4916-a258-5bb6972f8fb8	22	48525853	48733162	151	-0.2226
c4c97e2c-012d-4916-a258-5bb6972f8fb8	22	48733728	48940621	139	-0.0872
c4c97e2c-012d-4916-a258-5bb6972f8fb8	X	3236359	8188432	792	-0.2098
c4c97e2c-012d-4916-a258-5bb6972f8fb8	X	8191308	16593855	4590	-0.1648
c4c97e2c-012d-4916-a258-5bb6972f8fb8	X	16593939	18321467	851	-0.2248
c4c97e2c-012d-4916-a258-5bb6972f8fb8	X	18410205	20150168	576	0.3861
c4c97e2c-012d-4916-a258-5bb6972f8fb8	X	20152409	20857803	358	0.5019
c4c97e2c-012d-4916-a258-5bb6972f8fb8	X	20858081	25674483	2437	0.4108
c4c97e2c-012d-4916-a258-5bb6972f8fb8	X	25680831	26145836	316	0.1473
c4c97e2c-012d-4916-a258-5bb6972f8fb8	X	26146794	26233382	25	0.3389
c4c97e2c-012d-4916-a258-5bb6972f8fb8	X	26233573	27017213	452	0.6068
c4c97e2c-012d-4916-a258-5bb6972f8fb8	X	27019260	27237655	122	0.4016
c4c97e2c-012d-4916-a258-5bb6972f8fb8	X	27238898	27560491	229	0.1809
c4c97e2c-012d-4916-a258-5bb6972f8fb8	X	27561485	30443824	1664	0.3815
c4c97e2c-012d-4916-a258-5bb6972f8fb8	X	30444527	30517276	64	0.6307
c4c97e2c-012d-4916-a258-5bb6972f8fb8	X	30518309	30852115	147	0.1541
c4c97e2c-012d-4916-a258-5bb6972f8fb8	X	30855305	32798388	1142	0.2241
c4c97e2c-012d-4916-a258-5bb6972f8fb8	X	32799485	44306712	4760	0.1317
c4c97e2c-012d-4916-a258-5bb6972f8fb8	X	44319330	44786772	231	-0.6722
c4c97e2c-012d-4916-a258-5bb6972f8fb8	X	44789716	45031337	102	0.0682
c4c97e2c-012d-4916-a258-5bb6972f8fb8	X	45033270	47135754	1044	0.1575
c4c97e2c-012d-4916-a258-5bb6972f8fb8	X	47140153	49606559	830	0.0794
c4c97e2c-012d-4916-a258-5bb6972f8fb8	X	49607541	51442114	924	0.3802
c4c97e2c-012d-4916-a258-5bb6972f8fb8	X	51442980	51768941	117	0.5839
c4c97e2c-012d-4916-a258-5bb6972f8fb8	X	51771849	52550021	174	0.1421
c4c97e2c-012d-4916-a258-5bb6972f8fb8	X	52554140	54937185	742	0.3557
c4c97e2c-012d-4916-a258-5bb6972f8fb8	X	54937427	55450216	250	0.1543
c4c97e2c-012d-4916-a258-5bb6972f8fb8	X	55481074	55663812	81	-0.2033
c4c97e2c-012d-4916-a258-5bb6972f8fb8	X	55664298	57738129	821	0.1037
c4c97e2c-012d-4916-a258-5bb6972f8fb8	X	57749991	58011270	106	0.358
c4c97e2c-012d-4916-a258-5bb6972f8fb8	X	58022906	58113794	31	0.6059
c4c97e2c-012d-4916-a258-5bb6972f8fb8	X	58209382	58291715	19	0.3025
c4c97e2c-012d-4916-a258-5bb6972f8fb8	X	62952913	64248170	357	0.7275
c4c97e2c-012d-4916-a258-5bb6972f8fb8	X	64252266	64605825	157	0.3155
c4c97e2c-012d-4916-a258-5bb6972f8fb8	X	64609065	65235576	270	0.7529
c4c97e2c-012d-4916-a258-5bb6972f8fb8	X	65246034	65439248	66	0.3482
c4c97e2c-012d-4916-a258-5bb6972f8fb8	X	65443119	65921923	176	0.5535
c4c97e2c-012d-4916-a258-5bb6972f8fb8	X	65923955	66716590	256	0.368
c4c97e2c-012d-4916-a258-5bb6972f8fb8	X	66717365	70271675	1573	0.0957
c4c97e2c-012d-4916-a258-5bb6972f8fb8	X	70275647	72129360	738	0.3831
c4c97e2c-012d-4916-a258-5bb6972f8fb8	X	72129924	74733628	957	0.1298
c4c97e2c-012d-4916-a258-5bb6972f8fb8	X	74735261	78547804	896	0.0763
c4c97e2c-012d-4916-a258-5bb6972f8fb8	X	78547843	80681180	1125	0.1442
c4c97e2c-012d-4916-a258-5bb6972f8fb8	X	80683644	80838152	58	-0.1792
c4c97e2c-012d-4916-a258-5bb6972f8fb8	X	80841835	80971591	62	-0.6302
c4c97e2c-012d-4916-a258-5bb6972f8fb8	X	80974460	82748229	789	-0.2041
c4c97e2c-012d-4916-a258-5bb6972f8fb8	X	82748271	82794649	26	0.0881
c4c97e2c-012d-4916-a258-5bb6972f8fb8	X	82796190	82864390	26	0.5419
c4c97e2c-012d-4916-a258-5bb6972f8fb8	X	82871056	84600753	815	0.4118
c4c97e2c-012d-4916-a258-5bb6972f8fb8	X	84604417	86205062	607	0.4861
c4c97e2c-012d-4916-a258-5bb6972f8fb8	X	86212479	87262191	672	0.8476
c4c97e2c-012d-4916-a258-5bb6972f8fb8	X	87264656	96645289	2981	0.3835
c4c97e2c-012d-4916-a258-5bb6972f8fb8	X	96647621	96697308	38	0.1199
c4c97e2c-012d-4916-a258-5bb6972f8fb8	X	96703210	97471768	434	0.4523
c4c97e2c-012d-4916-a258-5bb6972f8fb8	X	97476289	97504596	15	-0.1631
c4c97e2c-012d-4916-a258-5bb6972f8fb8	X	97508823	99866635	1253	0.3862
c4c97e2c-012d-4916-a258-5bb6972f8fb8	X	99868874	105588623	2671	0.4485
c4c97e2c-012d-4916-a258-5bb6972f8fb8	X	105592529	106433276	397	0.3569
c4c97e2c-012d-4916-a258-5bb6972f8fb8	X	106433292	108296850	710	0.4352
c4c97e2c-012d-4916-a258-5bb6972f8fb8	X	108297043	108317101	9	0.8944
c4c97e2c-012d-4916-a258-5bb6972f8fb8	X	108317329	110118572	869	0.4563
c4c97e2c-012d-4916-a258-5bb6972f8fb8	X	110121380	112099256	1041	0.2063
c4c97e2c-012d-4916-a258-5bb6972f8fb8	X	112100172	113777311	985	-0.5978
c4c97e2c-012d-4916-a258-5bb6972f8fb8	X	113783840	124449858	5067	-0.1518
c4c97e2c-012d-4916-a258-5bb6972f8fb8	X	124449948	127832538	1625	-0.6363
c4c97e2c-012d-4916-a258-5bb6972f8fb8	X	127840089	130156725	1035	-0.1408
c4c97e2c-012d-4916-a258-5bb6972f8fb8	X	130156780	132973124	1155	-0.5868
c4c97e2c-012d-4916-a258-5bb6972f8fb8	X	132973594	134161015	577	-0.6684
c4c97e2c-012d-4916-a258-5bb6972f8fb8	X	134164335	136886597	1015	-0.5831
c4c97e2c-012d-4916-a258-5bb6972f8fb8	X	136890746	137093171	89	-0.1265
c4c97e2c-012d-4916-a258-5bb6972f8fb8	X	137093208	141228931	1850	-0.6113
c4c97e2c-012d-4916-a258-5bb6972f8fb8	X	141229682	142031451	61	-0.2095
c4c97e2c-012d-4916-a258-5bb6972f8fb8	X	142033689	146305041	2568	-0.7029
c4c97e2c-012d-4916-a258-5bb6972f8fb8	X	146305783	153763624	3651	-0.6386
c4c97e2c-012d-4916-a258-5bb6972f8fb8	X	153766528	153855116	40	-0.2656
c4c97e2c-012d-4916-a258-5bb6972f8fb8	X	153858438	155677414	210	-0.6829
