GDC_Aliquot	Chromosome	Start	End	Num_Probes	Segment_Mean
e07fa841-db4a-448d-9906-a5b2fe750c36	1	3301765	9933962	3932	0.1847
e07fa841-db4a-448d-9906-a5b2fe750c36	1	9952956	25889469	8530	0.2564
e07fa841-db4a-448d-9906-a5b2fe750c36	1	25889590	25932053	25	0.7033
e07fa841-db4a-448d-9906-a5b2fe750c36	1	25938753	26198199	131	0.2448
e07fa841-db4a-448d-9906-a5b2fe750c36	1	26198215	28513637	872	0.1983
e07fa841-db4a-448d-9906-a5b2fe750c36	1	28513790	31612778	1748	0.4004
e07fa841-db4a-448d-9906-a5b2fe750c36	1	31615425	35454378	2051	0.2809
e07fa841-db4a-448d-9906-a5b2fe750c36	1	35463407	44757971	5158	0.3726
e07fa841-db4a-448d-9906-a5b2fe750c36	1	44765291	44870639	46	0.2456
e07fa841-db4a-448d-9906-a5b2fe750c36	1	44871422	45687413	364	0.0978
e07fa841-db4a-448d-9906-a5b2fe750c36	1	45706176	45765823	18	-0.9668
e07fa841-db4a-448d-9906-a5b2fe750c36	1	45767963	48728699	1630	0.1378
e07fa841-db4a-448d-9906-a5b2fe750c36	1	48731415	50927973	961	0.2881
e07fa841-db4a-448d-9906-a5b2fe750c36	1	50928422	50929560	2	-1.0852
e07fa841-db4a-448d-9906-a5b2fe750c36	1	50935211	51247552	123	0.3071
e07fa841-db4a-448d-9906-a5b2fe750c36	1	51252190	54289175	1636	0.2354
e07fa841-db4a-448d-9906-a5b2fe750c36	1	54290407	65786499	8312	0.2966
e07fa841-db4a-448d-9906-a5b2fe750c36	1	65788076	71092631	3366	-0.0133
e07fa841-db4a-448d-9906-a5b2fe750c36	1	71097297	73579743	1275	-0.0695
e07fa841-db4a-448d-9906-a5b2fe750c36	1	73582080	77927723	2569	0.0061
e07fa841-db4a-448d-9906-a5b2fe750c36	1	77931023	79098506	519	0.2858
e07fa841-db4a-448d-9906-a5b2fe750c36	1	79099599	81434050	1440	0.6726
e07fa841-db4a-448d-9906-a5b2fe750c36	1	81437510	88090351	4384	0.7202
e07fa841-db4a-448d-9906-a5b2fe750c36	1	88091663	88724325	410	0.6744
e07fa841-db4a-448d-9906-a5b2fe750c36	1	88728074	89647541	535	0.6135
e07fa841-db4a-448d-9906-a5b2fe750c36	1	89651028	93599125	2191	0.7027
e07fa841-db4a-448d-9906-a5b2fe750c36	1	93601078	96156720	1751	0.3819
e07fa841-db4a-448d-9906-a5b2fe750c36	1	96157549	98860578	1472	0.3036
e07fa841-db4a-448d-9906-a5b2fe750c36	1	98860788	101354021	1637	0.384
e07fa841-db4a-448d-9906-a5b2fe750c36	1	101360063	101371523	16	0.8507
e07fa841-db4a-448d-9906-a5b2fe750c36	1	101373608	113822069	6994	0.3669
e07fa841-db4a-448d-9906-a5b2fe750c36	1	113840711	117103012	2176	0.1024
e07fa841-db4a-448d-9906-a5b2fe750c36	1	117103122	119984772	1703	0.1686
e07fa841-db4a-448d-9906-a5b2fe750c36	1	146716041	152718349	1204	1.3949
e07fa841-db4a-448d-9906-a5b2fe750c36	1	152720567	153238306	388	0.8401
e07fa841-db4a-448d-9906-a5b2fe750c36	1	153238332	155044688	868	0.7144
e07fa841-db4a-448d-9906-a5b2fe750c36	1	155045450	162389956	4324	0.0406
e07fa841-db4a-448d-9906-a5b2fe750c36	1	162390072	166398737	3091	0.1112
e07fa841-db4a-448d-9906-a5b2fe750c36	1	166400515	176903375	6575	0.0462
e07fa841-db4a-448d-9906-a5b2fe750c36	1	176903700	183491131	4420	0.0902
e07fa841-db4a-448d-9906-a5b2fe750c36	1	183491979	204813419	12895	0.0515
e07fa841-db4a-448d-9906-a5b2fe750c36	1	204814077	207841577	1771	0.3705
e07fa841-db4a-448d-9906-a5b2fe750c36	1	207844107	211641945	2843	0.4332
e07fa841-db4a-448d-9906-a5b2fe750c36	1	211644376	212971509	828	0.3921
e07fa841-db4a-448d-9906-a5b2fe750c36	1	212972062	215293329	1642	0.47
e07fa841-db4a-448d-9906-a5b2fe750c36	1	215297404	230719253	9606	0.4103
e07fa841-db4a-448d-9906-a5b2fe750c36	1	230719325	239966788	6637	0.4684
e07fa841-db4a-448d-9906-a5b2fe750c36	1	239967589	242244619	1686	0.5407
e07fa841-db4a-448d-9906-a5b2fe750c36	1	242245765	247650984	2668	0.4849
e07fa841-db4a-448d-9906-a5b2fe750c36	2	480597	4531390	1987	0.387
e07fa841-db4a-448d-9906-a5b2fe750c36	2	4531578	17927989	9295	0.3373
e07fa841-db4a-448d-9906-a5b2fe750c36	2	17929029	24951297	4458	0.3816
e07fa841-db4a-448d-9906-a5b2fe750c36	2	24951455	29225927	2009	0.3002
e07fa841-db4a-448d-9906-a5b2fe750c36	2	29226139	41528515	6696	0.3603
e07fa841-db4a-448d-9906-a5b2fe750c36	2	41532211	49766825	5358	0.0765
e07fa841-db4a-448d-9906-a5b2fe750c36	2	49771061	49868392	58	0.3755
e07fa841-db4a-448d-9906-a5b2fe750c36	2	49869557	63806647	7427	0.065
e07fa841-db4a-448d-9906-a5b2fe750c36	2	63811222	77113502	7940	0.3298
e07fa841-db4a-448d-9906-a5b2fe750c36	2	77114437	80888813	1937	0.2729
e07fa841-db4a-448d-9906-a5b2fe750c36	2	80889156	82200381	648	0.3393
e07fa841-db4a-448d-9906-a5b2fe750c36	2	82200556	82201096	3	-0.5818
e07fa841-db4a-448d-9906-a5b2fe750c36	2	82204205	86616799	2343	0.3254
e07fa841-db4a-448d-9906-a5b2fe750c36	2	86616890	86636226	14	0.9013
e07fa841-db4a-448d-9906-a5b2fe750c36	2	86638028	108139957	7551	0.3288
e07fa841-db4a-448d-9906-a5b2fe750c36	2	108141177	116171388	3652	0.5977
e07fa841-db4a-448d-9906-a5b2fe750c36	2	116171435	116683977	278	0.4772
e07fa841-db4a-448d-9906-a5b2fe750c36	2	116684500	119207978	1295	0.5876
e07fa841-db4a-448d-9906-a5b2fe750c36	2	119209803	120855419	892	1.0988
e07fa841-db4a-448d-9906-a5b2fe750c36	2	120859682	121057396	157	0.6269
e07fa841-db4a-448d-9906-a5b2fe750c36	2	121062776	121073837	5	-0.6485
e07fa841-db4a-448d-9906-a5b2fe750c36	2	121074189	122613646	948	0.5919
e07fa841-db4a-448d-9906-a5b2fe750c36	2	122629244	122631300	9	0.0732
e07fa841-db4a-448d-9906-a5b2fe750c36	2	122631897	123296838	469	0.5959
e07fa841-db4a-448d-9906-a5b2fe750c36	2	123297301	123405705	7	0.3766
e07fa841-db4a-448d-9906-a5b2fe750c36	2	123409446	123441273	29	-0.0748
e07fa841-db4a-448d-9906-a5b2fe750c36	2	123442112	124265167	469	0.3003
e07fa841-db4a-448d-9906-a5b2fe750c36	2	124265289	132881801	3369	0.0655
e07fa841-db4a-448d-9906-a5b2fe750c36	2	132881939	141229350	4678	0.0305
e07fa841-db4a-448d-9906-a5b2fe750c36	2	141233966	143039125	1213	0.0814
e07fa841-db4a-448d-9906-a5b2fe750c36	2	143041528	147622466	2437	-0.015
e07fa841-db4a-448d-9906-a5b2fe750c36	2	147623143	153030496	3348	0.054
e07fa841-db4a-448d-9906-a5b2fe750c36	2	153030594	153525616	294	0.1816
e07fa841-db4a-448d-9906-a5b2fe750c36	2	153526312	204453879	27989	0.0633
e07fa841-db4a-448d-9906-a5b2fe750c36	2	204455162	204618302	114	0.4798
e07fa841-db4a-448d-9906-a5b2fe750c36	2	204618374	211743656	4409	0.0831
e07fa841-db4a-448d-9906-a5b2fe750c36	2	211749240	217013026	3255	0.5434
e07fa841-db4a-448d-9906-a5b2fe750c36	2	217016094	219452895	1389	0.7112
e07fa841-db4a-448d-9906-a5b2fe750c36	2	219453561	230049846	6748	0.7418
e07fa841-db4a-448d-9906-a5b2fe750c36	2	230050050	234835753	2772	0.6942
e07fa841-db4a-448d-9906-a5b2fe750c36	2	234835960	238808491	2544	0.7664
e07fa841-db4a-448d-9906-a5b2fe750c36	2	238813613	241317412	1302	0.6832
e07fa841-db4a-448d-9906-a5b2fe750c36	2	241317943	241537572	122	0.6115
e07fa841-db4a-448d-9906-a5b2fe750c36	3	2170634	79060318	45547	-0.3994
e07fa841-db4a-448d-9906-a5b2fe750c36	3	79063613	83487982	2334	0.3016
e07fa841-db4a-448d-9906-a5b2fe750c36	3	83491131	84910178	645	0.2278
e07fa841-db4a-448d-9906-a5b2fe750c36	3	84913327	86893427	925	0.3365
e07fa841-db4a-448d-9906-a5b2fe750c36	3	86897606	89469314	1373	0.554
e07fa841-db4a-448d-9906-a5b2fe750c36	3	89469408	94015827	287	0.7481
e07fa841-db4a-448d-9906-a5b2fe750c36	3	94017382	137274745	24457	0.3602
e07fa841-db4a-448d-9906-a5b2fe750c36	3	137276306	137531202	156	0.0924
e07fa841-db4a-448d-9906-a5b2fe750c36	3	137532510	140918089	2015	0.3633
e07fa841-db4a-448d-9906-a5b2fe750c36	3	140949365	140966406	9	-0.3689
e07fa841-db4a-448d-9906-a5b2fe750c36	3	140970781	142716480	789	0.3487
e07fa841-db4a-448d-9906-a5b2fe750c36	3	142716546	143046124	167	-0.2765
e07fa841-db4a-448d-9906-a5b2fe750c36	3	143088448	144071565	514	0.3323
e07fa841-db4a-448d-9906-a5b2fe750c36	3	144074066	145062768	531	-0.2994
e07fa841-db4a-448d-9906-a5b2fe750c36	3	145066375	145099290	21	0.3234
e07fa841-db4a-448d-9906-a5b2fe750c36	3	145105720	145263059	98	0.8337
e07fa841-db4a-448d-9906-a5b2fe750c36	3	145263990	145471570	127	1.4578
e07fa841-db4a-448d-9906-a5b2fe750c36	3	145473305	149543359	1878	0.101
e07fa841-db4a-448d-9906-a5b2fe750c36	3	149551879	175175985	13364	0.164
e07fa841-db4a-448d-9906-a5b2fe750c36	3	175176193	176493272	442	0.1246
e07fa841-db4a-448d-9906-a5b2fe750c36	3	176494720	188685438	6599	0.0828
e07fa841-db4a-448d-9906-a5b2fe750c36	3	188688008	191113698	1644	0.1318
e07fa841-db4a-448d-9906-a5b2fe750c36	3	191119547	194097189	1750	0.1755
e07fa841-db4a-448d-9906-a5b2fe750c36	3	194100982	197812401	1174	0.1015
e07fa841-db4a-448d-9906-a5b2fe750c36	4	1059384	4236335	1152	0.3764
e07fa841-db4a-448d-9906-a5b2fe750c36	4	4236641	8704195	3181	0.4498
e07fa841-db4a-448d-9906-a5b2fe750c36	4	8704538	12821918	2401	0.3825
e07fa841-db4a-448d-9906-a5b2fe750c36	4	12823438	23715016	7366	0.4345
e07fa841-db4a-448d-9906-a5b2fe750c36	4	23715386	24620083	647	0.5158
e07fa841-db4a-448d-9906-a5b2fe750c36	4	24622554	25171664	419	0.4379
e07fa841-db4a-448d-9906-a5b2fe750c36	4	25172629	38793685	8386	0.3626
e07fa841-db4a-448d-9906-a5b2fe750c36	4	38795256	40568404	854	0.4177
e07fa841-db4a-448d-9906-a5b2fe750c36	4	40573234	40833262	103	0.517
e07fa841-db4a-448d-9906-a5b2fe750c36	4	40834619	40911301	58	0.7069
e07fa841-db4a-448d-9906-a5b2fe750c36	4	40913371	42112654	797	0.4955
e07fa841-db4a-448d-9906-a5b2fe750c36	4	42112908	48067890	2932	0.4062
e07fa841-db4a-448d-9906-a5b2fe750c36	4	51832470	56552984	3053	0.0936
e07fa841-db4a-448d-9906-a5b2fe750c36	4	56561086	78335883	11821	-0.2736
e07fa841-db4a-448d-9906-a5b2fe750c36	4	78336556	79295008	600	-0.3606
e07fa841-db4a-448d-9906-a5b2fe750c36	4	79295908	85964187	3961	-0.2684
e07fa841-db4a-448d-9906-a5b2fe750c36	4	85964754	93803380	4249	-0.3698
e07fa841-db4a-448d-9906-a5b2fe750c36	4	93804702	95536653	1071	-0.3082
e07fa841-db4a-448d-9906-a5b2fe750c36	4	95536901	105237313	5337	-0.3844
e07fa841-db4a-448d-9906-a5b2fe750c36	4	105239993	105332052	41	-0.0239
e07fa841-db4a-448d-9906-a5b2fe750c36	4	105332352	115916791	6071	-0.3883
e07fa841-db4a-448d-9906-a5b2fe750c36	4	115917285	115921454	4	-1.8091
e07fa841-db4a-448d-9906-a5b2fe750c36	4	115922769	142735308	14573	-0.3863
e07fa841-db4a-448d-9906-a5b2fe750c36	4	142743591	150534509	4106	-0.3123
e07fa841-db4a-448d-9906-a5b2fe750c36	4	150538800	150550511	9	-1.3341
e07fa841-db4a-448d-9906-a5b2fe750c36	4	150550637	151407666	328	-0.3108
e07fa841-db4a-448d-9906-a5b2fe750c36	4	151413338	154155003	1623	-0.3798
e07fa841-db4a-448d-9906-a5b2fe750c36	4	154155040	159559277	3242	-0.3007
e07fa841-db4a-448d-9906-a5b2fe750c36	4	159561602	160119089	309	-0.4182
e07fa841-db4a-448d-9906-a5b2fe750c36	4	160119138	160792564	451	-0.2441
e07fa841-db4a-448d-9906-a5b2fe750c36	4	160793173	164164994	1938	-0.4949
e07fa841-db4a-448d-9906-a5b2fe750c36	4	164173771	164280325	53	-0.2265
e07fa841-db4a-448d-9906-a5b2fe750c36	4	164281126	165665602	589	-0.3955
e07fa841-db4a-448d-9906-a5b2fe750c36	4	165666933	167119796	798	-0.2218
e07fa841-db4a-448d-9906-a5b2fe750c36	4	167129289	167288746	82	0.3079
e07fa841-db4a-448d-9906-a5b2fe750c36	4	167341603	174966515	4217	-0.5082
e07fa841-db4a-448d-9906-a5b2fe750c36	4	174968721	186317327	5439	-1.1599
e07fa841-db4a-448d-9906-a5b2fe750c36	4	186318593	186318695	2	-4.7724
e07fa841-db4a-448d-9906-a5b2fe750c36	4	186318752	187248479	510	-1.107
e07fa841-db4a-448d-9906-a5b2fe750c36	4	187249313	187250535	2	-3.9141
e07fa841-db4a-448d-9906-a5b2fe750c36	4	187251734	187812497	328	-1.1558
e07fa841-db4a-448d-9906-a5b2fe750c36	4	187812675	187842528	22	-0.7436
e07fa841-db4a-448d-9906-a5b2fe750c36	5	913983	6747125	4199	0.0409
e07fa841-db4a-448d-9906-a5b2fe750c36	5	6747164	6888397	127	0.2551
e07fa841-db4a-448d-9906-a5b2fe750c36	5	6889619	10268331	2556	0.1341
e07fa841-db4a-448d-9906-a5b2fe750c36	5	10273531	10275758	2	-1.0817
e07fa841-db4a-448d-9906-a5b2fe750c36	5	10279535	10631443	243	0.1052
e07fa841-db4a-448d-9906-a5b2fe750c36	5	10633873	11010475	81	0.3125
e07fa841-db4a-448d-9906-a5b2fe750c36	5	11011833	11949007	752	0.0632
e07fa841-db4a-448d-9906-a5b2fe750c36	5	11949098	13482049	580	0.1407
e07fa841-db4a-448d-9906-a5b2fe750c36	5	13484582	21072499	3982	0.1976
e07fa841-db4a-448d-9906-a5b2fe750c36	5	21072830	30629008	5072	0.1371
e07fa841-db4a-448d-9906-a5b2fe750c36	5	30629539	30629980	2	-1.4945
e07fa841-db4a-448d-9906-a5b2fe750c36	5	30630456	45364957	8457	0.1704
e07fa841-db4a-448d-9906-a5b2fe750c36	5	45377176	56995598	3909	-0.2037
e07fa841-db4a-448d-9906-a5b2fe750c36	5	56995698	60894767	2406	-0.1266
e07fa841-db4a-448d-9906-a5b2fe750c36	5	60895603	66327930	2736	-0.1709
e07fa841-db4a-448d-9906-a5b2fe750c36	5	66329875	106382485	20471	-0.2787
e07fa841-db4a-448d-9906-a5b2fe750c36	5	106382813	107636314	674	0.368
e07fa841-db4a-448d-9906-a5b2fe750c36	5	107644044	107669072	20	0.9939
e07fa841-db4a-448d-9906-a5b2fe750c36	5	107675858	121200853	8284	-0.3068
e07fa841-db4a-448d-9906-a5b2fe750c36	5	121201523	150050152	17119	0.0658
e07fa841-db4a-448d-9906-a5b2fe750c36	5	150051319	152990387	1940	0.0197
e07fa841-db4a-448d-9906-a5b2fe750c36	5	152990888	157172262	2716	0.0523
e07fa841-db4a-448d-9906-a5b2fe750c36	5	157175275	157893206	492	-0.0534
e07fa841-db4a-448d-9906-a5b2fe750c36	5	157893268	160870434	1992	0.0523
e07fa841-db4a-448d-9906-a5b2fe750c36	5	160880600	160891155	21	-0.5431
e07fa841-db4a-448d-9906-a5b2fe750c36	5	160891981	163093781	1303	0.03
e07fa841-db4a-448d-9906-a5b2fe750c36	5	163094549	180934240	10722	-0.3195
e07fa841-db4a-448d-9906-a5b2fe750c36	6	1011760	2292786	957	0.0874
e07fa841-db4a-448d-9906-a5b2fe750c36	6	2293314	7093531	3561	0.1478
e07fa841-db4a-448d-9906-a5b2fe750c36	6	7095837	7247015	86	0.073
e07fa841-db4a-448d-9906-a5b2fe750c36	6	7247319	10983517	2450	0.2044
e07fa841-db4a-448d-9906-a5b2fe750c36	6	10983738	16487013	3946	0.1105
e07fa841-db4a-448d-9906-a5b2fe750c36	6	16487088	16771468	249	0.5878
e07fa841-db4a-448d-9906-a5b2fe750c36	6	16776095	22174753	3679	0.4459
e07fa841-db4a-448d-9906-a5b2fe750c36	6	22182070	24799165	1906	0.1917
e07fa841-db4a-448d-9906-a5b2fe750c36	6	24800931	33776641	2970	0.1032
e07fa841-db4a-448d-9906-a5b2fe750c36	6	33780907	33814263	23	0.6459
e07fa841-db4a-448d-9906-a5b2fe750c36	6	33817087	37795093	2206	0.1009
e07fa841-db4a-448d-9906-a5b2fe750c36	6	37796568	40640509	2100	0.1491
e07fa841-db4a-448d-9906-a5b2fe750c36	6	40641321	41045177	305	0.073
e07fa841-db4a-448d-9906-a5b2fe750c36	6	41045289	44482743	1904	0.0222
e07fa841-db4a-448d-9906-a5b2fe750c36	6	44482910	64691667	9205	0.1127
e07fa841-db4a-448d-9906-a5b2fe750c36	6	64694716	69078894	2549	0.0407
e07fa841-db4a-448d-9906-a5b2fe750c36	6	69081278	89765621	11715	0.102
e07fa841-db4a-448d-9906-a5b2fe750c36	6	89766460	96505525	3238	0.0596
e07fa841-db4a-448d-9906-a5b2fe750c36	6	96507228	105668388	5253	0.0933
e07fa841-db4a-448d-9906-a5b2fe750c36	6	105674290	113242200	4678	0.0573
e07fa841-db4a-448d-9906-a5b2fe750c36	6	113244626	113244649	2	1.6494
e07fa841-db4a-448d-9906-a5b2fe750c36	6	113246364	122033660	4594	0.077
e07fa841-db4a-448d-9906-a5b2fe750c36	6	122034075	125613856	2168	0.1033
e07fa841-db4a-448d-9906-a5b2fe750c36	6	125613918	125627639	13	0.8776
e07fa841-db4a-448d-9906-a5b2fe750c36	6	125627842	126011759	225	0.119
e07fa841-db4a-448d-9906-a5b2fe750c36	6	126013092	126065953	22	0.5376
e07fa841-db4a-448d-9906-a5b2fe750c36	6	126067839	128974029	1585	0.1174
e07fa841-db4a-448d-9906-a5b2fe750c36	6	128974266	128978773	3	-1.0099
e07fa841-db4a-448d-9906-a5b2fe750c36	6	128979477	129023687	46	0.1602
e07fa841-db4a-448d-9906-a5b2fe750c36	6	129025212	131810963	1876	0.0024
e07fa841-db4a-448d-9906-a5b2fe750c36	6	131814849	134160827	1619	0.0822
e07fa841-db4a-448d-9906-a5b2fe750c36	6	134162935	137102642	1930	0.0299
e07fa841-db4a-448d-9906-a5b2fe750c36	6	137108033	160268526	14665	-0.3499
e07fa841-db4a-448d-9906-a5b2fe750c36	6	160271389	160271687	2	-2.396
e07fa841-db4a-448d-9906-a5b2fe750c36	6	160273641	170596889	5178	-0.3396
e07fa841-db4a-448d-9906-a5b2fe750c36	7	664936	4542354	1472	0.0746
e07fa841-db4a-448d-9906-a5b2fe750c36	7	4542388	25937509	12379	0.0174
e07fa841-db4a-448d-9906-a5b2fe750c36	7	25945319	25996010	41	0.528
e07fa841-db4a-448d-9906-a5b2fe750c36	7	25996958	31189993	3095	0.0132
e07fa841-db4a-448d-9906-a5b2fe750c36	7	31190730	32404649	985	0.1192
e07fa841-db4a-448d-9906-a5b2fe750c36	7	32405058	33212157	383	0.3859
e07fa841-db4a-448d-9906-a5b2fe750c36	7	33218459	36077827	1835	0.1729
e07fa841-db4a-448d-9906-a5b2fe750c36	7	36084254	37902377	1399	0.1077
e07fa841-db4a-448d-9906-a5b2fe750c36	7	37902411	43819887	3445	0.1816
e07fa841-db4a-448d-9906-a5b2fe750c36	7	43820292	45167342	647	0.1097
e07fa841-db4a-448d-9906-a5b2fe750c36	7	45172342	48590978	2396	0.2071
e07fa841-db4a-448d-9906-a5b2fe750c36	7	48592516	50605969	1375	0.1389
e07fa841-db4a-448d-9906-a5b2fe750c36	7	50607010	57135709	4024	0.2013
e07fa841-db4a-448d-9906-a5b2fe750c36	7	57138060	63675854	31	0.0119
e07fa841-db4a-448d-9906-a5b2fe750c36	7	63677725	65918463	537	-0.345
e07fa841-db4a-448d-9906-a5b2fe750c36	7	65936561	66848687	263	-0.2559
e07fa841-db4a-448d-9906-a5b2fe750c36	7	66849842	67419129	149	-0.1097
e07fa841-db4a-448d-9906-a5b2fe750c36	7	67419508	76426530	4032	-0.4136
e07fa841-db4a-448d-9906-a5b2fe750c36	7	77130464	93138189	8599	0.4087
e07fa841-db4a-448d-9906-a5b2fe750c36	7	93139417	96527536	2015	0.4615
e07fa841-db4a-448d-9906-a5b2fe750c36	7	96527565	100616904	1840	0.3978
e07fa841-db4a-448d-9906-a5b2fe750c36	7	100626388	126751972	13755	0.6201
e07fa841-db4a-448d-9906-a5b2fe750c36	7	126752441	158592540	17043	-0.0385
e07fa841-db4a-448d-9906-a5b2fe750c36	8	667625	2988492	874	-0.5379
e07fa841-db4a-448d-9906-a5b2fe750c36	8	2988829	2995735	3	-2.1119
e07fa841-db4a-448d-9906-a5b2fe750c36	8	2997472	13186369	4735	-0.5171
e07fa841-db4a-448d-9906-a5b2fe750c36	8	13188308	17336067	2966	-0.4595
e07fa841-db4a-448d-9906-a5b2fe750c36	8	17339064	17382929	42	0.0448
e07fa841-db4a-448d-9906-a5b2fe750c36	8	17382981	17683328	241	-0.4535
e07fa841-db4a-448d-9906-a5b2fe750c36	8	17683424	17721310	54	0.0268
e07fa841-db4a-448d-9906-a5b2fe750c36	8	17721626	22611590	3710	-0.5048
e07fa841-db4a-448d-9906-a5b2fe750c36	8	22614311	23351279	425	-0.6806
e07fa841-db4a-448d-9906-a5b2fe750c36	8	23351735	28554946	3737	-0.4966
e07fa841-db4a-448d-9906-a5b2fe750c36	8	28555266	30193812	969	-0.5946
e07fa841-db4a-448d-9906-a5b2fe750c36	8	30194070	38978129	4822	-0.4931
e07fa841-db4a-448d-9906-a5b2fe750c36	8	38978147	41092135	1264	-0.3946
e07fa841-db4a-448d-9906-a5b2fe750c36	8	41094992	42080425	599	-0.49
e07fa841-db4a-448d-9906-a5b2fe750c36	8	42080720	42979456	519	-0.9925
e07fa841-db4a-448d-9906-a5b2fe750c36	8	42980944	43078229	38	-0.3243
e07fa841-db4a-448d-9906-a5b2fe750c36	8	43080575	56863302	5559	0.4037
e07fa841-db4a-448d-9906-a5b2fe750c36	8	56870690	59331649	1684	0.33
e07fa841-db4a-448d-9906-a5b2fe750c36	8	59338371	61740489	1478	0.3906
e07fa841-db4a-448d-9906-a5b2fe750c36	8	61743867	61789103	35	0.739
e07fa841-db4a-448d-9906-a5b2fe750c36	8	61789322	63479087	1036	0.4195
e07fa841-db4a-448d-9906-a5b2fe750c36	8	63492251	63505194	9	-0.4283
e07fa841-db4a-448d-9906-a5b2fe750c36	8	63509067	80259789	9585	0.3895
e07fa841-db4a-448d-9906-a5b2fe750c36	8	80262147	80280677	8	-0.3834
e07fa841-db4a-448d-9906-a5b2fe750c36	8	80283258	107051532	14842	0.3792
e07fa841-db4a-448d-9906-a5b2fe750c36	8	107051568	113193414	3311	0.3252
e07fa841-db4a-448d-9906-a5b2fe750c36	8	113195541	137851114	16726	0.3775
e07fa841-db4a-448d-9906-a5b2fe750c36	8	137857476	140329497	2010	0.427
e07fa841-db4a-448d-9906-a5b2fe750c36	8	140330537	144182542	711	0.3764
e07fa841-db4a-448d-9906-a5b2fe750c36	9	789794	8530188	4839	-0.3831
e07fa841-db4a-448d-9906-a5b2fe750c36	9	8531899	8532140	2	1.7575
e07fa841-db4a-448d-9906-a5b2fe750c36	9	8534927	21963431	8786	-0.3842
e07fa841-db4a-448d-9906-a5b2fe750c36	9	21976871	21980471	5	-1.4104
e07fa841-db4a-448d-9906-a5b2fe750c36	9	21986219	22134173	128	-3.1029
e07fa841-db4a-448d-9906-a5b2fe750c36	9	22135211	22136490	2	-1.2501
e07fa841-db4a-448d-9906-a5b2fe750c36	9	22137166	34169942	7020	-0.3689
e07fa841-db4a-448d-9906-a5b2fe750c36	9	34174339	37432267	1793	-0.4264
e07fa841-db4a-448d-9906-a5b2fe750c36	9	37432367	68934085	1406	-0.3658
e07fa841-db4a-448d-9906-a5b2fe750c36	9	68934166	75310443	4257	-0.3253
e07fa841-db4a-448d-9906-a5b2fe750c36	9	75352797	80649543	3882	-0.3717
e07fa841-db4a-448d-9906-a5b2fe750c36	9	80650334	88888219	5628	-0.3286
e07fa841-db4a-448d-9906-a5b2fe750c36	9	88888321	92991837	2619	-0.3844
e07fa841-db4a-448d-9906-a5b2fe750c36	9	92992448	93633519	380	-0.4776
e07fa841-db4a-448d-9906-a5b2fe750c36	9	93635068	106161008	7661	-0.3564
e07fa841-db4a-448d-9906-a5b2fe750c36	9	106161176	118365076	8840	-0.4109
e07fa841-db4a-448d-9906-a5b2fe750c36	9	118365224	118366292	2	-2.3534
e07fa841-db4a-448d-9906-a5b2fe750c36	9	118367990	123870820	3668	-0.4117
e07fa841-db4a-448d-9906-a5b2fe750c36	9	123871647	123952029	40	-0.5512
e07fa841-db4a-448d-9906-a5b2fe750c36	9	123955089	123957640	13	-2.535
e07fa841-db4a-448d-9906-a5b2fe750c36	9	123960368	136592329	6909	-0.499
e07fa841-db4a-448d-9906-a5b2fe750c36	9	136617577	136619086	2	-2.8092
e07fa841-db4a-448d-9906-a5b2fe750c36	9	136619223	138044505	372	-0.5267
e07fa841-db4a-448d-9906-a5b2fe750c36	10	366509	3233005	1448	0.1596
e07fa841-db4a-448d-9906-a5b2fe750c36	10	3233321	5993185	2191	0.0998
e07fa841-db4a-448d-9906-a5b2fe750c36	10	5996528	7684073	1389	0.0444
e07fa841-db4a-448d-9906-a5b2fe750c36	10	7688556	8115640	291	0.0964
e07fa841-db4a-448d-9906-a5b2fe750c36	10	8120201	10391286	1638	0.1385
e07fa841-db4a-448d-9906-a5b2fe750c36	10	10391996	48446360	21620	0.0886
e07fa841-db4a-448d-9906-a5b2fe750c36	10	48452253	49426396	839	0.0129
e07fa841-db4a-448d-9906-a5b2fe750c36	10	49428254	54198788	2686	0.1041
e07fa841-db4a-448d-9906-a5b2fe750c36	10	54202160	57850148	1745	0.048
e07fa841-db4a-448d-9906-a5b2fe750c36	10	57850716	61770564	2764	0.0992
e07fa841-db4a-448d-9906-a5b2fe750c36	10	61770737	63642028	1126	0.0143
e07fa841-db4a-448d-9906-a5b2fe750c36	10	63642826	70653677	4091	0.0619
e07fa841-db4a-448d-9906-a5b2fe750c36	10	70804124	75020544	2183	0.0051
e07fa841-db4a-448d-9906-a5b2fe750c36	10	75020670	75481562	246	0.1215
e07fa841-db4a-448d-9906-a5b2fe750c36	10	75481828	79046887	2781	-0.4293
e07fa841-db4a-448d-9906-a5b2fe750c36	10	79048950	79341922	231	-0.5889
e07fa841-db4a-448d-9906-a5b2fe750c36	10	79342120	92727085	8076	-0.4259
e07fa841-db4a-448d-9906-a5b2fe750c36	10	92729990	96196939	2059	-0.3436
e07fa841-db4a-448d-9906-a5b2fe750c36	10	96197040	97478357	896	-0.4287
e07fa841-db4a-448d-9906-a5b2fe750c36	10	97480022	100593790	1830	-0.355
e07fa841-db4a-448d-9906-a5b2fe750c36	10	100595356	108366941	4623	0.366
e07fa841-db4a-448d-9906-a5b2fe750c36	10	108366975	108371328	6	-2.0232
e07fa841-db4a-448d-9906-a5b2fe750c36	10	108374951	109186810	539	0.3629
e07fa841-db4a-448d-9906-a5b2fe750c36	10	109192719	109192839	3	-1.3417
e07fa841-db4a-448d-9906-a5b2fe750c36	10	109192999	120637394	7764	0.3976
e07fa841-db4a-448d-9906-a5b2fe750c36	10	120637421	128988915	6289	0.4267
e07fa841-db4a-448d-9906-a5b2fe750c36	10	128989485	133411599	1745	0.3913
e07fa841-db4a-448d-9906-a5b2fe750c36	11	456012	724088	57	-1.1349
e07fa841-db4a-448d-9906-a5b2fe750c36	11	729551	1662334	327	-0.4523
e07fa841-db4a-448d-9906-a5b2fe750c36	11	1878795	3871983	761	-0.9799
e07fa841-db4a-448d-9906-a5b2fe750c36	11	3875801	3890911	11	-0.1922
e07fa841-db4a-448d-9906-a5b2fe750c36	11	3891796	19400933	10617	0.003
e07fa841-db4a-448d-9906-a5b2fe750c36	11	19401081	20262712	822	0.0471
e07fa841-db4a-448d-9906-a5b2fe750c36	11	20262874	20265028	5	0.7744
e07fa841-db4a-448d-9906-a5b2fe750c36	11	20268999	20811258	440	0.0659
e07fa841-db4a-448d-9906-a5b2fe750c36	11	20814754	20815391	2	-1.1855
e07fa841-db4a-448d-9906-a5b2fe750c36	11	20818328	20957489	143	0.0524
e07fa841-db4a-448d-9906-a5b2fe750c36	11	20957585	23699572	1899	-0.0075
e07fa841-db4a-448d-9906-a5b2fe750c36	11	23702670	24003244	179	0.3346
e07fa841-db4a-448d-9906-a5b2fe750c36	11	24006488	24020721	8	-0.6866
e07fa841-db4a-448d-9906-a5b2fe750c36	11	24023128	29234586	3182	-0.3414
e07fa841-db4a-448d-9906-a5b2fe750c36	11	29238556	44242756	9419	-0.2778
e07fa841-db4a-448d-9906-a5b2fe750c36	11	44243247	44385007	106	-0.8959
e07fa841-db4a-448d-9906-a5b2fe750c36	11	44400421	45998310	1115	0.0528
e07fa841-db4a-448d-9906-a5b2fe750c36	11	46001383	46440118	198	-0.3318
e07fa841-db4a-448d-9906-a5b2fe750c36	11	46440933	46455911	8	-0.9673
e07fa841-db4a-448d-9906-a5b2fe750c36	11	46457165	48178345	713	-0.2864
e07fa841-db4a-448d-9906-a5b2fe750c36	11	48182432	49107800	151	0.1217
e07fa841-db4a-448d-9906-a5b2fe750c36	11	49110330	61854989	3484	-0.2993
e07fa841-db4a-448d-9906-a5b2fe750c36	11	61859361	62836679	512	-0.4741
e07fa841-db4a-448d-9906-a5b2fe750c36	11	62837626	63784353	488	-0.3621
e07fa841-db4a-448d-9906-a5b2fe750c36	11	63784687	64828200	369	-0.4907
e07fa841-db4a-448d-9906-a5b2fe750c36	11	65902628	69632310	1486	0.3069
e07fa841-db4a-448d-9906-a5b2fe750c36	11	69632542	71421584	988	0.3898
e07fa841-db4a-448d-9906-a5b2fe750c36	11	71422171	76736446	2687	0.2913
e07fa841-db4a-448d-9906-a5b2fe750c36	11	76737509	94832854	10881	0.3977
e07fa841-db4a-448d-9906-a5b2fe750c36	11	94833739	95072732	166	0.334
e07fa841-db4a-448d-9906-a5b2fe750c36	11	95073558	99157472	2710	0.0351
e07fa841-db4a-448d-9906-a5b2fe750c36	11	99157665	103342191	2907	0.0941
e07fa841-db4a-448d-9906-a5b2fe750c36	11	103344903	108298554	2745	0.0437
e07fa841-db4a-448d-9906-a5b2fe750c36	11	108300821	116893385	5823	0.0852
e07fa841-db4a-448d-9906-a5b2fe750c36	11	116893866	125114086	5708	0.0457
e07fa841-db4a-448d-9906-a5b2fe750c36	11	125116008	125116103	2	-2.1655
e07fa841-db4a-448d-9906-a5b2fe750c36	11	125116196	128789824	2847	0.0517
e07fa841-db4a-448d-9906-a5b2fe750c36	11	128791958	131741476	1949	0.1147
e07fa841-db4a-448d-9906-a5b2fe750c36	11	131741927	134272740	1446	0.0458
e07fa841-db4a-448d-9906-a5b2fe750c36	12	780472	6307934	3531	-0.4173
e07fa841-db4a-448d-9906-a5b2fe750c36	12	6317022	11687543	2289	0.406
e07fa841-db4a-448d-9906-a5b2fe750c36	12	11687570	11688183	2	0.0921
e07fa841-db4a-448d-9906-a5b2fe750c36	12	11691419	11695664	18	-0.5035
e07fa841-db4a-448d-9906-a5b2fe750c36	12	11699561	11804297	140	0.129
e07fa841-db4a-448d-9906-a5b2fe750c36	12	11806795	12789956	709	-0.398
e07fa841-db4a-448d-9906-a5b2fe750c36	12	12791659	14542379	1101	0.1683
e07fa841-db4a-448d-9906-a5b2fe750c36	12	14548064	14645056	60	-0.3512
e07fa841-db4a-448d-9906-a5b2fe750c36	12	14645642	33368216	11814	0.1623
e07fa841-db4a-448d-9906-a5b2fe750c36	12	38827290	42534412	2263	0.4971
e07fa841-db4a-448d-9906-a5b2fe750c36	12	42534479	44664827	927	0.6314
e07fa841-db4a-448d-9906-a5b2fe750c36	12	44667624	47490198	1652	0.5091
e07fa841-db4a-448d-9906-a5b2fe750c36	12	47494713	58077816	5387	0.4289
e07fa841-db4a-448d-9906-a5b2fe750c36	12	58077893	59692425	1142	0.4932
e07fa841-db4a-448d-9906-a5b2fe750c36	12	59693268	62832544	1877	0.3595
e07fa841-db4a-448d-9906-a5b2fe750c36	12	62833627	66232192	1904	0.4272
e07fa841-db4a-448d-9906-a5b2fe750c36	12	66232377	86342835	12465	0.3331
e07fa841-db4a-448d-9906-a5b2fe750c36	12	86343164	86611527	85	-0.3247
e07fa841-db4a-448d-9906-a5b2fe750c36	12	86616525	91817979	2955	0.1686
e07fa841-db4a-448d-9906-a5b2fe750c36	12	91818490	94973858	2205	0.0446
e07fa841-db4a-448d-9906-a5b2fe750c36	12	94973946	103789079	5608	0.0884
e07fa841-db4a-448d-9906-a5b2fe750c36	12	103789580	110574115	4275	0.0572
e07fa841-db4a-448d-9906-a5b2fe750c36	12	110578177	110596198	10	0.6821
e07fa841-db4a-448d-9906-a5b2fe750c36	12	110607254	113003116	1315	0.0573
e07fa841-db4a-448d-9906-a5b2fe750c36	12	113003913	119755361	4426	0.1131
e07fa841-db4a-448d-9906-a5b2fe750c36	12	119757887	124974313	2492	0.0269
e07fa841-db4a-448d-9906-a5b2fe750c36	12	124974722	126268397	1003	0.1379
e07fa841-db4a-448d-9906-a5b2fe750c36	12	126269250	132605822	2512	0.0641
e07fa841-db4a-448d-9906-a5b2fe750c36	13	18874255	18945975	35	-0.0223
e07fa841-db4a-448d-9906-a5b2fe750c36	13	18946747	18979931	31	-0.3475
e07fa841-db4a-448d-9906-a5b2fe750c36	13	18983010	73404589	30963	-0.1596
e07fa841-db4a-448d-9906-a5b2fe750c36	13	73406331	90077895	10069	-0.2017
e07fa841-db4a-448d-9906-a5b2fe750c36	13	90078888	95207424	3435	-0.2949
e07fa841-db4a-448d-9906-a5b2fe750c36	13	95208988	95212536	2	-2.1299
e07fa841-db4a-448d-9906-a5b2fe750c36	13	95212554	98415604	1899	-0.3039
e07fa841-db4a-448d-9906-a5b2fe750c36	13	98416282	106841151	5699	-0.3772
e07fa841-db4a-448d-9906-a5b2fe750c36	13	106845173	107528415	530	0.1703
e07fa841-db4a-448d-9906-a5b2fe750c36	13	107532369	107549452	17	-1.1156
e07fa841-db4a-448d-9906-a5b2fe750c36	13	107552703	110844587	2586	0.1308
e07fa841-db4a-448d-9906-a5b2fe750c36	13	110846455	114226675	1516	-1.2338
e07fa841-db4a-448d-9906-a5b2fe750c36	14	20033191	25942108	2735	-0.4014
e07fa841-db4a-448d-9906-a5b2fe750c36	14	25943210	40528107	8417	-0.3393
e07fa841-db4a-448d-9906-a5b2fe750c36	14	40528370	68311396	15551	-0.381
e07fa841-db4a-448d-9906-a5b2fe750c36	14	68312227	68860669	413	-0.5021
e07fa841-db4a-448d-9906-a5b2fe750c36	14	68860999	69540241	391	-0.4066
e07fa841-db4a-448d-9906-a5b2fe750c36	14	69545676	69545780	3	0.7042
e07fa841-db4a-448d-9906-a5b2fe750c36	14	69545867	69997659	270	-0.4184
e07fa841-db4a-448d-9906-a5b2fe750c36	14	69997986	69998049	2	-2.5324
e07fa841-db4a-448d-9906-a5b2fe750c36	14	69998985	70018188	14	-0.5203
e07fa841-db4a-448d-9906-a5b2fe750c36	14	70019932	70020679	2	-2.4666
e07fa841-db4a-448d-9906-a5b2fe750c36	14	70021022	77718119	4763	-0.4131
e07fa841-db4a-448d-9906-a5b2fe750c36	14	77718318	82344486	3094	-0.3572
e07fa841-db4a-448d-9906-a5b2fe750c36	14	82344855	85959094	2406	-0.3992
e07fa841-db4a-448d-9906-a5b2fe750c36	14	85961410	99546775	8893	0.3202
e07fa841-db4a-448d-9906-a5b2fe750c36	14	99551009	99551085	3	-1.2907
e07fa841-db4a-448d-9906-a5b2fe750c36	14	99555057	105533894	2682	0.3251
e07fa841-db4a-448d-9906-a5b2fe750c36	15	23437561	23678428	170	0.5152
e07fa841-db4a-448d-9906-a5b2fe750c36	15	23678461	37547532	6496	0.0064
e07fa841-db4a-448d-9906-a5b2fe750c36	15	37548045	45179525	3897	0.2768
e07fa841-db4a-448d-9906-a5b2fe750c36	15	45180437	46450303	773	0.3857
e07fa841-db4a-448d-9906-a5b2fe750c36	15	46450553	48161573	1180	0.0375
e07fa841-db4a-448d-9906-a5b2fe750c36	15	48162641	52941870	2832	0.3843
e07fa841-db4a-448d-9906-a5b2fe750c36	15	52941997	54950253	1528	0.0952
e07fa841-db4a-448d-9906-a5b2fe750c36	15	54950485	63344033	5740	0.0555
e07fa841-db4a-448d-9906-a5b2fe750c36	15	63344116	70616971	4335	-0.0014
e07fa841-db4a-448d-9906-a5b2fe750c36	15	70617560	73327656	1528	0.0717
e07fa841-db4a-448d-9906-a5b2fe750c36	15	73327969	79443888	3007	0.0009
e07fa841-db4a-448d-9906-a5b2fe750c36	15	79450291	90491852	6445	0.0517
e07fa841-db4a-448d-9906-a5b2fe750c36	15	90493664	92552918	1597	0.0957
e07fa841-db4a-448d-9906-a5b2fe750c36	15	92554747	98519453	3699	0.153
e07fa841-db4a-448d-9906-a5b2fe750c36	15	98519490	101076127	1276	-0.2162
e07fa841-db4a-448d-9906-a5b2fe750c36	15	101078612	101097601	15	0.2798
e07fa841-db4a-448d-9906-a5b2fe750c36	15	101098185	101344124	135	-0.2482
e07fa841-db4a-448d-9906-a5b2fe750c36	16	603333	3342053	769	-0.0822
e07fa841-db4a-448d-9906-a5b2fe750c36	16	3342984	4823241	755	-0.5834
e07fa841-db4a-448d-9906-a5b2fe750c36	16	4827256	6573078	1251	-0.4702
e07fa841-db4a-448d-9906-a5b2fe750c36	16	6575421	6583259	10	-2.5113
e07fa841-db4a-448d-9906-a5b2fe750c36	16	7081613	7639105	321	-0.5086
e07fa841-db4a-448d-9906-a5b2fe750c36	16	7639169	10122825	1849	-1.1136
e07fa841-db4a-448d-9906-a5b2fe750c36	16	10124133	10124776	2	0.0532
e07fa841-db4a-448d-9906-a5b2fe750c36	16	10124868	10143229	28	0.8145
e07fa841-db4a-448d-9906-a5b2fe750c36	16	10143291	10145420	2	1.359
e07fa841-db4a-448d-9906-a5b2fe750c36	16	10147092	12929761	2001	0.0444
e07fa841-db4a-448d-9906-a5b2fe750c36	16	12929899	20101940	1930	0.1126
e07fa841-db4a-448d-9906-a5b2fe750c36	16	20110286	26963621	3567	0.0605
e07fa841-db4a-448d-9906-a5b2fe750c36	16	26963907	31383371	1298	-0.0178
e07fa841-db4a-448d-9906-a5b2fe750c36	16	31383401	46510715	223	0.0452
e07fa841-db4a-448d-9906-a5b2fe750c36	16	46515169	56661752	6778	-0.3579
e07fa841-db4a-448d-9906-a5b2fe750c36	16	56662016	57993561	790	-0.4616
e07fa841-db4a-448d-9906-a5b2fe750c36	16	58002503	66474123	5545	-0.3574
e07fa841-db4a-448d-9906-a5b2fe750c36	16	66477420	68440717	814	-0.4455
e07fa841-db4a-448d-9906-a5b2fe750c36	16	68440918	77427248	4868	-0.3543
e07fa841-db4a-448d-9906-a5b2fe750c36	16	77427455	77427688	2	-2.1949
e07fa841-db4a-448d-9906-a5b2fe750c36	16	77428378	78238944	687	-0.3683
e07fa841-db4a-448d-9906-a5b2fe750c36	16	78239133	79938779	1639	-0.4496
e07fa841-db4a-448d-9906-a5b2fe750c36	16	79938919	83760390	3234	-0.3889
e07fa841-db4a-448d-9906-a5b2fe750c36	16	83760392	89317317	2691	-0.4436
e07fa841-db4a-448d-9906-a5b2fe750c36	17	1074619	10433605	4849	-0.4186
e07fa841-db4a-448d-9906-a5b2fe750c36	17	10433894	13273080	2030	-0.3485
e07fa841-db4a-448d-9906-a5b2fe750c36	17	13332284	13857710	375	0.114
e07fa841-db4a-448d-9906-a5b2fe750c36	17	13861842	16880332	693	-0.3862
e07fa841-db4a-448d-9906-a5b2fe750c36	17	16880973	28805724	2615	0.0741
e07fa841-db4a-448d-9906-a5b2fe750c36	17	28817590	31534827	1098	-0.3154
e07fa841-db4a-448d-9906-a5b2fe750c36	17	31541121	32723732	605	-0.2117
e07fa841-db4a-448d-9906-a5b2fe750c36	17	32724758	32939688	114	0.1981
e07fa841-db4a-448d-9906-a5b2fe750c36	17	32945352	32945401	2	-1.1557
e07fa841-db4a-448d-9906-a5b2fe750c36	17	32945438	33626837	682	0.1808
e07fa841-db4a-448d-9906-a5b2fe750c36	17	33628134	51010703	7090	0.1029
e07fa841-db4a-448d-9906-a5b2fe750c36	17	51010965	59841009	5319	0.1614
e07fa841-db4a-448d-9906-a5b2fe750c36	17	59842355	59870053	17	2.682
e07fa841-db4a-448d-9906-a5b2fe750c36	17	59878393	59892474	11	1.1607
e07fa841-db4a-448d-9906-a5b2fe750c36	17	59899297	60600504	314	0.2864
e07fa841-db4a-448d-9906-a5b2fe750c36	17	60603815	63610240	1416	0.1495
e07fa841-db4a-448d-9906-a5b2fe750c36	17	63611468	65328115	814	0.0829
e07fa841-db4a-448d-9906-a5b2fe750c36	17	65328308	73829384	5734	0.1748
e07fa841-db4a-448d-9906-a5b2fe750c36	17	74695492	78562691	1756	0.0572
e07fa841-db4a-448d-9906-a5b2fe750c36	17	78563081	82959812	1673	0.3414
e07fa841-db4a-448d-9906-a5b2fe750c36	18	326691	1053251	170	-0.3394
e07fa841-db4a-448d-9906-a5b2fe750c36	18	1053493	1053717	2	-1.5066
e07fa841-db4a-448d-9906-a5b2fe750c36	18	1054784	1341087	124	-0.2902
e07fa841-db4a-448d-9906-a5b2fe750c36	18	1344119	8070506	3793	-0.8788
e07fa841-db4a-448d-9906-a5b2fe750c36	18	8077300	11844511	2748	-0.1703
e07fa841-db4a-448d-9906-a5b2fe750c36	18	11846920	11907152	54	0.3028
e07fa841-db4a-448d-9906-a5b2fe750c36	18	11907375	14071226	1279	-0.2153
e07fa841-db4a-448d-9906-a5b2fe750c36	18	14355174	21109102	66	-0.7334
e07fa841-db4a-448d-9906-a5b2fe750c36	18	21109786	22084428	413	0.3364
e07fa841-db4a-448d-9906-a5b2fe750c36	18	22087113	22105153	11	-0.785
e07fa841-db4a-448d-9906-a5b2fe750c36	18	22107782	22119285	6	0.3164
e07fa841-db4a-448d-9906-a5b2fe750c36	18	22122353	42618872	12545	-0.7306
e07fa841-db4a-448d-9906-a5b2fe750c36	18	42624445	56332321	8760	-1.1187
e07fa841-db4a-448d-9906-a5b2fe750c36	18	56333345	56337695	2	-7.0184
e07fa841-db4a-448d-9906-a5b2fe750c36	18	56339551	60223839	2612	-1.1133
e07fa841-db4a-448d-9906-a5b2fe750c36	18	60224328	65528534	3325	-0.5036
e07fa841-db4a-448d-9906-a5b2fe750c36	18	65531860	73779648	3132	-0.4439
e07fa841-db4a-448d-9906-a5b2fe750c36	18	73779869	79349796	3646	-0.5177
e07fa841-db4a-448d-9906-a5b2fe750c36	19	283868	3521410	797	-0.5135
e07fa841-db4a-448d-9906-a5b2fe750c36	19	3527112	3533805	3	-2.4182
e07fa841-db4a-448d-9906-a5b2fe750c36	19	3542109	19787340	6887	-0.4674
e07fa841-db4a-448d-9906-a5b2fe750c36	19	19789129	23768252	1251	-0.3816
e07fa841-db4a-448d-9906-a5b2fe750c36	19	23770877	23776077	8	-0.904
e07fa841-db4a-448d-9906-a5b2fe750c36	19	23778010	23872082	87	-0.4435
e07fa841-db4a-448d-9906-a5b2fe750c36	19	27749470	28048374	208	0.212
e07fa841-db4a-448d-9906-a5b2fe750c36	19	28053208	29027962	776	0.0226
e07fa841-db4a-448d-9906-a5b2fe750c36	19	29028555	30793899	1297	0.7382
e07fa841-db4a-448d-9906-a5b2fe750c36	19	30797211	30797633	2	-0.6983
e07fa841-db4a-448d-9906-a5b2fe750c36	19	30799692	31564502	592	0.737
e07fa841-db4a-448d-9906-a5b2fe750c36	19	31564666	33660791	1304	0.9043
e07fa841-db4a-448d-9906-a5b2fe750c36	19	33664792	34403915	504	1.0211
e07fa841-db4a-448d-9906-a5b2fe750c36	19	34412588	34897248	306	0.8692
e07fa841-db4a-448d-9906-a5b2fe750c36	19	34901830	35551087	424	0.7892
e07fa841-db4a-448d-9906-a5b2fe750c36	19	35551174	37803837	1018	1.2785
e07fa841-db4a-448d-9906-a5b2fe750c36	19	37804653	40828833	1457	0.9441
e07fa841-db4a-448d-9906-a5b2fe750c36	19	40828847	41712389	393	1.1467
e07fa841-db4a-448d-9906-a5b2fe750c36	19	41712718	42379103	217	1.2697
e07fa841-db4a-448d-9906-a5b2fe750c36	19	42379801	46261764	1573	1.5537
e07fa841-db4a-448d-9906-a5b2fe750c36	19	46268118	54183205	2987	-0.4607
e07fa841-db4a-448d-9906-a5b2fe750c36	19	54193859	58370362	2018	-0.2478
e07fa841-db4a-448d-9906-a5b2fe750c36	20	472817	3253817	1837	-0.3188
e07fa841-db4a-448d-9906-a5b2fe750c36	20	3254848	3295736	29	0.0909
e07fa841-db4a-448d-9906-a5b2fe750c36	20	3296174	5880463	1327	-0.2963
e07fa841-db4a-448d-9906-a5b2fe750c36	20	5880718	7763896	1321	-0.2073
e07fa841-db4a-448d-9906-a5b2fe750c36	20	7763912	8605879	230	0.2493
e07fa841-db4a-448d-9906-a5b2fe750c36	20	8606650	13129625	3424	-0.2742
e07fa841-db4a-448d-9906-a5b2fe750c36	20	13129633	17477919	2974	-0.2192
e07fa841-db4a-448d-9906-a5b2fe750c36	20	17481505	26215232	5778	-0.2631
e07fa841-db4a-448d-9906-a5b2fe750c36	20	26215250	31287179	22	0.0873
e07fa841-db4a-448d-9906-a5b2fe750c36	20	31287363	31644486	166	0.2597
e07fa841-db4a-448d-9906-a5b2fe750c36	20	31644649	33099256	746	0.1322
e07fa841-db4a-448d-9906-a5b2fe750c36	20	33101256	33101853	2	-1.5596
e07fa841-db4a-448d-9906-a5b2fe750c36	20	33102548	38769266	2917	0.1249
e07fa841-db4a-448d-9906-a5b2fe750c36	20	38774404	40161346	979	0.4423
e07fa841-db4a-448d-9906-a5b2fe750c36	20	40161619	41247964	689	0.096
e07fa841-db4a-448d-9906-a5b2fe750c36	20	41254300	48469509	4971	-0.3414
e07fa841-db4a-448d-9906-a5b2fe750c36	20	48479209	50364524	908	-0.4259
e07fa841-db4a-448d-9906-a5b2fe750c36	20	50364835	51581808	914	-0.3564
e07fa841-db4a-448d-9906-a5b2fe750c36	20	51584089	57002289	3896	-0.3122
e07fa841-db4a-448d-9906-a5b2fe750c36	20	57005132	63588502	4357	-0.3708
e07fa841-db4a-448d-9906-a5b2fe750c36	21	13974127	15367565	938	0.3562
e07fa841-db4a-448d-9906-a5b2fe750c36	21	15369024	18770892	2021	0.4244
e07fa841-db4a-448d-9906-a5b2fe750c36	21	18772831	19127151	269	0.3659
e07fa841-db4a-448d-9906-a5b2fe750c36	21	19137341	19534710	314	0.831
e07fa841-db4a-448d-9906-a5b2fe750c36	21	19536533	21834777	1562	0.3428
e07fa841-db4a-448d-9906-a5b2fe750c36	21	21837285	21840216	4	-0.6971
e07fa841-db4a-448d-9906-a5b2fe750c36	21	21840249	26635859	2803	0.3295
e07fa841-db4a-448d-9906-a5b2fe750c36	21	26638476	27110162	425	-0.3997
e07fa841-db4a-448d-9906-a5b2fe750c36	21	27112352	27350750	191	0.1344
e07fa841-db4a-448d-9906-a5b2fe750c36	21	27351031	27359658	11	0.7285
e07fa841-db4a-448d-9906-a5b2fe750c36	21	27362678	27452752	99	0.1015
e07fa841-db4a-448d-9906-a5b2fe750c36	21	27452803	28170549	446	-0.367
e07fa841-db4a-448d-9906-a5b2fe750c36	21	28171921	32427401	2736	0.1178
e07fa841-db4a-448d-9906-a5b2fe750c36	21	32427943	34537983	1253	0.0576
e07fa841-db4a-448d-9906-a5b2fe750c36	21	34542776	34721369	147	0.1353
e07fa841-db4a-448d-9906-a5b2fe750c36	21	34726721	35283822	431	-0.4673
e07fa841-db4a-448d-9906-a5b2fe750c36	21	35286063	35465247	149	0.0295
e07fa841-db4a-448d-9906-a5b2fe750c36	21	35465938	36356221	554	-0.4172
e07fa841-db4a-448d-9906-a5b2fe750c36	21	36356851	38049272	1139	0.0976
e07fa841-db4a-448d-9906-a5b2fe750c36	21	38051404	39548130	1165	-0.3708
e07fa841-db4a-448d-9906-a5b2fe750c36	21	39548546	40181156	521	0.1738
e07fa841-db4a-448d-9906-a5b2fe750c36	21	40181842	40355817	151	-0.3453
e07fa841-db4a-448d-9906-a5b2fe750c36	21	40362756	41224484	721	0.1525
e07fa841-db4a-448d-9906-a5b2fe750c36	21	41224910	44999244	2026	0.3392
e07fa841-db4a-448d-9906-a5b2fe750c36	21	45007278	45670561	144	-0.4794
e07fa841-db4a-448d-9906-a5b2fe750c36	21	45671324	46262057	320	0.0463
e07fa841-db4a-448d-9906-a5b2fe750c36	22	16934932	17043726	52	0.4507
e07fa841-db4a-448d-9906-a5b2fe750c36	22	17044681	21747003	723	0.6684
e07fa841-db4a-448d-9906-a5b2fe750c36	22	21747226	25808414	1107	1.6271
e07fa841-db4a-448d-9906-a5b2fe750c36	22	25814883	26261698	469	0.9688
e07fa841-db4a-448d-9906-a5b2fe750c36	22	26261813	26549736	269	0.7609
e07fa841-db4a-448d-9906-a5b2fe750c36	22	26553661	29256169	2033	0.1572
e07fa841-db4a-448d-9906-a5b2fe750c36	22	29257420	29257430	2	-1.2335
e07fa841-db4a-448d-9906-a5b2fe750c36	22	29257717	30992814	965	0.0977
e07fa841-db4a-448d-9906-a5b2fe750c36	22	30997176	31631463	318	-0.2379
e07fa841-db4a-448d-9906-a5b2fe750c36	22	31631827	35316011	3059	-0.1753
e07fa841-db4a-448d-9906-a5b2fe750c36	22	35316498	36862869	749	-0.251
e07fa841-db4a-448d-9906-a5b2fe750c36	22	36864771	36866727	2	-1.6018
e07fa841-db4a-448d-9906-a5b2fe750c36	22	36869037	38436107	786	-0.2704
e07fa841-db4a-448d-9906-a5b2fe750c36	22	38436272	38462321	18	0.1896
e07fa841-db4a-448d-9906-a5b2fe750c36	22	38464066	40377499	836	-0.273
e07fa841-db4a-448d-9906-a5b2fe750c36	22	40378057	40493928	34	-0.6443
e07fa841-db4a-448d-9906-a5b2fe750c36	22	40496553	42331417	1013	-0.2396
e07fa841-db4a-448d-9906-a5b2fe750c36	22	42331925	46331531	2593	0.127
e07fa841-db4a-448d-9906-a5b2fe750c36	22	46332256	48940621	2037	0.181
e07fa841-db4a-448d-9906-a5b2fe750c36	X	3236359	26078750	9837	-0.0777
e07fa841-db4a-448d-9906-a5b2fe750c36	X	26081682	26081804	2	-2.0628
e07fa841-db4a-448d-9906-a5b2fe750c36	X	26082455	36362652	4987	-0.0891
e07fa841-db4a-448d-9906-a5b2fe750c36	X	36365890	36868958	274	0.1701
e07fa841-db4a-448d-9906-a5b2fe750c36	X	36871838	46845526	4576	-0.1033
e07fa841-db4a-448d-9906-a5b2fe750c36	X	46848113	46851014	2	0.1859
e07fa841-db4a-448d-9906-a5b2fe750c36	X	46852967	50816382	1556	1.0168
e07fa841-db4a-448d-9906-a5b2fe750c36	X	50816680	51979700	554	0.5938
e07fa841-db4a-448d-9906-a5b2fe750c36	X	51983116	54887505	788	0.295
e07fa841-db4a-448d-9906-a5b2fe750c36	X	54888670	55449944	269	0.5723
e07fa841-db4a-448d-9906-a5b2fe750c36	X	55450175	58282959	1054	0.3889
e07fa841-db4a-448d-9906-a5b2fe750c36	X	58286022	64013184	280	0.0648
e07fa841-db4a-448d-9906-a5b2fe750c36	X	64020239	65010396	433	0.1385
e07fa841-db4a-448d-9906-a5b2fe750c36	X	65011027	67129346	764	0.0142
e07fa841-db4a-448d-9906-a5b2fe750c36	X	67130297	67826779	273	0.3393
e07fa841-db4a-448d-9906-a5b2fe750c36	X	67831579	75099289	2939	0.0367
e07fa841-db4a-448d-9906-a5b2fe750c36	X	76153328	81490493	2226	-0.2049
e07fa841-db4a-448d-9906-a5b2fe750c36	X	81491333	92059708	4216	0.5314
e07fa841-db4a-448d-9906-a5b2fe750c36	X	92067182	92067676	2	-1.9369
e07fa841-db4a-448d-9906-a5b2fe750c36	X	92069957	96370519	1262	0.535
e07fa841-db4a-448d-9906-a5b2fe750c36	X	96370809	96963713	356	0.7965
e07fa841-db4a-448d-9906-a5b2fe750c36	X	96967248	97601300	304	0.621
e07fa841-db4a-448d-9906-a5b2fe750c36	X	97602569	97929278	258	0.7754
e07fa841-db4a-448d-9906-a5b2fe750c36	X	97929744	97955190	17	0.4254
e07fa841-db4a-448d-9906-a5b2fe750c36	X	97955748	100440363	1281	0.1641
e07fa841-db4a-448d-9906-a5b2fe750c36	X	100442454	100898759	247	0.5638
e07fa841-db4a-448d-9906-a5b2fe750c36	X	100901681	115947103	6777	-0.2654
e07fa841-db4a-448d-9906-a5b2fe750c36	X	115949285	115970990	18	-1.0922
e07fa841-db4a-448d-9906-a5b2fe750c36	X	115979190	121461743	2878	-0.2483
e07fa841-db4a-448d-9906-a5b2fe750c36	X	121467269	137472593	7146	-0.1042
e07fa841-db4a-448d-9906-a5b2fe750c36	X	137473217	150348491	6416	-0.1767
e07fa841-db4a-448d-9906-a5b2fe750c36	X	150349143	155677414	1719	-0.1289
