GDC_Aliquot	Chromosome	Start	End	Num_Probes	Segment_Mean
5a218ca4-5c68-4182-97fe-9a94d43e6a20	1	3301765	19500302	9091	0.0015
5a218ca4-5c68-4182-97fe-9a94d43e6a20	1	19502918	24694981	2865	0.0392
5a218ca4-5c68-4182-97fe-9a94d43e6a20	1	24695540	26290022	706	0.0094
5a218ca4-5c68-4182-97fe-9a94d43e6a20	1	26306290	26408867	70	0.2884
5a218ca4-5c68-4182-97fe-9a94d43e6a20	1	26413442	38339196	6080	0.0133
5a218ca4-5c68-4182-97fe-9a94d43e6a20	1	38340920	38379285	31	0.2855
5a218ca4-5c68-4182-97fe-9a94d43e6a20	1	38379363	46608469	4333	0.0246
5a218ca4-5c68-4182-97fe-9a94d43e6a20	1	46611309	47242697	321	0.1054
5a218ca4-5c68-4182-97fe-9a94d43e6a20	1	47243471	49146778	1293	0.0208
5a218ca4-5c68-4182-97fe-9a94d43e6a20	1	49150153	49249600	37	-0.377
5a218ca4-5c68-4182-97fe-9a94d43e6a20	1	49254231	49586603	104	-0.1326
5a218ca4-5c68-4182-97fe-9a94d43e6a20	1	49587012	58381264	5464	0.02
5a218ca4-5c68-4182-97fe-9a94d43e6a20	1	58381398	61153384	1886	0.0658
5a218ca4-5c68-4182-97fe-9a94d43e6a20	1	61154824	67109771	4265	0.0306
5a218ca4-5c68-4182-97fe-9a94d43e6a20	1	67110392	67157615	35	0.2837
5a218ca4-5c68-4182-97fe-9a94d43e6a20	1	67164760	83748488	9626	0.0236
5a218ca4-5c68-4182-97fe-9a94d43e6a20	1	83748726	96229222	7890	0.0533
5a218ca4-5c68-4182-97fe-9a94d43e6a20	1	96230230	99139867	1651	-0.0059
5a218ca4-5c68-4182-97fe-9a94d43e6a20	1	99144158	102465039	2089	0.0546
5a218ca4-5c68-4182-97fe-9a94d43e6a20	1	102465714	106709731	2022	0.0092
5a218ca4-5c68-4182-97fe-9a94d43e6a20	1	106710169	110273092	1993	0.0493
5a218ca4-5c68-4182-97fe-9a94d43e6a20	1	110273530	110418974	101	-0.0175
5a218ca4-5c68-4182-97fe-9a94d43e6a20	1	110422031	110492196	63	0.2873
5a218ca4-5c68-4182-97fe-9a94d43e6a20	1	110494095	116971426	4277	0.0352
5a218ca4-5c68-4182-97fe-9a94d43e6a20	1	116971712	117110881	85	-0.2046
5a218ca4-5c68-4182-97fe-9a94d43e6a20	1	117111003	168536904	13093	0.0296
5a218ca4-5c68-4182-97fe-9a94d43e6a20	1	168538539	169212152	604	0.0916
5a218ca4-5c68-4182-97fe-9a94d43e6a20	1	169213918	174493038	3325	0.0387
5a218ca4-5c68-4182-97fe-9a94d43e6a20	1	174497239	177258985	1431	-0.0122
5a218ca4-5c68-4182-97fe-9a94d43e6a20	1	177259376	180025493	1795	0.0361
5a218ca4-5c68-4182-97fe-9a94d43e6a20	1	180025955	180065205	20	0.4238
5a218ca4-5c68-4182-97fe-9a94d43e6a20	1	180065467	181202632	706	0.0575
5a218ca4-5c68-4182-97fe-9a94d43e6a20	1	181202737	181251852	49	0.2803
5a218ca4-5c68-4182-97fe-9a94d43e6a20	1	181253143	207746444	16227	0.0408
5a218ca4-5c68-4182-97fe-9a94d43e6a20	1	207747443	211354623	2704	0.0055
5a218ca4-5c68-4182-97fe-9a94d43e6a20	1	211356125	213797058	1543	0.0562
5a218ca4-5c68-4182-97fe-9a94d43e6a20	1	213797366	223797715	6686	0.0166
5a218ca4-5c68-4182-97fe-9a94d43e6a20	1	223800801	235213191	7216	0.0449
5a218ca4-5c68-4182-97fe-9a94d43e6a20	1	235213510	238599798	2487	0.0015
5a218ca4-5c68-4182-97fe-9a94d43e6a20	1	238601440	241587229	2272	0.053
5a218ca4-5c68-4182-97fe-9a94d43e6a20	1	241589300	247650984	3094	0.0158
5a218ca4-5c68-4182-97fe-9a94d43e6a20	2	480597	8185644	4683	0.1399
5a218ca4-5c68-4182-97fe-9a94d43e6a20	2	8185908	21088913	8850	0.1855
5a218ca4-5c68-4182-97fe-9a94d43e6a20	2	21089022	35170778	7623	0.1581
5a218ca4-5c68-4182-97fe-9a94d43e6a20	2	35170935	40048393	2448	0.2
5a218ca4-5c68-4182-97fe-9a94d43e6a20	2	40048523	40788094	523	0.1185
5a218ca4-5c68-4182-97fe-9a94d43e6a20	2	40792743	50409673	6167	0.1763
5a218ca4-5c68-4182-97fe-9a94d43e6a20	2	50412462	50512631	89	0.3771
5a218ca4-5c68-4182-97fe-9a94d43e6a20	2	50515512	53688646	1541	0.1695
5a218ca4-5c68-4182-97fe-9a94d43e6a20	2	53689600	105529850	24253	0.0431
5a218ca4-5c68-4182-97fe-9a94d43e6a20	2	105529918	105535647	2	-1.3818
5a218ca4-5c68-4182-97fe-9a94d43e6a20	2	105535795	128779228	11704	0.0436
5a218ca4-5c68-4182-97fe-9a94d43e6a20	2	128779256	134333889	2476	0.0011
5a218ca4-5c68-4182-97fe-9a94d43e6a20	2	134335582	145761806	6416	-0.3274
5a218ca4-5c68-4182-97fe-9a94d43e6a20	2	145764519	151012380	2966	-0.2832
5a218ca4-5c68-4182-97fe-9a94d43e6a20	2	151013673	154954430	2425	-0.3193
5a218ca4-5c68-4182-97fe-9a94d43e6a20	2	154961253	163056944	4539	-0.276
5a218ca4-5c68-4182-97fe-9a94d43e6a20	2	163060357	164580989	846	-0.3206
5a218ca4-5c68-4182-97fe-9a94d43e6a20	2	164581034	164981774	215	0.081
5a218ca4-5c68-4182-97fe-9a94d43e6a20	2	164981910	165007539	8	-0.438
5a218ca4-5c68-4182-97fe-9a94d43e6a20	2	165008929	165677696	389	0.0506
5a218ca4-5c68-4182-97fe-9a94d43e6a20	2	165680584	167409574	1003	0.0073
5a218ca4-5c68-4182-97fe-9a94d43e6a20	2	167412295	173241141	3801	0.0628
5a218ca4-5c68-4182-97fe-9a94d43e6a20	2	173247799	173308999	43	0.3522
5a218ca4-5c68-4182-97fe-9a94d43e6a20	2	173309251	177330518	2566	0.0416
5a218ca4-5c68-4182-97fe-9a94d43e6a20	2	177330881	177476574	70	0.2142
5a218ca4-5c68-4182-97fe-9a94d43e6a20	2	177479215	185433729	4493	0.0319
5a218ca4-5c68-4182-97fe-9a94d43e6a20	2	186024241	186329408	159	-0.2102
5a218ca4-5c68-4182-97fe-9a94d43e6a20	2	186331963	191411466	2650	0.0621
5a218ca4-5c68-4182-97fe-9a94d43e6a20	2	191412645	191414330	4	-1.715
5a218ca4-5c68-4182-97fe-9a94d43e6a20	2	191414819	209098480	9403	0.0579
5a218ca4-5c68-4182-97fe-9a94d43e6a20	2	209098961	221077499	7367	0.0236
5a218ca4-5c68-4182-97fe-9a94d43e6a20	2	221079456	235916055	9105	0.049
5a218ca4-5c68-4182-97fe-9a94d43e6a20	2	235916423	241074641	3017	-0.008
5a218ca4-5c68-4182-97fe-9a94d43e6a20	2	241074746	241537572	265	0.04
5a218ca4-5c68-4182-97fe-9a94d43e6a20	3	2170634	3570914	842	-0.1191
5a218ca4-5c68-4182-97fe-9a94d43e6a20	3	3572598	10604833	4063	-0.0479
5a218ca4-5c68-4182-97fe-9a94d43e6a20	3	10606240	11375932	540	-0.116
5a218ca4-5c68-4182-97fe-9a94d43e6a20	3	11375953	29428702	10708	-0.0511
5a218ca4-5c68-4182-97fe-9a94d43e6a20	3	29428806	30308900	596	0.0009
5a218ca4-5c68-4182-97fe-9a94d43e6a20	3	30311789	30339345	30	0.2355
5a218ca4-5c68-4182-97fe-9a94d43e6a20	3	30340435	32142175	1269	-0.0029
5a218ca4-5c68-4182-97fe-9a94d43e6a20	3	32145477	54363705	11998	-0.0548
5a218ca4-5c68-4182-97fe-9a94d43e6a20	3	54364345	55562732	997	-0.106
5a218ca4-5c68-4182-97fe-9a94d43e6a20	3	55563389	61473657	2906	-0.0475
5a218ca4-5c68-4182-97fe-9a94d43e6a20	3	61475361	61600507	91	-0.2802
5a218ca4-5c68-4182-97fe-9a94d43e6a20	3	61602742	62890458	968	-0.0822
5a218ca4-5c68-4182-97fe-9a94d43e6a20	3	62890505	65595083	2225	-0.0067
5a218ca4-5c68-4182-97fe-9a94d43e6a20	3	65599863	67798605	1469	-0.0452
5a218ca4-5c68-4182-97fe-9a94d43e6a20	3	67803911	67863146	27	0.3117
5a218ca4-5c68-4182-97fe-9a94d43e6a20	3	67867359	86956127	10896	-0.0579
5a218ca4-5c68-4182-97fe-9a94d43e6a20	3	86958491	87661956	391	0.0277
5a218ca4-5c68-4182-97fe-9a94d43e6a20	3	87662177	101562865	5130	-0.057
5a218ca4-5c68-4182-97fe-9a94d43e6a20	3	101566695	104272557	1451	-0.018
5a218ca4-5c68-4182-97fe-9a94d43e6a20	3	104275640	104471952	107	0.1872
5a218ca4-5c68-4182-97fe-9a94d43e6a20	3	104472197	112451718	4569	-0.0211
5a218ca4-5c68-4182-97fe-9a94d43e6a20	3	112451935	116381941	2318	-0.0571
5a218ca4-5c68-4182-97fe-9a94d43e6a20	3	116383032	116769188	318	-0.3869
5a218ca4-5c68-4182-97fe-9a94d43e6a20	3	116769652	116814636	47	-0.1429
5a218ca4-5c68-4182-97fe-9a94d43e6a20	3	116814651	117239160	339	-0.3637
5a218ca4-5c68-4182-97fe-9a94d43e6a20	3	117242038	117744866	360	-0.1206
5a218ca4-5c68-4182-97fe-9a94d43e6a20	3	117749462	125820054	4611	-0.0321
5a218ca4-5c68-4182-97fe-9a94d43e6a20	3	125820482	141392908	8926	-0.0633
5a218ca4-5c68-4182-97fe-9a94d43e6a20	3	141394470	141469557	50	0.4765
5a218ca4-5c68-4182-97fe-9a94d43e6a20	3	141473644	144668436	1473	-0.0471
5a218ca4-5c68-4182-97fe-9a94d43e6a20	3	144668597	144756647	48	0.4992
5a218ca4-5c68-4182-97fe-9a94d43e6a20	3	144759276	167752797	11578	-0.0502
5a218ca4-5c68-4182-97fe-9a94d43e6a20	3	167753757	177790452	5218	-0.0103
5a218ca4-5c68-4182-97fe-9a94d43e6a20	3	177790833	179296367	902	-0.0471
5a218ca4-5c68-4182-97fe-9a94d43e6a20	3	179304740	181814620	1293	-0.083
5a218ca4-5c68-4182-97fe-9a94d43e6a20	3	181815177	197812401	8361	-0.0267
5a218ca4-5c68-4182-97fe-9a94d43e6a20	4	1059384	4344338	1260	0.2397
5a218ca4-5c68-4182-97fe-9a94d43e6a20	4	4344646	6308640	1527	0.1832
5a218ca4-5c68-4182-97fe-9a94d43e6a20	4	6310277	12243979	3594	0.2567
5a218ca4-5c68-4182-97fe-9a94d43e6a20	4	12248070	20176288	5475	0.204
5a218ca4-5c68-4182-97fe-9a94d43e6a20	4	20181931	20187824	4	-0.3721
5a218ca4-5c68-4182-97fe-9a94d43e6a20	4	20188445	22557420	1616	-0.073
5a218ca4-5c68-4182-97fe-9a94d43e6a20	4	22564065	26962728	2788	-0.0287
5a218ca4-5c68-4182-97fe-9a94d43e6a20	4	26963595	37113257	6046	-0.063
5a218ca4-5c68-4182-97fe-9a94d43e6a20	4	37113502	38986967	1421	-0.0122
5a218ca4-5c68-4182-97fe-9a94d43e6a20	4	38988060	42235495	1749	-0.0479
5a218ca4-5c68-4182-97fe-9a94d43e6a20	4	42235881	45376829	1497	-0.1044
5a218ca4-5c68-4182-97fe-9a94d43e6a20	4	45378046	53291111	2158	-0.0468
5a218ca4-5c68-4182-97fe-9a94d43e6a20	4	53293606	53362380	31	-0.7212
5a218ca4-5c68-4182-97fe-9a94d43e6a20	4	53369196	57784693	3088	-0.05
5a218ca4-5c68-4182-97fe-9a94d43e6a20	4	57785097	63093342	2865	-0.0831
5a218ca4-5c68-4182-97fe-9a94d43e6a20	4	63093980	67941210	2687	-0.0456
5a218ca4-5c68-4182-97fe-9a94d43e6a20	4	67941896	73597557	2427	-0.032
5a218ca4-5c68-4182-97fe-9a94d43e6a20	4	73597880	74988359	841	0.0238
5a218ca4-5c68-4182-97fe-9a94d43e6a20	4	74991666	79072668	2674	-0.0294
5a218ca4-5c68-4182-97fe-9a94d43e6a20	4	79072883	79079627	2	-1.5398
5a218ca4-5c68-4182-97fe-9a94d43e6a20	4	79080556	83838220	2730	-0.0383
5a218ca4-5c68-4182-97fe-9a94d43e6a20	4	83838490	90963257	4246	-0.0649
5a218ca4-5c68-4182-97fe-9a94d43e6a20	4	90964204	91017784	54	-0.2714
5a218ca4-5c68-4182-97fe-9a94d43e6a20	4	91017908	103235017	6640	-0.0633
5a218ca4-5c68-4182-97fe-9a94d43e6a20	4	103235423	120273570	9717	-0.0389
5a218ca4-5c68-4182-97fe-9a94d43e6a20	4	120275233	123998584	2065	-0.0636
5a218ca4-5c68-4182-97fe-9a94d43e6a20	4	123998688	124002972	2	-1.1498
5a218ca4-5c68-4182-97fe-9a94d43e6a20	4	124003041	126769737	1653	-0.0582
5a218ca4-5c68-4182-97fe-9a94d43e6a20	4	126769752	127241650	185	-0.1912
5a218ca4-5c68-4182-97fe-9a94d43e6a20	4	127244344	134700921	3304	-0.0761
5a218ca4-5c68-4182-97fe-9a94d43e6a20	4	134701521	134701533	2	-2.5063
5a218ca4-5c68-4182-97fe-9a94d43e6a20	4	134702075	136858202	1130	-0.0749
5a218ca4-5c68-4182-97fe-9a94d43e6a20	4	136858547	138150730	753	-0.0197
5a218ca4-5c68-4182-97fe-9a94d43e6a20	4	138153694	138285297	89	0.1273
5a218ca4-5c68-4182-97fe-9a94d43e6a20	4	138285355	159983711	12506	-0.0369
5a218ca4-5c68-4182-97fe-9a94d43e6a20	4	159983801	160057744	28	0.2505
5a218ca4-5c68-4182-97fe-9a94d43e6a20	4	160061794	160810581	506	0.0006
5a218ca4-5c68-4182-97fe-9a94d43e6a20	4	160810685	166336452	2985	-0.0769
5a218ca4-5c68-4182-97fe-9a94d43e6a20	4	166343408	175422146	4912	-0.0393
5a218ca4-5c68-4182-97fe-9a94d43e6a20	4	175422428	178359216	1753	-0.0893
5a218ca4-5c68-4182-97fe-9a94d43e6a20	4	178780890	184380977	2677	-0.4689
5a218ca4-5c68-4182-97fe-9a94d43e6a20	4	184381028	184415108	36	-1.0874
5a218ca4-5c68-4182-97fe-9a94d43e6a20	4	184415698	187842528	1683	-0.4209
5a218ca4-5c68-4182-97fe-9a94d43e6a20	5	913983	6177456	3729	0.0904
5a218ca4-5c68-4182-97fe-9a94d43e6a20	5	6178042	11646438	4034	0.1519
5a218ca4-5c68-4182-97fe-9a94d43e6a20	5	11648152	11661534	8	-0.3341
5a218ca4-5c68-4182-97fe-9a94d43e6a20	5	11662665	13452689	768	0.0965
5a218ca4-5c68-4182-97fe-9a94d43e6a20	5	13454820	17780423	2375	0.171
5a218ca4-5c68-4182-97fe-9a94d43e6a20	5	17780949	50856131	15208	0.1174
5a218ca4-5c68-4182-97fe-9a94d43e6a20	5	50856267	56596557	3575	-0.0586
5a218ca4-5c68-4182-97fe-9a94d43e6a20	5	56596778	56603912	13	0.3472
5a218ca4-5c68-4182-97fe-9a94d43e6a20	5	56604232	59190570	1769	-0.0557
5a218ca4-5c68-4182-97fe-9a94d43e6a20	5	59194305	59674960	342	0.122
5a218ca4-5c68-4182-97fe-9a94d43e6a20	5	59675206	59895785	139	-0.0542
5a218ca4-5c68-4182-97fe-9a94d43e6a20	5	59897690	59994208	59	-0.4288
5a218ca4-5c68-4182-97fe-9a94d43e6a20	5	60005086	60626318	282	-0.1027
5a218ca4-5c68-4182-97fe-9a94d43e6a20	5	60630738	60752201	56	-0.3057
5a218ca4-5c68-4182-97fe-9a94d43e6a20	5	60755317	67527420	3733	-0.0633
5a218ca4-5c68-4182-97fe-9a94d43e6a20	5	67528138	68655957	760	0.0139
5a218ca4-5c68-4182-97fe-9a94d43e6a20	5	68656382	76162591	3421	-0.041
5a218ca4-5c68-4182-97fe-9a94d43e6a20	5	76162711	82444556	3682	-0.0729
5a218ca4-5c68-4182-97fe-9a94d43e6a20	5	82444701	107461610	12250	-0.0351
5a218ca4-5c68-4182-97fe-9a94d43e6a20	5	107465462	114476392	4638	-0.0875
5a218ca4-5c68-4182-97fe-9a94d43e6a20	5	114477264	123076189	4895	-0.049
5a218ca4-5c68-4182-97fe-9a94d43e6a20	5	123083111	129485154	3864	-0.0126
5a218ca4-5c68-4182-97fe-9a94d43e6a20	5	129486723	145257544	9088	-0.0643
5a218ca4-5c68-4182-97fe-9a94d43e6a20	5	145258557	146547764	758	0.0072
5a218ca4-5c68-4182-97fe-9a94d43e6a20	5	146548125	168850486	14646	-0.0656
5a218ca4-5c68-4182-97fe-9a94d43e6a20	5	168855808	170510402	1321	-0.1247
5a218ca4-5c68-4182-97fe-9a94d43e6a20	5	170512312	178054262	4114	-0.0744
5a218ca4-5c68-4182-97fe-9a94d43e6a20	5	178055518	180934240	1516	-0.1228
5a218ca4-5c68-4182-97fe-9a94d43e6a20	6	1011760	3324393	1749	0.0636
5a218ca4-5c68-4182-97fe-9a94d43e6a20	6	3324722	10792417	5181	0.0233
5a218ca4-5c68-4182-97fe-9a94d43e6a20	6	10794303	12326487	1213	0.0732
5a218ca4-5c68-4182-97fe-9a94d43e6a20	6	12328963	18756787	4407	0.0346
5a218ca4-5c68-4182-97fe-9a94d43e6a20	6	18759869	18824981	51	0.2696
5a218ca4-5c68-4182-97fe-9a94d43e6a20	6	18825269	22292930	2442	0.0352
5a218ca4-5c68-4182-97fe-9a94d43e6a20	6	22294659	23002103	574	0.1028
5a218ca4-5c68-4182-97fe-9a94d43e6a20	6	23005208	45468512	11246	0.0258
5a218ca4-5c68-4182-97fe-9a94d43e6a20	6	45470957	50321656	2896	0.0565
5a218ca4-5c68-4182-97fe-9a94d43e6a20	6	50324532	50324626	2	-1.2395
5a218ca4-5c68-4182-97fe-9a94d43e6a20	6	50325195	67586455	7559	0.0522
5a218ca4-5c68-4182-97fe-9a94d43e6a20	6	67587114	67589473	5	-0.6813
5a218ca4-5c68-4182-97fe-9a94d43e6a20	6	67592085	71154465	1923	0.0347
5a218ca4-5c68-4182-97fe-9a94d43e6a20	6	71155226	72794537	1053	-0.0191
5a218ca4-5c68-4182-97fe-9a94d43e6a20	6	72795075	89313116	9300	0.0491
5a218ca4-5c68-4182-97fe-9a94d43e6a20	6	89313202	93333330	2562	0.0064
5a218ca4-5c68-4182-97fe-9a94d43e6a20	6	93338039	96256798	835	0.065
5a218ca4-5c68-4182-97fe-9a94d43e6a20	6	96256849	103378000	4072	0.0069
5a218ca4-5c68-4182-97fe-9a94d43e6a20	6	103381090	128446371	14315	0.0414
5a218ca4-5c68-4182-97fe-9a94d43e6a20	6	128448755	128719418	162	0.5352
5a218ca4-5c68-4182-97fe-9a94d43e6a20	6	128724844	147993663	12108	0.06
5a218ca4-5c68-4182-97fe-9a94d43e6a20	6	147995113	153027395	3594	0.0262
5a218ca4-5c68-4182-97fe-9a94d43e6a20	6	153027573	153027671	2	-1.0865
5a218ca4-5c68-4182-97fe-9a94d43e6a20	6	153033925	153585374	376	0.0162
5a218ca4-5c68-4182-97fe-9a94d43e6a20	6	153588494	160715453	4578	0.0491
5a218ca4-5c68-4182-97fe-9a94d43e6a20	6	160716226	170596889	4874	0.0127
5a218ca4-5c68-4182-97fe-9a94d43e6a20	7	664936	7127996	2314	0.0277
5a218ca4-5c68-4182-97fe-9a94d43e6a20	7	7128062	24139272	10101	0.0684
5a218ca4-5c68-4182-97fe-9a94d43e6a20	7	24139408	24139446	3	-0.9295
5a218ca4-5c68-4182-97fe-9a94d43e6a20	7	24140042	32005000	5244	0.0689
5a218ca4-5c68-4182-97fe-9a94d43e6a20	7	32006005	50632240	11856	0.0348
5a218ca4-5c68-4182-97fe-9a94d43e6a20	7	50633125	55122792	3223	0.0652
5a218ca4-5c68-4182-97fe-9a94d43e6a20	7	55122796	69795136	3293	0.0133
5a218ca4-5c68-4182-97fe-9a94d43e6a20	7	69797347	70975105	677	0.0855
5a218ca4-5c68-4182-97fe-9a94d43e6a20	7	70977617	79329916	3369	0.0316
5a218ca4-5c68-4182-97fe-9a94d43e6a20	7	79335042	124769293	23715	0.0619
5a218ca4-5c68-4182-97fe-9a94d43e6a20	7	124777473	137343169	7128	0.0271
5a218ca4-5c68-4182-97fe-9a94d43e6a20	7	137346269	141126632	2136	0.0745
5a218ca4-5c68-4182-97fe-9a94d43e6a20	7	141129999	158592540	8813	0.036
5a218ca4-5c68-4182-97fe-9a94d43e6a20	8	667625	6623744	2938	-0.0397
5a218ca4-5c68-4182-97fe-9a94d43e6a20	8	6624827	9893164	1268	0.0377
5a218ca4-5c68-4182-97fe-9a94d43e6a20	8	9893342	16561221	3917	-0.0232
5a218ca4-5c68-4182-97fe-9a94d43e6a20	8	16561728	17357615	512	-0.0024
5a218ca4-5c68-4182-97fe-9a94d43e6a20	8	17359624	18448751	947	0.0506
5a218ca4-5c68-4182-97fe-9a94d43e6a20	8	18449344	30557825	8452	-0.0003
5a218ca4-5c68-4182-97fe-9a94d43e6a20	8	30563365	30606056	28	0.2841
5a218ca4-5c68-4182-97fe-9a94d43e6a20	8	30614721	31591068	559	-0.0064
5a218ca4-5c68-4182-97fe-9a94d43e6a20	8	31591481	33682349	1431	-0.0492
5a218ca4-5c68-4182-97fe-9a94d43e6a20	8	33682516	35909255	1135	0.0072
5a218ca4-5c68-4182-97fe-9a94d43e6a20	8	35916957	36011907	35	-0.7312
5a218ca4-5c68-4182-97fe-9a94d43e6a20	8	36016639	36707613	258	-0.0099
5a218ca4-5c68-4182-97fe-9a94d43e6a20	8	36708187	40453248	1989	0.0405
5a218ca4-5c68-4182-97fe-9a94d43e6a20	8	40453490	78825230	20234	-0.0047
5a218ca4-5c68-4182-97fe-9a94d43e6a20	8	78825342	79067135	95	0.1202
5a218ca4-5c68-4182-97fe-9a94d43e6a20	8	79070360	79100499	16	0.411
5a218ca4-5c68-4182-97fe-9a94d43e6a20	8	79113568	81521215	1427	0.054
5a218ca4-5c68-4182-97fe-9a94d43e6a20	8	81525090	86833203	2630	-0.0028
5a218ca4-5c68-4182-97fe-9a94d43e6a20	8	86833467	99924378	7555	0.1361
5a218ca4-5c68-4182-97fe-9a94d43e6a20	8	99924585	106677539	3734	0.0328
5a218ca4-5c68-4182-97fe-9a94d43e6a20	8	106683771	107702223	665	0.1015
5a218ca4-5c68-4182-97fe-9a94d43e6a20	8	107703547	113798124	3201	0.0365
5a218ca4-5c68-4182-97fe-9a94d43e6a20	8	113798137	118576586	2885	0.1282
5a218ca4-5c68-4182-97fe-9a94d43e6a20	8	118576911	127912494	6318	0.1643
5a218ca4-5c68-4182-97fe-9a94d43e6a20	8	127914167	144182542	9935	0.1209
5a218ca4-5c68-4182-97fe-9a94d43e6a20	9	789794	4381509	2603	-0.2237
5a218ca4-5c68-4182-97fe-9a94d43e6a20	9	4383219	7391541	1301	0.3171
5a218ca4-5c68-4182-97fe-9a94d43e6a20	9	7391634	7727388	352	0.225
5a218ca4-5c68-4182-97fe-9a94d43e6a20	9	7727818	7859710	121	0.428
5a218ca4-5c68-4182-97fe-9a94d43e6a20	9	7860012	11235661	1948	0.2223
5a218ca4-5c68-4182-97fe-9a94d43e6a20	9	11236338	12840929	201	0.3462
5a218ca4-5c68-4182-97fe-9a94d43e6a20	9	12847725	14137234	975	0.1029
5a218ca4-5c68-4182-97fe-9a94d43e6a20	9	14137321	17373072	2624	-0.0658
5a218ca4-5c68-4182-97fe-9a94d43e6a20	9	17375351	20893684	2815	-0.0065
5a218ca4-5c68-4182-97fe-9a94d43e6a20	9	20896722	70876563	12498	-0.055
5a218ca4-5c68-4182-97fe-9a94d43e6a20	9	70876727	77029057	4254	-0.0121
5a218ca4-5c68-4182-97fe-9a94d43e6a20	9	77036716	107558859	19803	-0.0567
5a218ca4-5c68-4182-97fe-9a94d43e6a20	9	107560747	108539866	872	0.0041
5a218ca4-5c68-4182-97fe-9a94d43e6a20	9	108540617	115339430	4778	-0.0469
5a218ca4-5c68-4182-97fe-9a94d43e6a20	9	115341444	120340530	3785	-0.0951
5a218ca4-5c68-4182-97fe-9a94d43e6a20	9	120340655	133707628	7876	-0.0607
5a218ca4-5c68-4182-97fe-9a94d43e6a20	9	133709122	137075517	1367	-0.1065
5a218ca4-5c68-4182-97fe-9a94d43e6a20	9	137084167	137128854	15	0.3256
5a218ca4-5c68-4182-97fe-9a94d43e6a20	9	137140388	138044505	253	-0.0517
5a218ca4-5c68-4182-97fe-9a94d43e6a20	10	366509	3453333	1635	-0.0101
5a218ca4-5c68-4182-97fe-9a94d43e6a20	10	3453669	5806038	1857	0.0543
5a218ca4-5c68-4182-97fe-9a94d43e6a20	10	5810209	6611754	708	0.012
5a218ca4-5c68-4182-97fe-9a94d43e6a20	10	6611789	7610716	760	-0.0559
5a218ca4-5c68-4182-97fe-9a94d43e6a20	10	7610987	24109159	11949	0.0064
5a218ca4-5c68-4182-97fe-9a94d43e6a20	10	24109239	26475880	1584	0.0287
5a218ca4-5c68-4182-97fe-9a94d43e6a20	10	26478071	26478086	2	-1.0751
5a218ca4-5c68-4182-97fe-9a94d43e6a20	10	26478243	35635092	5965	0.0297
5a218ca4-5c68-4182-97fe-9a94d43e6a20	10	35635517	38034855	1540	-0.002
5a218ca4-5c68-4182-97fe-9a94d43e6a20	10	38037894	38070812	33	0.29
5a218ca4-5c68-4182-97fe-9a94d43e6a20	10	38071783	52515723	4989	-0.0053
5a218ca4-5c68-4182-97fe-9a94d43e6a20	10	52516783	53879157	870	0.0637
5a218ca4-5c68-4182-97fe-9a94d43e6a20	10	53879218	57380189	1682	0.007
5a218ca4-5c68-4182-97fe-9a94d43e6a20	10	57380362	67533524	6319	0.0462
5a218ca4-5c68-4182-97fe-9a94d43e6a20	10	67534123	75441857	4396	0.0104
5a218ca4-5c68-4182-97fe-9a94d43e6a20	10	75445926	75544456	65	0.3088
5a218ca4-5c68-4182-97fe-9a94d43e6a20	10	75545760	83346940	5229	-0.0082
5a218ca4-5c68-4182-97fe-9a94d43e6a20	10	83348383	104955218	12968	0.02
5a218ca4-5c68-4182-97fe-9a94d43e6a20	10	104960081	105038983	54	0.2927
5a218ca4-5c68-4182-97fe-9a94d43e6a20	10	105040454	107372639	1602	-0.0162
5a218ca4-5c68-4182-97fe-9a94d43e6a20	10	107372669	115953456	5712	0.037
5a218ca4-5c68-4182-97fe-9a94d43e6a20	10	115953710	121703806	4301	-0.0045
5a218ca4-5c68-4182-97fe-9a94d43e6a20	10	121703845	122996876	856	0.0514
5a218ca4-5c68-4182-97fe-9a94d43e6a20	10	122997138	126866073	2727	0.0004
5a218ca4-5c68-4182-97fe-9a94d43e6a20	10	126866083	126925782	41	0.2787
5a218ca4-5c68-4182-97fe-9a94d43e6a20	10	126968674	133411599	3381	-0.0211
5a218ca4-5c68-4182-97fe-9a94d43e6a20	11	456012	6279947	2733	-0.0006
5a218ca4-5c68-4182-97fe-9a94d43e6a20	11	6282945	6325247	42	-0.3775
5a218ca4-5c68-4182-97fe-9a94d43e6a20	11	6325299	11992266	3988	0.0177
5a218ca4-5c68-4182-97fe-9a94d43e6a20	11	11994981	12202506	193	0.4406
5a218ca4-5c68-4182-97fe-9a94d43e6a20	11	12208935	74648021	32146	0.0221
5a218ca4-5c68-4182-97fe-9a94d43e6a20	11	74653516	74653521	2	-1.3129
5a218ca4-5c68-4182-97fe-9a94d43e6a20	11	74653685	84170498	5905	0.0112
5a218ca4-5c68-4182-97fe-9a94d43e6a20	11	84174701	84268903	77	-0.3374
5a218ca4-5c68-4182-97fe-9a94d43e6a20	11	84273153	84499888	74	0.0743
5a218ca4-5c68-4182-97fe-9a94d43e6a20	11	84500152	84864223	125	-0.1158
5a218ca4-5c68-4182-97fe-9a94d43e6a20	11	84864262	108968431	14778	0.0179
5a218ca4-5c68-4182-97fe-9a94d43e6a20	11	108972438	109409241	275	0.486
5a218ca4-5c68-4182-97fe-9a94d43e6a20	11	109409478	109953351	303	-0.029
5a218ca4-5c68-4182-97fe-9a94d43e6a20	11	109955930	120831527	7549	0.0163
5a218ca4-5c68-4182-97fe-9a94d43e6a20	11	120836050	126534029	4041	-0.0143
5a218ca4-5c68-4182-97fe-9a94d43e6a20	11	126538486	126576616	30	0.2888
5a218ca4-5c68-4182-97fe-9a94d43e6a20	11	126579031	128623452	1707	-0.0134
5a218ca4-5c68-4182-97fe-9a94d43e6a20	11	128623502	131216015	1633	0.0449
5a218ca4-5c68-4182-97fe-9a94d43e6a20	11	131216132	134272740	1903	-0.0291
5a218ca4-5c68-4182-97fe-9a94d43e6a20	12	780472	2449309	666	0.0126
5a218ca4-5c68-4182-97fe-9a94d43e6a20	12	2449401	2449429	2	-1.4493
5a218ca4-5c68-4182-97fe-9a94d43e6a20	12	2450662	10974282	4907	-0.0054
5a218ca4-5c68-4182-97fe-9a94d43e6a20	12	10979009	19273861	5083	0.0518
5a218ca4-5c68-4182-97fe-9a94d43e6a20	12	19273874	58719179	19793	0.0166
5a218ca4-5c68-4182-97fe-9a94d43e6a20	12	58719303	59256629	410	0.1109
5a218ca4-5c68-4182-97fe-9a94d43e6a20	12	59257214	70359240	6961	0.0123
5a218ca4-5c68-4182-97fe-9a94d43e6a20	12	70359742	81622763	6830	0.0456
5a218ca4-5c68-4182-97fe-9a94d43e6a20	12	81632569	86656201	2823	-0.002
5a218ca4-5c68-4182-97fe-9a94d43e6a20	12	86658637	94608857	4836	0.0549
5a218ca4-5c68-4182-97fe-9a94d43e6a20	12	94612940	101316079	4372	-0.0064
5a218ca4-5c68-4182-97fe-9a94d43e6a20	12	101316295	106577114	3603	0.027
5a218ca4-5c68-4182-97fe-9a94d43e6a20	12	106578624	108633564	1349	-0.0233
5a218ca4-5c68-4182-97fe-9a94d43e6a20	12	108634565	113817236	2674	0.0168
5a218ca4-5c68-4182-97fe-9a94d43e6a20	12	113819403	113819629	2	-0.9447
5a218ca4-5c68-4182-97fe-9a94d43e6a20	12	114121479	114288681	167	-0.002
5a218ca4-5c68-4182-97fe-9a94d43e6a20	12	114291225	116123360	1428	0.0594
5a218ca4-5c68-4182-97fe-9a94d43e6a20	12	116125047	120087858	2509	0.0018
5a218ca4-5c68-4182-97fe-9a94d43e6a20	12	120089688	120142955	26	0.2898
5a218ca4-5c68-4182-97fe-9a94d43e6a20	12	120146889	127119318	3825	0.0137
5a218ca4-5c68-4182-97fe-9a94d43e6a20	12	127119358	128859286	738	-0.0418
5a218ca4-5c68-4182-97fe-9a94d43e6a20	12	128859370	128859383	2	-1.3184
5a218ca4-5c68-4182-97fe-9a94d43e6a20	12	128861831	132605822	1276	-0.0267
5a218ca4-5c68-4182-97fe-9a94d43e6a20	13	18874255	35983461	10651	-0.0396
5a218ca4-5c68-4182-97fe-9a94d43e6a20	13	35985814	40484720	3205	-0.0793
5a218ca4-5c68-4182-97fe-9a94d43e6a20	13	40485391	69477651	14808	-0.0401
5a218ca4-5c68-4182-97fe-9a94d43e6a20	13	69477779	81818523	7949	-0.0197
5a218ca4-5c68-4182-97fe-9a94d43e6a20	13	81818557	92715747	6214	-0.0444
5a218ca4-5c68-4182-97fe-9a94d43e6a20	13	92715800	95533647	1973	-0.0872
5a218ca4-5c68-4182-97fe-9a94d43e6a20	13	95534321	102129305	4295	-0.047
5a218ca4-5c68-4182-97fe-9a94d43e6a20	13	102129569	102172311	37	0.4198
5a218ca4-5c68-4182-97fe-9a94d43e6a20	13	102173729	105794278	2308	-0.0682
5a218ca4-5c68-4182-97fe-9a94d43e6a20	13	105795059	108105754	1799	-0.0149
5a218ca4-5c68-4182-97fe-9a94d43e6a20	13	108105995	114226675	3693	-0.0636
5a218ca4-5c68-4182-97fe-9a94d43e6a20	14	20033191	31153535	5582	0.0353
5a218ca4-5c68-4182-97fe-9a94d43e6a20	14	31157171	31217490	27	0.4595
5a218ca4-5c68-4182-97fe-9a94d43e6a20	14	31222534	66259072	20242	0.0392
5a218ca4-5c68-4182-97fe-9a94d43e6a20	14	66262929	66684733	135	-0.2676
5a218ca4-5c68-4182-97fe-9a94d43e6a20	14	66687882	66879635	83	0.0055
5a218ca4-5c68-4182-97fe-9a94d43e6a20	14	66882314	67234451	146	0.2276
5a218ca4-5c68-4182-97fe-9a94d43e6a20	14	67242003	80467347	8387	0.0426
5a218ca4-5c68-4182-97fe-9a94d43e6a20	14	80473897	99976672	12745	0.0149
5a218ca4-5c68-4182-97fe-9a94d43e6a20	14	99980661	105533894	2405	0.0323
5a218ca4-5c68-4182-97fe-9a94d43e6a20	15	23437561	24810504	606	-0.0002
5a218ca4-5c68-4182-97fe-9a94d43e6a20	15	24811045	31153815	2322	-0.0451
5a218ca4-5c68-4182-97fe-9a94d43e6a20	15	31153894	37202540	3527	-0.0034
5a218ca4-5c68-4182-97fe-9a94d43e6a20	15	37202717	54778339	10320	0.018
5a218ca4-5c68-4182-97fe-9a94d43e6a20	15	54778839	54778964	2	-1.1846
5a218ca4-5c68-4182-97fe-9a94d43e6a20	15	54779266	73088426	11656	0.0191
5a218ca4-5c68-4182-97fe-9a94d43e6a20	15	73090663	91888695	10463	-0.0095
5a218ca4-5c68-4182-97fe-9a94d43e6a20	15	91889277	91940266	46	0.3403
5a218ca4-5c68-4182-97fe-9a94d43e6a20	15	91940285	97006387	3336	-0.0205
5a218ca4-5c68-4182-97fe-9a94d43e6a20	15	97009030	97972903	635	0.0413
5a218ca4-5c68-4182-97fe-9a94d43e6a20	15	97973161	101344124	1829	-0.0335
5a218ca4-5c68-4182-97fe-9a94d43e6a20	16	603333	26030783	11780	-0.0802
5a218ca4-5c68-4182-97fe-9a94d43e6a20	16	26031439	27853438	1222	-0.1308
5a218ca4-5c68-4182-97fe-9a94d43e6a20	16	27854901	52439703	4695	-0.0738
5a218ca4-5c68-4182-97fe-9a94d43e6a20	16	52440417	52574760	103	0.3782
5a218ca4-5c68-4182-97fe-9a94d43e6a20	16	52575004	78412705	15954	-0.0755
5a218ca4-5c68-4182-97fe-9a94d43e6a20	16	78415498	78632255	276	-0.2094
5a218ca4-5c68-4182-97fe-9a94d43e6a20	16	78634311	78917866	120	-0.4956
5a218ca4-5c68-4182-97fe-9a94d43e6a20	16	78920036	78925396	3	-1.9382
5a218ca4-5c68-4182-97fe-9a94d43e6a20	16	78926426	79015444	74	-0.5779
5a218ca4-5c68-4182-97fe-9a94d43e6a20	16	79016219	79029776	34	-0.2035
5a218ca4-5c68-4182-97fe-9a94d43e6a20	16	79030297	79154651	149	0.0997
5a218ca4-5c68-4182-97fe-9a94d43e6a20	16	79155515	85793794	4824	-0.0882
5a218ca4-5c68-4182-97fe-9a94d43e6a20	16	85798686	86372535	482	-0.0096
5a218ca4-5c68-4182-97fe-9a94d43e6a20	16	86373790	89317317	1463	-0.0948
5a218ca4-5c68-4182-97fe-9a94d43e6a20	17	1074619	5143781	1762	-0.0569
5a218ca4-5c68-4182-97fe-9a94d43e6a20	17	5144437	9957694	2849	-0.1063
5a218ca4-5c68-4182-97fe-9a94d43e6a20	17	9958544	70361170	26549	-0.0618
5a218ca4-5c68-4182-97fe-9a94d43e6a20	17	70361442	72390566	1613	-0.0137
5a218ca4-5c68-4182-97fe-9a94d43e6a20	17	72390895	76039363	1593	-0.0669
5a218ca4-5c68-4182-97fe-9a94d43e6a20	17	76039610	76040031	2	-1.9207
5a218ca4-5c68-4182-97fe-9a94d43e6a20	17	76040387	82959812	2882	-0.0706
5a218ca4-5c68-4182-97fe-9a94d43e6a20	18	326691	5166262	2480	0.019
5a218ca4-5c68-4182-97fe-9a94d43e6a20	18	5166756	8427065	1905	-0.037
5a218ca4-5c68-4182-97fe-9a94d43e6a20	18	8428137	21490992	4044	0.0079
5a218ca4-5c68-4182-97fe-9a94d43e6a20	18	21496483	23350030	974	0.0616
5a218ca4-5c68-4182-97fe-9a94d43e6a20	18	23350166	23355869	2	1.1084
5a218ca4-5c68-4182-97fe-9a94d43e6a20	18	23356694	23410503	22	0.072
5a218ca4-5c68-4182-97fe-9a94d43e6a20	18	23411995	30458645	4383	0.0097
5a218ca4-5c68-4182-97fe-9a94d43e6a20	18	30459241	31691103	782	0.0765
5a218ca4-5c68-4182-97fe-9a94d43e6a20	18	31694386	36681460	3116	0.0226
5a218ca4-5c68-4182-97fe-9a94d43e6a20	18	36681548	40915850	2566	-0.0228
5a218ca4-5c68-4182-97fe-9a94d43e6a20	18	40916529	46754533	3508	0.0131
5a218ca4-5c68-4182-97fe-9a94d43e6a20	18	46754763	46756228	3	-1.0323
5a218ca4-5c68-4182-97fe-9a94d43e6a20	18	46758282	75160141	16297	0.013
5a218ca4-5c68-4182-97fe-9a94d43e6a20	18	75162336	75278318	109	0.3861
5a218ca4-5c68-4182-97fe-9a94d43e6a20	18	75283279	79349796	2732	-0.0247
5a218ca4-5c68-4182-97fe-9a94d43e6a20	19	283868	28834983	9850	0.0045
5a218ca4-5c68-4182-97fe-9a94d43e6a20	19	28835159	29370975	481	-0.0402
5a218ca4-5c68-4182-97fe-9a94d43e6a20	19	29373674	29373793	2	-1.5092
5a218ca4-5c68-4182-97fe-9a94d43e6a20	19	29374174	32755036	2367	-0.0382
5a218ca4-5c68-4182-97fe-9a94d43e6a20	19	32758202	58370362	11433	0.007
5a218ca4-5c68-4182-97fe-9a94d43e6a20	20	472817	524027	37	0.2592
5a218ca4-5c68-4182-97fe-9a94d43e6a20	20	524945	5266947	2956	0.124
5a218ca4-5c68-4182-97fe-9a94d43e6a20	20	5270423	6725846	892	0.1901
5a218ca4-5c68-4182-97fe-9a94d43e6a20	20	6725962	8631493	891	0.1185
5a218ca4-5c68-4182-97fe-9a94d43e6a20	20	8639947	11774024	2470	0.1811
5a218ca4-5c68-4182-97fe-9a94d43e6a20	20	11774161	12676486	613	0.0942
5a218ca4-5c68-4182-97fe-9a94d43e6a20	20	12676741	13591206	653	0.1744
5a218ca4-5c68-4182-97fe-9a94d43e6a20	20	13591589	14562035	495	0.1263
5a218ca4-5c68-4182-97fe-9a94d43e6a20	20	14562213	14585075	15	-0.7596
5a218ca4-5c68-4182-97fe-9a94d43e6a20	20	14625754	38185104	11405	0.1353
5a218ca4-5c68-4182-97fe-9a94d43e6a20	20	38186039	43533390	3668	0.1017
5a218ca4-5c68-4182-97fe-9a94d43e6a20	20	43535551	47168991	2427	0.1374
5a218ca4-5c68-4182-97fe-9a94d43e6a20	20	47169159	53193361	3883	0.1996
5a218ca4-5c68-4182-97fe-9a94d43e6a20	20	53195915	53275209	51	0.4617
5a218ca4-5c68-4182-97fe-9a94d43e6a20	20	53275564	56136443	2071	0.2251
5a218ca4-5c68-4182-97fe-9a94d43e6a20	20	56137357	56694450	416	0.1544
5a218ca4-5c68-4182-97fe-9a94d43e6a20	20	56694920	57552874	636	0.2206
5a218ca4-5c68-4182-97fe-9a94d43e6a20	20	57553835	57554820	4	1.314
5a218ca4-5c68-4182-97fe-9a94d43e6a20	20	57555564	60246764	2063	0.2019
5a218ca4-5c68-4182-97fe-9a94d43e6a20	20	60247916	61768569	1185	0.152
5a218ca4-5c68-4182-97fe-9a94d43e6a20	20	61770533	63588502	718	0.2251
5a218ca4-5c68-4182-97fe-9a94d43e6a20	21	13974127	18641887	2900	-0.0432
5a218ca4-5c68-4182-97fe-9a94d43e6a20	21	18642139	28753062	6542	-0.095
5a218ca4-5c68-4182-97fe-9a94d43e6a20	21	28753673	44761511	10553	-0.0603
5a218ca4-5c68-4182-97fe-9a94d43e6a20	21	44761764	46262057	583	-0.1253
5a218ca4-5c68-4182-97fe-9a94d43e6a20	22	16934932	17300665	207	-0.0677
5a218ca4-5c68-4182-97fe-9a94d43e6a20	22	17301122	46082575	14671	-0.0187
5a218ca4-5c68-4182-97fe-9a94d43e6a20	22	46082778	46152472	30	0.3217
5a218ca4-5c68-4182-97fe-9a94d43e6a20	22	46152697	47310891	815	-0.0054
5a218ca4-5c68-4182-97fe-9a94d43e6a20	22	47311400	48940621	1358	-0.0731
5a218ca4-5c68-4182-97fe-9a94d43e6a20	X	3236359	63125269	23973	0.0677
5a218ca4-5c68-4182-97fe-9a94d43e6a20	X	63125409	94739259	12234	-0.0378
5a218ca4-5c68-4182-97fe-9a94d43e6a20	X	94740243	94913434	95	-0.4111
5a218ca4-5c68-4182-97fe-9a94d43e6a20	X	94916571	112150244	7663	-0.0337
5a218ca4-5c68-4182-97fe-9a94d43e6a20	X	112152564	112157526	4	-1.5649
5a218ca4-5c68-4182-97fe-9a94d43e6a20	X	112157567	113998817	1080	-0.0522
5a218ca4-5c68-4182-97fe-9a94d43e6a20	X	113998917	114464006	229	0.2527
5a218ca4-5c68-4182-97fe-9a94d43e6a20	X	114466094	137690759	10509	-0.0133
5a218ca4-5c68-4182-97fe-9a94d43e6a20	X	137690892	149098872	5853	-0.0739
5a218ca4-5c68-4182-97fe-9a94d43e6a20	X	149099839	155677414	2188	-0.0249
