GDC_Aliquot	Chromosome	Start	End	Num_Probes	Segment_Mean
248f8bb1-d192-42c4-9446-b4389c89cd2c	1	3301765	14112547	5883	0.4774
248f8bb1-d192-42c4-9446-b4389c89cd2c	1	14112714	14529813	338	0.2181
248f8bb1-d192-42c4-9446-b4389c89cd2c	1	14531147	29543942	7747	0.4796
248f8bb1-d192-42c4-9446-b4389c89cd2c	1	29544163	33738088	2263	0.1987
248f8bb1-d192-42c4-9446-b4389c89cd2c	1	33738276	39004815	3022	0.502
248f8bb1-d192-42c4-9446-b4389c89cd2c	1	39013615	47217792	4252	0.214
248f8bb1-d192-42c4-9446-b4389c89cd2c	1	47217935	52123316	2489	0.2917
248f8bb1-d192-42c4-9446-b4389c89cd2c	1	52127417	55074160	1762	0.2354
248f8bb1-d192-42c4-9446-b4389c89cd2c	1	55076008	59775540	3635	0.2788
248f8bb1-d192-42c4-9446-b4389c89cd2c	1	59778254	59819019	23	0.4623
248f8bb1-d192-42c4-9446-b4389c89cd2c	1	59819715	66466702	4678	0.3194
248f8bb1-d192-42c4-9446-b4389c89cd2c	1	66467577	84974138	11045	0.3535
248f8bb1-d192-42c4-9446-b4389c89cd2c	1	84985043	85035427	28	0.4201
248f8bb1-d192-42c4-9446-b4389c89cd2c	1	85035659	85691054	434	0.8467
248f8bb1-d192-42c4-9446-b4389c89cd2c	1	85720696	87556713	1153	0.3557
248f8bb1-d192-42c4-9446-b4389c89cd2c	1	87558411	88995854	984	1.2629
248f8bb1-d192-42c4-9446-b4389c89cd2c	1	88995971	89814783	514	1.1394
248f8bb1-d192-42c4-9446-b4389c89cd2c	1	89815556	91321022	909	1.2468
248f8bb1-d192-42c4-9446-b4389c89cd2c	1	91327260	91337198	23	0.7923
248f8bb1-d192-42c4-9446-b4389c89cd2c	1	91337226	91750863	260	1.2475
248f8bb1-d192-42c4-9446-b4389c89cd2c	1	91752640	91753511	3	0.9987
248f8bb1-d192-42c4-9446-b4389c89cd2c	1	91754578	92627194	434	0.3033
248f8bb1-d192-42c4-9446-b4389c89cd2c	1	92629019	94314618	935	1.2076
248f8bb1-d192-42c4-9446-b4389c89cd2c	1	94320032	95968880	1143	0.8807
248f8bb1-d192-42c4-9446-b4389c89cd2c	1	95969174	97943397	1145	0.3396
248f8bb1-d192-42c4-9446-b4389c89cd2c	1	97944672	99917461	1260	0.9125
248f8bb1-d192-42c4-9446-b4389c89cd2c	1	99917839	101638503	1068	0.8457
248f8bb1-d192-42c4-9446-b4389c89cd2c	1	101639888	101643772	2	-0.5185
248f8bb1-d192-42c4-9446-b4389c89cd2c	1	101644198	101712103	31	0.8134
248f8bb1-d192-42c4-9446-b4389c89cd2c	1	101712244	107841776	3269	0.915
248f8bb1-d192-42c4-9446-b4389c89cd2c	1	107842499	115140120	4316	0.8103
248f8bb1-d192-42c4-9446-b4389c89cd2c	1	115140476	116376077	925	0.882
248f8bb1-d192-42c4-9446-b4389c89cd2c	1	116380231	117890316	943	0.8144
248f8bb1-d192-42c4-9446-b4389c89cd2c	1	117890537	119979137	1209	0.8681
248f8bb1-d192-42c4-9446-b4389c89cd2c	1	119979978	151887957	794	0.3961
248f8bb1-d192-42c4-9446-b4389c89cd2c	1	151889820	153258466	831	0.476
248f8bb1-d192-42c4-9446-b4389c89cd2c	1	153258529	156917379	1660	0.3848
248f8bb1-d192-42c4-9446-b4389c89cd2c	1	156926372	159789076	1912	0.5037
248f8bb1-d192-42c4-9446-b4389c89cd2c	1	159789268	161744196	1065	0.4365
248f8bb1-d192-42c4-9446-b4389c89cd2c	1	161746380	168538539	5165	0.5137
248f8bb1-d192-42c4-9446-b4389c89cd2c	1	168545124	172595858	2883	0.5499
248f8bb1-d192-42c4-9446-b4389c89cd2c	1	172600064	185442174	7856	0.5068
248f8bb1-d192-42c4-9446-b4389c89cd2c	1	185443250	197579803	7036	0.5577
248f8bb1-d192-42c4-9446-b4389c89cd2c	1	197579997	200430578	1804	0.5063
248f8bb1-d192-42c4-9446-b4389c89cd2c	1	200430601	207702104	4556	0.4402
248f8bb1-d192-42c4-9446-b4389c89cd2c	1	207703232	213932732	4379	0.5009
248f8bb1-d192-42c4-9446-b4389c89cd2c	1	213932964	223127324	6165	0.5513
248f8bb1-d192-42c4-9446-b4389c89cd2c	1	223127371	227686613	2660	0.4888
248f8bb1-d192-42c4-9446-b4389c89cd2c	1	227688435	229193086	683	0.4051
248f8bb1-d192-42c4-9446-b4389c89cd2c	1	229193290	237094967	5568	0.4943
248f8bb1-d192-42c4-9446-b4389c89cd2c	1	237095284	243334197	4474	0.5324
248f8bb1-d192-42c4-9446-b4389c89cd2c	1	243334403	247650984	2134	0.4888
248f8bb1-d192-42c4-9446-b4389c89cd2c	2	480597	4242263	1799	0.2288
248f8bb1-d192-42c4-9446-b4389c89cd2c	2	4242754	7800304	2650	0.2889
248f8bb1-d192-42c4-9446-b4389c89cd2c	2	7800462	11937152	2785	0.2431
248f8bb1-d192-42c4-9446-b4389c89cd2c	2	11937667	15542808	2400	0.3216
248f8bb1-d192-42c4-9446-b4389c89cd2c	2	15550271	16960939	1046	0.2451
248f8bb1-d192-42c4-9446-b4389c89cd2c	2	16961469	23243995	4180	0.3203
248f8bb1-d192-42c4-9446-b4389c89cd2c	2	23244246	24794991	829	0.2698
248f8bb1-d192-42c4-9446-b4389c89cd2c	2	24795640	27829804	1346	0.2062
248f8bb1-d192-42c4-9446-b4389c89cd2c	2	27837704	29251346	762	0.2596
248f8bb1-d192-42c4-9446-b4389c89cd2c	2	29251636	29252125	2	-1.2843
248f8bb1-d192-42c4-9446-b4389c89cd2c	2	29253724	33209504	2133	0.2597
248f8bb1-d192-42c4-9446-b4389c89cd2c	2	33209855	36573982	1955	0.3383
248f8bb1-d192-42c4-9446-b4389c89cd2c	2	36574714	39642027	1514	0.275
248f8bb1-d192-42c4-9446-b4389c89cd2c	2	39642497	41906511	1447	0.3478
248f8bb1-d192-42c4-9446-b4389c89cd2c	2	41907196	43241676	845	0.2264
248f8bb1-d192-42c4-9446-b4389c89cd2c	2	43247533	44913477	987	0.3286
248f8bb1-d192-42c4-9446-b4389c89cd2c	2	44914079	47975034	2156	0.2639
248f8bb1-d192-42c4-9446-b4389c89cd2c	2	47978328	59274800	6076	0.336
248f8bb1-d192-42c4-9446-b4389c89cd2c	2	59277094	65616241	3437	0.2828
248f8bb1-d192-42c4-9446-b4389c89cd2c	2	65616929	69261541	2529	0.3222
248f8bb1-d192-42c4-9446-b4389c89cd2c	2	69262581	75155265	3282	0.2428
248f8bb1-d192-42c4-9446-b4389c89cd2c	2	75155584	84788414	5185	0.3235
248f8bb1-d192-42c4-9446-b4389c89cd2c	2	84797607	98961364	2814	0.2332
248f8bb1-d192-42c4-9446-b4389c89cd2c	2	98962006	100937864	1210	0.2916
248f8bb1-d192-42c4-9446-b4389c89cd2c	2	100941386	102251986	765	0.2166
248f8bb1-d192-42c4-9446-b4389c89cd2c	2	102258848	108562157	3930	0.2928
248f8bb1-d192-42c4-9446-b4389c89cd2c	2	108567549	110788809	707	0.2159
248f8bb1-d192-42c4-9446-b4389c89cd2c	2	110790058	112344334	631	0.2984
248f8bb1-d192-42c4-9446-b4389c89cd2c	2	112350177	113701610	732	0.2116
248f8bb1-d192-42c4-9446-b4389c89cd2c	2	113703584	118930316	2720	0.3025
248f8bb1-d192-42c4-9446-b4389c89cd2c	2	118930378	121811126	1672	0.2288
248f8bb1-d192-42c4-9446-b4389c89cd2c	2	121811751	125822839	1713	0.3297
248f8bb1-d192-42c4-9446-b4389c89cd2c	2	125823083	131695429	2876	0.2439
248f8bb1-d192-42c4-9446-b4389c89cd2c	2	131696316	134075538	1095	0.3426
248f8bb1-d192-42c4-9446-b4389c89cd2c	2	134076300	137408491	2101	0.2652
248f8bb1-d192-42c4-9446-b4389c89cd2c	2	137409074	147126652	5179	0.3392
248f8bb1-d192-42c4-9446-b4389c89cd2c	2	147132112	149435781	1209	0.2864
248f8bb1-d192-42c4-9446-b4389c89cd2c	2	149438415	167945927	10857	0.3398
248f8bb1-d192-42c4-9446-b4389c89cd2c	2	167946396	175675675	4959	0.3037
248f8bb1-d192-42c4-9446-b4389c89cd2c	2	175676613	190128947	7718	0.3464
248f8bb1-d192-42c4-9446-b4389c89cd2c	2	190132871	208430981	9790	0.3167
248f8bb1-d192-42c4-9446-b4389c89cd2c	2	208431004	215997900	4522	0.3369
248f8bb1-d192-42c4-9446-b4389c89cd2c	2	215998416	217777466	1290	0.2887
248f8bb1-d192-42c4-9446-b4389c89cd2c	2	217799224	219610353	897	0.1942
248f8bb1-d192-42c4-9446-b4389c89cd2c	2	219610862	219996872	266	0.2636
248f8bb1-d192-42c4-9446-b4389c89cd2c	2	219997322	228850237	5767	0.3266
248f8bb1-d192-42c4-9446-b4389c89cd2c	2	228856330	238831833	5987	0.2447
248f8bb1-d192-42c4-9446-b4389c89cd2c	2	238832942	241537572	1406	0.1678
248f8bb1-d192-42c4-9446-b4389c89cd2c	3	2170634	9050977	4016	0.3354
248f8bb1-d192-42c4-9446-b4389c89cd2c	3	9051206	15477224	4146	0.2431
248f8bb1-d192-42c4-9446-b4389c89cd2c	3	15477334	18713205	1957	0.3261
248f8bb1-d192-42c4-9446-b4389c89cd2c	3	18713475	18714085	2	-1.1388
248f8bb1-d192-42c4-9446-b4389c89cd2c	3	18717104	24164115	2665	0.3316
248f8bb1-d192-42c4-9446-b4389c89cd2c	3	24167579	31117470	4598	0.3657
248f8bb1-d192-42c4-9446-b4389c89cd2c	3	31119421	42503774	6882	0.3152
248f8bb1-d192-42c4-9446-b4389c89cd2c	3	42504985	45879931	1872	0.285
248f8bb1-d192-42c4-9446-b4389c89cd2c	3	45881169	52561401	2796	0.2089
248f8bb1-d192-42c4-9446-b4389c89cd2c	3	52562382	58668196	4015	0.2826
248f8bb1-d192-42c4-9446-b4389c89cd2c	3	58668368	71162841	8112	0.3577
248f8bb1-d192-42c4-9446-b4389c89cd2c	3	71163647	73017715	1317	0.2692
248f8bb1-d192-42c4-9446-b4389c89cd2c	3	73019957	91390926	8896	0.3719
248f8bb1-d192-42c4-9446-b4389c89cd2c	3	91462299	121507202	15447	-0.0408
248f8bb1-d192-42c4-9446-b4389c89cd2c	3	121508528	126033450	2652	-0.0896
248f8bb1-d192-42c4-9446-b4389c89cd2c	3	126034827	129634490	2002	-0.1597
248f8bb1-d192-42c4-9446-b4389c89cd2c	3	129636277	144588254	8312	-0.0757
248f8bb1-d192-42c4-9446-b4389c89cd2c	3	144588620	183055526	19752	-0.03
248f8bb1-d192-42c4-9446-b4389c89cd2c	3	183057389	188569977	3022	-0.0948
248f8bb1-d192-42c4-9446-b4389c89cd2c	3	188570823	193957945	3377	-0.0513
248f8bb1-d192-42c4-9446-b4389c89cd2c	3	193958323	197812401	1268	-0.1333
248f8bb1-d192-42c4-9446-b4389c89cd2c	4	1059384	3705058	1063	-0.2322
248f8bb1-d192-42c4-9446-b4389c89cd2c	4	3707900	5467739	1038	-0.1152
248f8bb1-d192-42c4-9446-b4389c89cd2c	4	5468533	5468769	3	-1.6876
248f8bb1-d192-42c4-9446-b4389c89cd2c	4	5469304	5973447	425	-0.1313
248f8bb1-d192-42c4-9446-b4389c89cd2c	4	5974311	10122480	2142	-0.221
248f8bb1-d192-42c4-9446-b4389c89cd2c	4	10122506	23711207	9440	-0.0481
248f8bb1-d192-42c4-9446-b4389c89cd2c	4	23711323	26844743	2086	-0.1068
248f8bb1-d192-42c4-9446-b4389c89cd2c	4	26848013	37555596	6467	-0.0401
248f8bb1-d192-42c4-9446-b4389c89cd2c	4	37555738	42834381	3202	-0.1103
248f8bb1-d192-42c4-9446-b4389c89cd2c	4	42835666	81748408	19346	-0.0382
248f8bb1-d192-42c4-9446-b4389c89cd2c	4	81750016	81750209	4	-1.8821
248f8bb1-d192-42c4-9446-b4389c89cd2c	4	81750784	84559298	1748	-0.0616
248f8bb1-d192-42c4-9446-b4389c89cd2c	4	84559341	84560224	2	-1.843
248f8bb1-d192-42c4-9446-b4389c89cd2c	4	84560773	84634936	40	-0.0821
248f8bb1-d192-42c4-9446-b4389c89cd2c	4	84635542	135777648	27886	-0.0308
248f8bb1-d192-42c4-9446-b4389c89cd2c	4	135783173	140857053	3145	-0.0677
248f8bb1-d192-42c4-9446-b4389c89cd2c	4	140858439	143805016	1816	-0.0134
248f8bb1-d192-42c4-9446-b4389c89cd2c	4	143815907	150937352	3674	-0.0592
248f8bb1-d192-42c4-9446-b4389c89cd2c	4	150937367	153892547	1664	-0.1031
248f8bb1-d192-42c4-9446-b4389c89cd2c	4	153893500	183339467	16153	-0.0439
248f8bb1-d192-42c4-9446-b4389c89cd2c	4	183344604	185570269	641	-0.1496
248f8bb1-d192-42c4-9446-b4389c89cd2c	4	185574841	187842528	1413	-0.069
248f8bb1-d192-42c4-9446-b4389c89cd2c	5	913983	4417502	2225	-0.1868
248f8bb1-d192-42c4-9446-b4389c89cd2c	5	4419815	5183587	634	-0.0713
248f8bb1-d192-42c4-9446-b4389c89cd2c	5	5183670	5184139	2	-1.347
248f8bb1-d192-42c4-9446-b4389c89cd2c	5	5185254	6304093	973	-0.0998
248f8bb1-d192-42c4-9446-b4389c89cd2c	5	6309822	6851953	461	-0.189
248f8bb1-d192-42c4-9446-b4389c89cd2c	5	6852947	10111599	2463	-0.0728
248f8bb1-d192-42c4-9446-b4389c89cd2c	5	10111977	11518051	907	-0.1678
248f8bb1-d192-42c4-9446-b4389c89cd2c	5	11520503	57589077	22658	-0.081
248f8bb1-d192-42c4-9446-b4389c89cd2c	5	57589516	59356854	1234	-0.0201
248f8bb1-d192-42c4-9446-b4389c89cd2c	5	59357069	75586415	8296	-0.0805
248f8bb1-d192-42c4-9446-b4389c89cd2c	5	75590559	76991615	938	-0.1504
248f8bb1-d192-42c4-9446-b4389c89cd2c	5	76994635	81479135	2681	-0.1005
248f8bb1-d192-42c4-9446-b4389c89cd2c	5	81480216	83356502	1061	-0.0508
248f8bb1-d192-42c4-9446-b4389c89cd2c	5	83360003	83364466	4	-1.1922
248f8bb1-d192-42c4-9446-b4389c89cd2c	5	83367277	113602265	15705	-0.0638
248f8bb1-d192-42c4-9446-b4389c89cd2c	5	113619600	113619634	2	-1.9129
248f8bb1-d192-42c4-9446-b4389c89cd2c	5	113652570	131000191	10109	-0.0531
248f8bb1-d192-42c4-9446-b4389c89cd2c	5	131000579	143942327	7526	-0.1414
248f8bb1-d192-42c4-9446-b4389c89cd2c	5	143944733	149139729	3298	-0.0836
248f8bb1-d192-42c4-9446-b4389c89cd2c	5	149140466	151733956	1751	-0.1605
248f8bb1-d192-42c4-9446-b4389c89cd2c	5	151736127	160139962	5533	-0.1049
248f8bb1-d192-42c4-9446-b4389c89cd2c	5	160140471	160531344	245	-0.1504
248f8bb1-d192-42c4-9446-b4389c89cd2c	5	160531943	167700687	4493	-0.0791
248f8bb1-d192-42c4-9446-b4389c89cd2c	5	167701025	180934240	7805	-0.1835
248f8bb1-d192-42c4-9446-b4389c89cd2c	6	1011760	1374042	364	0.3306
248f8bb1-d192-42c4-9446-b4389c89cd2c	6	1374657	2311682	601	-0.0848
248f8bb1-d192-42c4-9446-b4389c89cd2c	6	2316574	3112754	661	0.2557
248f8bb1-d192-42c4-9446-b4389c89cd2c	6	3118542	5158991	1372	0.3334
248f8bb1-d192-42c4-9446-b4389c89cd2c	6	5160262	7977003	2171	0.2762
248f8bb1-d192-42c4-9446-b4389c89cd2c	6	7977173	10362363	1683	0.3973
248f8bb1-d192-42c4-9446-b4389c89cd2c	6	10362586	18371716	5392	0.3072
248f8bb1-d192-42c4-9446-b4389c89cd2c	6	18373352	24164449	4234	0.3658
248f8bb1-d192-42c4-9446-b4389c89cd2c	6	24164683	25139474	645	-0.079
248f8bb1-d192-42c4-9446-b4389c89cd2c	6	25149322	25324198	103	-0.6446
248f8bb1-d192-42c4-9446-b4389c89cd2c	6	25331700	25450258	119	-0.0826
248f8bb1-d192-42c4-9446-b4389c89cd2c	6	25735847	28082214	887	0.239
248f8bb1-d192-42c4-9446-b4389c89cd2c	6	28086929	30381424	840	-0.0866
248f8bb1-d192-42c4-9446-b4389c89cd2c	6	30381517	31037949	208	-0.1907
248f8bb1-d192-42c4-9446-b4389c89cd2c	6	31038315	35774923	1492	-0.7392
248f8bb1-d192-42c4-9446-b4389c89cd2c	6	35783853	36004989	118	-0.142
248f8bb1-d192-42c4-9446-b4389c89cd2c	6	36012837	37344732	862	-0.7681
248f8bb1-d192-42c4-9446-b4389c89cd2c	6	37345062	37454021	52	-0.1442
248f8bb1-d192-42c4-9446-b4389c89cd2c	6	37454661	37711420	199	-0.7948
248f8bb1-d192-42c4-9446-b4389c89cd2c	6	37712802	37858849	86	-0.1877
248f8bb1-d192-42c4-9446-b4389c89cd2c	6	37865827	37997731	71	-0.63
248f8bb1-d192-42c4-9446-b4389c89cd2c	6	37998986	39996660	1454	-0.1315
248f8bb1-d192-42c4-9446-b4389c89cd2c	6	39998237	44678237	2906	-0.739
248f8bb1-d192-42c4-9446-b4389c89cd2c	6	44679637	46810362	1160	-0.041
248f8bb1-d192-42c4-9446-b4389c89cd2c	6	46817236	103901560	29652	-0.5865
248f8bb1-d192-42c4-9446-b4389c89cd2c	6	103907904	104196371	82	-0.0427
248f8bb1-d192-42c4-9446-b4389c89cd2c	6	104199176	112011173	4741	-0.6322
248f8bb1-d192-42c4-9446-b4389c89cd2c	6	112011190	148791832	21900	-0.593
248f8bb1-d192-42c4-9446-b4389c89cd2c	6	148791942	152541432	2592	-0.6332
248f8bb1-d192-42c4-9446-b4389c89cd2c	6	152544257	152545933	6	-2.0198
248f8bb1-d192-42c4-9446-b4389c89cd2c	6	152546016	155960620	2367	-0.6073
248f8bb1-d192-42c4-9446-b4389c89cd2c	6	155962345	166387533	6420	-0.6611
248f8bb1-d192-42c4-9446-b4389c89cd2c	6	166389716	169143582	697	-0.7828
248f8bb1-d192-42c4-9446-b4389c89cd2c	6	169145037	170596889	683	-0.6738
248f8bb1-d192-42c4-9446-b4389c89cd2c	7	664936	2607373	535	0.3957
248f8bb1-d192-42c4-9446-b4389c89cd2c	7	2609252	6735057	1766	0.4566
248f8bb1-d192-42c4-9446-b4389c89cd2c	7	6736405	8626997	991	0.5705
248f8bb1-d192-42c4-9446-b4389c89cd2c	7	8627460	21167730	7053	0.6318
248f8bb1-d192-42c4-9446-b4389c89cd2c	7	21168644	29055929	5600	0.5471
248f8bb1-d192-42c4-9446-b4389c89cd2c	7	29059564	29060336	5	-1.1206
248f8bb1-d192-42c4-9446-b4389c89cd2c	7	29060487	31095797	1018	0.4985
248f8bb1-d192-42c4-9446-b4389c89cd2c	7	31095890	34791629	2472	0.5539
248f8bb1-d192-42c4-9446-b4389c89cd2c	7	34797386	34807584	4	-0.7517
248f8bb1-d192-42c4-9446-b4389c89cd2c	7	34808892	37996763	2283	0.5059
248f8bb1-d192-42c4-9446-b4389c89cd2c	7	37999076	43895375	3401	0.5653
248f8bb1-d192-42c4-9446-b4389c89cd2c	7	43896617	46064745	1149	0.4823
248f8bb1-d192-42c4-9446-b4389c89cd2c	7	46066404	49121079	2212	0.5686
248f8bb1-d192-42c4-9446-b4389c89cd2c	7	49121270	49121473	2	-0.5889
248f8bb1-d192-42c4-9446-b4389c89cd2c	7	49123871	49719618	421	0.5738
248f8bb1-d192-42c4-9446-b4389c89cd2c	7	49720387	54580990	3358	0.5217
248f8bb1-d192-42c4-9446-b4389c89cd2c	7	54582018	57154972	1288	0.4647
248f8bb1-d192-42c4-9446-b4389c89cd2c	7	57155082	74249785	4447	0.2497
248f8bb1-d192-42c4-9446-b4389c89cd2c	7	74253396	74316214	25	0.1182
248f8bb1-d192-42c4-9446-b4389c89cd2c	7	74323737	77715727	897	-0.1731
248f8bb1-d192-42c4-9446-b4389c89cd2c	7	77716527	97994868	11108	-0.0286
248f8bb1-d192-42c4-9446-b4389c89cd2c	7	97995218	102807005	1725	-0.1785
248f8bb1-d192-42c4-9446-b4389c89cd2c	7	102807165	104774318	1230	-0.0454
248f8bb1-d192-42c4-9446-b4389c89cd2c	7	104774968	106470937	1027	-0.1256
248f8bb1-d192-42c4-9446-b4389c89cd2c	7	106471226	111129024	2647	-0.053
248f8bb1-d192-42c4-9446-b4389c89cd2c	7	111131505	111712844	6	0.2549
248f8bb1-d192-42c4-9446-b4389c89cd2c	7	111713305	113285994	737	0.6697
248f8bb1-d192-42c4-9446-b4389c89cd2c	7	113289025	116008755	1391	0.3668
248f8bb1-d192-42c4-9446-b4389c89cd2c	7	116008860	116530786	323	0.6596
248f8bb1-d192-42c4-9446-b4389c89cd2c	7	116531443	116616261	69	0.4016
248f8bb1-d192-42c4-9446-b4389c89cd2c	7	116618841	117519344	656	0.6645
248f8bb1-d192-42c4-9446-b4389c89cd2c	7	117522118	119286511	877	0.3752
248f8bb1-d192-42c4-9446-b4389c89cd2c	7	119286975	119620828	145	0.6286
248f8bb1-d192-42c4-9446-b4389c89cd2c	7	119621820	121516078	1066	0.3476
248f8bb1-d192-42c4-9446-b4389c89cd2c	7	121516401	121694975	115	0.6828
248f8bb1-d192-42c4-9446-b4389c89cd2c	7	121695456	121849952	78	0.4286
248f8bb1-d192-42c4-9446-b4389c89cd2c	7	121854122	121946843	60	0.7021
248f8bb1-d192-42c4-9446-b4389c89cd2c	7	121948922	121997829	34	0.35
248f8bb1-d192-42c4-9446-b4389c89cd2c	7	121998523	122072535	43	0.6628
248f8bb1-d192-42c4-9446-b4389c89cd2c	7	122072565	122153794	40	0.419
248f8bb1-d192-42c4-9446-b4389c89cd2c	7	122154302	122463568	165	0.6572
248f8bb1-d192-42c4-9446-b4389c89cd2c	7	122463932	123330750	501	0.3844
248f8bb1-d192-42c4-9446-b4389c89cd2c	7	123338282	123419678	58	0.7258
248f8bb1-d192-42c4-9446-b4389c89cd2c	7	123419890	125379367	1048	0.3727
248f8bb1-d192-42c4-9446-b4389c89cd2c	7	125383211	125412732	31	0.7415
248f8bb1-d192-42c4-9446-b4389c89cd2c	7	125414231	127564011	1211	0.3536
248f8bb1-d192-42c4-9446-b4389c89cd2c	7	127564584	132800311	2781	0.2734
248f8bb1-d192-42c4-9446-b4389c89cd2c	7	132800650	134869386	1266	0.3373
248f8bb1-d192-42c4-9446-b4389c89cd2c	7	134870148	134992955	75	0.6434
248f8bb1-d192-42c4-9446-b4389c89cd2c	7	134995515	137285170	1460	0.3458
248f8bb1-d192-42c4-9446-b4389c89cd2c	7	137286292	137583890	210	0.656
248f8bb1-d192-42c4-9446-b4389c89cd2c	7	137584858	138117005	352	0.3555
248f8bb1-d192-42c4-9446-b4389c89cd2c	7	138118146	138119441	2	-1.1063
248f8bb1-d192-42c4-9446-b4389c89cd2c	7	138120750	141915809	2124	0.2713
248f8bb1-d192-42c4-9446-b4389c89cd2c	7	141920492	142358543	137	0.5749
248f8bb1-d192-42c4-9446-b4389c89cd2c	7	142379139	143333837	283	0.2415
248f8bb1-d192-42c4-9446-b4389c89cd2c	7	143340400	143507648	108	0.5939
248f8bb1-d192-42c4-9446-b4389c89cd2c	7	143923163	144777781	441	0.3162
248f8bb1-d192-42c4-9446-b4389c89cd2c	7	144778038	144987696	118	0.6166
248f8bb1-d192-42c4-9446-b4389c89cd2c	7	144988063	145016098	24	0.2442
248f8bb1-d192-42c4-9446-b4389c89cd2c	7	145018956	145261569	139	0.6362
248f8bb1-d192-42c4-9446-b4389c89cd2c	7	145264128	146296452	546	0.3441
248f8bb1-d192-42c4-9446-b4389c89cd2c	7	146395884	146497537	52	0.6092
248f8bb1-d192-42c4-9446-b4389c89cd2c	7	146498189	146686405	86	0.3711
248f8bb1-d192-42c4-9446-b4389c89cd2c	7	146688117	146848176	92	0.6589
248f8bb1-d192-42c4-9446-b4389c89cd2c	7	146848559	147126269	177	0.3245
248f8bb1-d192-42c4-9446-b4389c89cd2c	7	147126936	147257305	79	0.6573
248f8bb1-d192-42c4-9446-b4389c89cd2c	7	147258596	147460285	159	0.3945
248f8bb1-d192-42c4-9446-b4389c89cd2c	7	147460329	148847191	1006	0.3345
248f8bb1-d192-42c4-9446-b4389c89cd2c	7	148848879	150395596	508	0.237
248f8bb1-d192-42c4-9446-b4389c89cd2c	7	150395732	150518089	86	0.5137
248f8bb1-d192-42c4-9446-b4389c89cd2c	7	150521365	150571999	54	0.2119
248f8bb1-d192-42c4-9446-b4389c89cd2c	7	150573962	151140442	290	0.5407
248f8bb1-d192-42c4-9446-b4389c89cd2c	7	151141685	151367336	140	0.211
248f8bb1-d192-42c4-9446-b4389c89cd2c	7	151367786	151920823	310	0.5401
248f8bb1-d192-42c4-9446-b4389c89cd2c	7	151927915	153025666	504	0.2671
248f8bb1-d192-42c4-9446-b4389c89cd2c	7	153029156	153225163	167	0.5423
248f8bb1-d192-42c4-9446-b4389c89cd2c	7	153229269	155352280	1011	0.2877
248f8bb1-d192-42c4-9446-b4389c89cd2c	7	155355451	155462079	76	0.5913
248f8bb1-d192-42c4-9446-b4389c89cd2c	7	155464437	157501614	1250	0.2464
248f8bb1-d192-42c4-9446-b4389c89cd2c	7	157502244	158592540	473	0.4899
248f8bb1-d192-42c4-9446-b4389c89cd2c	8	667625	1468084	294	-0.7822
248f8bb1-d192-42c4-9446-b4389c89cd2c	8	1474963	1784590	246	1.4207
248f8bb1-d192-42c4-9446-b4389c89cd2c	8	1822296	1917039	80	0.3246
248f8bb1-d192-42c4-9446-b4389c89cd2c	8	1917721	1920423	4	-0.2821
248f8bb1-d192-42c4-9446-b4389c89cd2c	8	1920676	2166022	158	0.3043
248f8bb1-d192-42c4-9446-b4389c89cd2c	8	2849664	3883274	891	0.8972
248f8bb1-d192-42c4-9446-b4389c89cd2c	8	3937803	6350514	979	0.3887
248f8bb1-d192-42c4-9446-b4389c89cd2c	8	6350617	6527048	177	0.5751
248f8bb1-d192-42c4-9446-b4389c89cd2c	8	6528318	13188703	2807	0.3523
248f8bb1-d192-42c4-9446-b4389c89cd2c	8	13189153	13982242	547	0.4668
248f8bb1-d192-42c4-9446-b4389c89cd2c	8	13984039	16017656	1725	0.3879
248f8bb1-d192-42c4-9446-b4389c89cd2c	8	16166714	20911724	3710	-0.614
248f8bb1-d192-42c4-9446-b4389c89cd2c	8	20914193	23755443	1761	-0.7226
248f8bb1-d192-42c4-9446-b4389c89cd2c	8	23756462	27227343	2437	-0.6319
248f8bb1-d192-42c4-9446-b4389c89cd2c	8	27235978	27565821	248	-0.8225
248f8bb1-d192-42c4-9446-b4389c89cd2c	8	27566072	33775953	3987	-0.6397
248f8bb1-d192-42c4-9446-b4389c89cd2c	8	33796688	37931840	2091	-0.1316
248f8bb1-d192-42c4-9446-b4389c89cd2c	8	37942994	43080575	2860	-0.6455
248f8bb1-d192-42c4-9446-b4389c89cd2c	8	46547532	46575536	17	0.5577
248f8bb1-d192-42c4-9446-b4389c89cd2c	8	46575802	46792138	90	0.2446
248f8bb1-d192-42c4-9446-b4389c89cd2c	8	46792777	47519022	261	0.5025
248f8bb1-d192-42c4-9446-b4389c89cd2c	8	47524366	49105961	753	0.248
248f8bb1-d192-42c4-9446-b4389c89cd2c	8	49111022	51141766	1078	-0.0225
248f8bb1-d192-42c4-9446-b4389c89cd2c	8	51146821	61545460	6396	-0.0605
248f8bb1-d192-42c4-9446-b4389c89cd2c	8	61547101	62945260	931	0.0071
248f8bb1-d192-42c4-9446-b4389c89cd2c	8	62945401	74440196	6724	-0.0618
248f8bb1-d192-42c4-9446-b4389c89cd2c	8	74451557	86063589	6183	-0.03
248f8bb1-d192-42c4-9446-b4389c89cd2c	8	86063921	86065301	2	-1.9732
248f8bb1-d192-42c4-9446-b4389c89cd2c	8	86065447	100376907	8118	-0.0389
248f8bb1-d192-42c4-9446-b4389c89cd2c	8	100376974	103156714	1786	-0.0976
248f8bb1-d192-42c4-9446-b4389c89cd2c	8	103158027	104015017	442	-0.0171
248f8bb1-d192-42c4-9446-b4389c89cd2c	8	104018095	122604636	10699	0.3626
248f8bb1-d192-42c4-9446-b4389c89cd2c	8	122611328	132386107	6761	0.3159
248f8bb1-d192-42c4-9446-b4389c89cd2c	8	132388845	133891701	1233	0.2373
248f8bb1-d192-42c4-9446-b4389c89cd2c	8	133891789	134499852	552	0.3071
248f8bb1-d192-42c4-9446-b4389c89cd2c	8	134500402	134604288	100	0.3707
248f8bb1-d192-42c4-9446-b4389c89cd2c	8	134604397	135801386	849	0.5642
248f8bb1-d192-42c4-9446-b4389c89cd2c	8	135801820	139628391	2907	0.3257
248f8bb1-d192-42c4-9446-b4389c89cd2c	8	139628838	144182542	1204	0.2015
248f8bb1-d192-42c4-9446-b4389c89cd2c	9	789794	4978643	2973	-1.8464
248f8bb1-d192-42c4-9446-b4389c89cd2c	9	4981269	5058806	112	-1.0182
248f8bb1-d192-42c4-9446-b4389c89cd2c	9	5058991	5838180	294	-1.4237
248f8bb1-d192-42c4-9446-b4389c89cd2c	9	5841438	7208342	378	-1.7137
248f8bb1-d192-42c4-9446-b4389c89cd2c	9	7208828	7209284	3	-7.43
248f8bb1-d192-42c4-9446-b4389c89cd2c	9	7209359	8258190	716	-1.732
248f8bb1-d192-42c4-9446-b4389c89cd2c	9	8258659	8262271	8	-5.174
248f8bb1-d192-42c4-9446-b4389c89cd2c	9	8262469	8350830	73	-1.6832
248f8bb1-d192-42c4-9446-b4389c89cd2c	9	8356540	8360320	3	-7.0942
248f8bb1-d192-42c4-9446-b4389c89cd2c	9	8361136	14560857	3156	-1.6751
248f8bb1-d192-42c4-9446-b4389c89cd2c	9	14562591	14565984	5	-5.7943
248f8bb1-d192-42c4-9446-b4389c89cd2c	9	14566118	16324065	1359	-1.6412
248f8bb1-d192-42c4-9446-b4389c89cd2c	9	16324238	16326718	6	-5.7405
248f8bb1-d192-42c4-9446-b4389c89cd2c	9	16326745	18425937	1613	-1.6676
248f8bb1-d192-42c4-9446-b4389c89cd2c	9	18425999	18426825	3	-7.0365
248f8bb1-d192-42c4-9446-b4389c89cd2c	9	18430299	25537538	4832	-1.6343
248f8bb1-d192-42c4-9446-b4389c89cd2c	9	25544795	25545660	3	-7.1155
248f8bb1-d192-42c4-9446-b4389c89cd2c	9	25547132	26263020	426	-1.6568
248f8bb1-d192-42c4-9446-b4389c89cd2c	9	26433574	27555046	805	-0.5871
248f8bb1-d192-42c4-9446-b4389c89cd2c	9	27556947	27955873	324	-1.7574
248f8bb1-d192-42c4-9446-b4389c89cd2c	9	27957186	28030633	90	-0.7359
248f8bb1-d192-42c4-9446-b4389c89cd2c	9	28035211	28043249	11	-1.7335
248f8bb1-d192-42c4-9446-b4389c89cd2c	9	28104211	33952155	3146	-0.1174
248f8bb1-d192-42c4-9446-b4389c89cd2c	9	33956090	38747691	2848	0.1948
248f8bb1-d192-42c4-9446-b4389c89cd2c	9	38752071	69037043	549	-0.0926
248f8bb1-d192-42c4-9446-b4389c89cd2c	9	69039723	69040290	2	-1.7837
248f8bb1-d192-42c4-9446-b4389c89cd2c	9	69041273	74482600	3625	-0.0441
248f8bb1-d192-42c4-9446-b4389c89cd2c	9	74484466	87847027	9494	0.3278
248f8bb1-d192-42c4-9446-b4389c89cd2c	9	87847338	88920937	621	0.2366
248f8bb1-d192-42c4-9446-b4389c89cd2c	9	88921391	90051656	832	0.1866
248f8bb1-d192-42c4-9446-b4389c89cd2c	9	90053771	92683546	1589	0.2669
248f8bb1-d192-42c4-9446-b4389c89cd2c	9	92684105	93246238	326	0.1493
248f8bb1-d192-42c4-9446-b4389c89cd2c	9	93247046	99307904	3885	0.2723
248f8bb1-d192-42c4-9446-b4389c89cd2c	9	99308072	107389121	4873	0.3376
248f8bb1-d192-42c4-9446-b4389c89cd2c	9	107389231	115060173	5546	0.2869
248f8bb1-d192-42c4-9446-b4389c89cd2c	9	115060335	116147440	693	0.3633
248f8bb1-d192-42c4-9446-b4389c89cd2c	9	116148250	123217109	5083	0.2895
248f8bb1-d192-42c4-9446-b4389c89cd2c	9	123218111	127377486	2544	0.221
248f8bb1-d192-42c4-9446-b4389c89cd2c	9	127380834	131889439	2434	0.1621
248f8bb1-d192-42c4-9446-b4389c89cd2c	9	131891693	133445896	1015	0.2032
248f8bb1-d192-42c4-9446-b4389c89cd2c	9	133449316	138044505	1771	0.1276
248f8bb1-d192-42c4-9446-b4389c89cd2c	10	366509	15740458	11176	-0.6953
248f8bb1-d192-42c4-9446-b4389c89cd2c	10	15741393	23920012	5496	-0.6234
248f8bb1-d192-42c4-9446-b4389c89cd2c	10	23920195	23920268	2	-2.85
248f8bb1-d192-42c4-9446-b4389c89cd2c	10	23921479	24194534	198	-0.6168
248f8bb1-d192-42c4-9446-b4389c89cd2c	10	24200540	24203963	3	-4.3595
248f8bb1-d192-42c4-9446-b4389c89cd2c	10	24204108	35579688	7387	-0.6411
248f8bb1-d192-42c4-9446-b4389c89cd2c	10	35581730	35666464	62	-0.1952
248f8bb1-d192-42c4-9446-b4389c89cd2c	10	35668803	38262100	1643	-0.6206
248f8bb1-d192-42c4-9446-b4389c89cd2c	10	38262733	42473822	124	-0.3479
248f8bb1-d192-42c4-9446-b4389c89cd2c	10	42474909	44611912	1473	-0.6813
248f8bb1-d192-42c4-9446-b4389c89cd2c	10	44616494	50720012	1961	0.2854
248f8bb1-d192-42c4-9446-b4389c89cd2c	10	50720983	68982436	10902	-0.5781
248f8bb1-d192-42c4-9446-b4389c89cd2c	10	68983119	72073101	2188	-0.7565
248f8bb1-d192-42c4-9446-b4389c89cd2c	10	72073597	77394154	2919	-0.6334
248f8bb1-d192-42c4-9446-b4389c89cd2c	10	77394535	80769576	2040	-0.7321
248f8bb1-d192-42c4-9446-b4389c89cd2c	10	80772971	83737471	2094	-0.6098
248f8bb1-d192-42c4-9446-b4389c89cd2c	10	83740295	86451740	1924	-0.6827
248f8bb1-d192-42c4-9446-b4389c89cd2c	10	86453291	96213462	5627	-0.5994
248f8bb1-d192-42c4-9446-b4389c89cd2c	10	96214414	105367286	5292	-0.6728
248f8bb1-d192-42c4-9446-b4389c89cd2c	10	105369376	108885445	2373	-0.5719
248f8bb1-d192-42c4-9446-b4389c89cd2c	10	108886812	117349472	5664	0.366
248f8bb1-d192-42c4-9446-b4389c89cd2c	10	117349987	125281630	5752	0.3112
248f8bb1-d192-42c4-9446-b4389c89cd2c	10	125281717	126844538	1148	0.3695
248f8bb1-d192-42c4-9446-b4389c89cd2c	10	126844585	131197988	2843	0.2926
248f8bb1-d192-42c4-9446-b4389c89cd2c	10	131198035	133263092	560	0.207
248f8bb1-d192-42c4-9446-b4389c89cd2c	10	133266284	133411599	54	0.3065
248f8bb1-d192-42c4-9446-b4389c89cd2c	11	456012	688804	48	-1.0706
248f8bb1-d192-42c4-9446-b4389c89cd2c	11	691029	4645026	1606	-0.7244
248f8bb1-d192-42c4-9446-b4389c89cd2c	11	4645799	4650235	12	-1.4528
248f8bb1-d192-42c4-9446-b4389c89cd2c	11	4651777	21517429	11898	-0.6347
248f8bb1-d192-42c4-9446-b4389c89cd2c	11	21517509	31787857	6365	-0.5669
248f8bb1-d192-42c4-9446-b4389c89cd2c	11	31788159	32436673	568	-0.6271
248f8bb1-d192-42c4-9446-b4389c89cd2c	11	32437078	32437261	2	-3.7367
248f8bb1-d192-42c4-9446-b4389c89cd2c	11	32441030	44265498	7336	-0.6151
248f8bb1-d192-42c4-9446-b4389c89cd2c	11	44265599	44468687	148	-0.7501
248f8bb1-d192-42c4-9446-b4389c89cd2c	11	44469676	44470279	2	-4.5081
248f8bb1-d192-42c4-9446-b4389c89cd2c	11	44471349	46452614	1256	-0.7727
248f8bb1-d192-42c4-9446-b4389c89cd2c	11	46453756	48351028	815	-0.6368
248f8bb1-d192-42c4-9446-b4389c89cd2c	11	48352939	56779121	756	-0.5256
248f8bb1-d192-42c4-9446-b4389c89cd2c	11	56785525	60736912	2226	-0.6356
248f8bb1-d192-42c4-9446-b4389c89cd2c	11	60741425	63864700	1564	-0.7151
248f8bb1-d192-42c4-9446-b4389c89cd2c	11	63868010	71582841	2898	-0.7851
248f8bb1-d192-42c4-9446-b4389c89cd2c	11	71588129	77431843	2912	-0.6996
248f8bb1-d192-42c4-9446-b4389c89cd2c	11	77432569	79515253	1370	-0.6622
248f8bb1-d192-42c4-9446-b4389c89cd2c	11	79515560	93040806	8199	-0.5774
248f8bb1-d192-42c4-9446-b4389c89cd2c	11	93048042	93528137	46	-0.7233
248f8bb1-d192-42c4-9446-b4389c89cd2c	11	93530871	93532339	4	-3.959
248f8bb1-d192-42c4-9446-b4389c89cd2c	11	93532689	105014440	7543	-0.5989
248f8bb1-d192-42c4-9446-b4389c89cd2c	11	105022967	105023149	2	-3.0496
248f8bb1-d192-42c4-9446-b4389c89cd2c	11	105023444	108968040	2206	-0.5932
248f8bb1-d192-42c4-9446-b4389c89cd2c	11	108968183	108972438	4	-2.3581
248f8bb1-d192-42c4-9446-b4389c89cd2c	11	108973131	112787384	2446	-0.6229
248f8bb1-d192-42c4-9446-b4389c89cd2c	11	112792860	113937095	801	-0.6842
248f8bb1-d192-42c4-9446-b4389c89cd2c	11	113937373	114107306	125	-0.9424
248f8bb1-d192-42c4-9446-b4389c89cd2c	11	114110519	116546464	1824	-0.6907
248f8bb1-d192-42c4-9446-b4389c89cd2c	11	116546897	117372397	508	-0.7272
248f8bb1-d192-42c4-9446-b4389c89cd2c	11	117373539	118182056	622	-0.8566
248f8bb1-d192-42c4-9446-b4389c89cd2c	11	118182320	119628303	870	-0.6887
248f8bb1-d192-42c4-9446-b4389c89cd2c	11	119630169	119634241	4	-2.5436
248f8bb1-d192-42c4-9446-b4389c89cd2c	11	119634715	119786241	84	-0.807
248f8bb1-d192-42c4-9446-b4389c89cd2c	11	119786916	119789209	3	-2.6462
248f8bb1-d192-42c4-9446-b4389c89cd2c	11	119790142	121794097	1497	-0.7678
248f8bb1-d192-42c4-9446-b4389c89cd2c	11	121802439	122770548	651	-0.689
248f8bb1-d192-42c4-9446-b4389c89cd2c	11	122770787	122772575	4	-2.5519
248f8bb1-d192-42c4-9446-b4389c89cd2c	11	122773369	132694987	7217	-0.6679
248f8bb1-d192-42c4-9446-b4389c89cd2c	11	132696192	132696274	2	-3.5443
248f8bb1-d192-42c4-9446-b4389c89cd2c	11	132698134	134272740	671	-0.6523
248f8bb1-d192-42c4-9446-b4389c89cd2c	12	780472	8960406	4578	-0.1417
248f8bb1-d192-42c4-9446-b4389c89cd2c	12	8960985	15042491	3543	-0.0799
248f8bb1-d192-42c4-9446-b4389c89cd2c	12	15042659	30775138	10029	-0.0219
248f8bb1-d192-42c4-9446-b4389c89cd2c	12	30778465	32438301	1002	-0.0996
248f8bb1-d192-42c4-9446-b4389c89cd2c	12	32439329	45092892	3989	-0.0179
248f8bb1-d192-42c4-9446-b4389c89cd2c	12	45093634	46958385	1063	-0.0765
248f8bb1-d192-42c4-9446-b4389c89cd2c	12	46958789	54604516	3962	-0.1369
248f8bb1-d192-42c4-9446-b4389c89cd2c	12	54607270	55515481	577	-0.0515
248f8bb1-d192-42c4-9446-b4389c89cd2c	12	55515642	57939634	1127	-0.1598
248f8bb1-d192-42c4-9446-b4389c89cd2c	12	57941078	73535180	9696	-0.0432
248f8bb1-d192-42c4-9446-b4389c89cd2c	12	73537891	82053719	5311	-0.0083
248f8bb1-d192-42c4-9446-b4389c89cd2c	12	82053989	82054068	2	-1.713
248f8bb1-d192-42c4-9446-b4389c89cd2c	12	82058069	85456790	1970	0.0007
248f8bb1-d192-42c4-9446-b4389c89cd2c	12	85456829	85457724	2	-1.3231
248f8bb1-d192-42c4-9446-b4389c89cd2c	12	85457994	89036268	1868	-0.0115
248f8bb1-d192-42c4-9446-b4389c89cd2c	12	89039532	107084944	11843	-0.0678
248f8bb1-d192-42c4-9446-b4389c89cd2c	12	107085475	132605822	13708	-0.1382
248f8bb1-d192-42c4-9446-b4389c89cd2c	13	18874255	29713804	6361	-0.6587
248f8bb1-d192-42c4-9446-b4389c89cd2c	13	29717090	30008507	209	0.2951
248f8bb1-d192-42c4-9446-b4389c89cd2c	13	30010462	30011678	3	-0.973
248f8bb1-d192-42c4-9446-b4389c89cd2c	13	30012629	31590112	1081	0.2954
248f8bb1-d192-42c4-9446-b4389c89cd2c	13	31597244	53642470	13268	-0.6223
248f8bb1-d192-42c4-9446-b4389c89cd2c	13	53643078	69725131	7718	-0.5657
248f8bb1-d192-42c4-9446-b4389c89cd2c	13	69730353	69823302	45	0.0171
248f8bb1-d192-42c4-9446-b4389c89cd2c	13	69823838	70265050	230	-0.5768
248f8bb1-d192-42c4-9446-b4389c89cd2c	13	70265610	70773455	334	-0.0219
248f8bb1-d192-42c4-9446-b4389c89cd2c	13	70774064	70997719	129	-0.5149
248f8bb1-d192-42c4-9446-b4389c89cd2c	13	71001808	71514745	305	-0.0499
248f8bb1-d192-42c4-9446-b4389c89cd2c	13	71515261	72045880	322	-0.6279
248f8bb1-d192-42c4-9446-b4389c89cd2c	13	72047255	73084519	675	-0.049
248f8bb1-d192-42c4-9446-b4389c89cd2c	13	73085321	73174007	55	0.299
248f8bb1-d192-42c4-9446-b4389c89cd2c	13	73175001	73434060	238	-0.0571
248f8bb1-d192-42c4-9446-b4389c89cd2c	13	73434592	73445237	4	-1.1934
248f8bb1-d192-42c4-9446-b4389c89cd2c	13	73447423	73633242	123	-0.0277
248f8bb1-d192-42c4-9446-b4389c89cd2c	13	73633588	73638519	6	0.029
248f8bb1-d192-42c4-9446-b4389c89cd2c	13	73647051	74229741	470	0.3407
248f8bb1-d192-42c4-9446-b4389c89cd2c	13	74230436	75792803	1036	-0.021
248f8bb1-d192-42c4-9446-b4389c89cd2c	13	75793057	76129438	290	0.3581
248f8bb1-d192-42c4-9446-b4389c89cd2c	13	76131580	76279373	113	-0.0171
248f8bb1-d192-42c4-9446-b4389c89cd2c	13	76279883	76560998	204	0.3407
248f8bb1-d192-42c4-9446-b4389c89cd2c	13	76563677	76627928	32	-0.0643
248f8bb1-d192-42c4-9446-b4389c89cd2c	13	76629785	76942871	277	0.3312
248f8bb1-d192-42c4-9446-b4389c89cd2c	13	76943184	77639553	317	-0.0094
248f8bb1-d192-42c4-9446-b4389c89cd2c	13	77644524	77810279	90	0.3601
248f8bb1-d192-42c4-9446-b4389c89cd2c	13	77813678	77981232	110	-0.0109
248f8bb1-d192-42c4-9446-b4389c89cd2c	13	77984361	78318592	244	0.3846
248f8bb1-d192-42c4-9446-b4389c89cd2c	13	78320336	80808792	1603	-0.0297
248f8bb1-d192-42c4-9446-b4389c89cd2c	13	80808934	82025775	702	0.3453
248f8bb1-d192-42c4-9446-b4389c89cd2c	13	82029826	82522043	251	-0.0305
248f8bb1-d192-42c4-9446-b4389c89cd2c	13	82525799	84245499	939	0.3589
248f8bb1-d192-42c4-9446-b4389c89cd2c	13	84247691	84691684	276	-0.0437
248f8bb1-d192-42c4-9446-b4389c89cd2c	13	84691951	85228282	268	0.3849
248f8bb1-d192-42c4-9446-b4389c89cd2c	13	85232455	85249405	20	0.0129
248f8bb1-d192-42c4-9446-b4389c89cd2c	13	85251345	85259590	6	0.6523
248f8bb1-d192-42c4-9446-b4389c89cd2c	13	85259929	85295326	39	0.385
248f8bb1-d192-42c4-9446-b4389c89cd2c	13	85299018	85299595	3	-0.665
248f8bb1-d192-42c4-9446-b4389c89cd2c	13	85300014	85949855	401	0.3977
248f8bb1-d192-42c4-9446-b4389c89cd2c	13	85950081	86784470	448	-0.0328
248f8bb1-d192-42c4-9446-b4389c89cd2c	13	86788766	88000276	618	0.3728
248f8bb1-d192-42c4-9446-b4389c89cd2c	13	88000820	90084575	1189	-0.0241
248f8bb1-d192-42c4-9446-b4389c89cd2c	13	90100326	90333651	142	0.3454
248f8bb1-d192-42c4-9446-b4389c89cd2c	13	90336152	90762458	227	-0.0798
248f8bb1-d192-42c4-9446-b4389c89cd2c	13	90764936	92270985	978	0.348
248f8bb1-d192-42c4-9446-b4389c89cd2c	13	92271043	94811138	1774	-0.0154
248f8bb1-d192-42c4-9446-b4389c89cd2c	13	94812872	95282451	391	0.3424
248f8bb1-d192-42c4-9446-b4389c89cd2c	13	95383811	96596882	628	-0.0626
248f8bb1-d192-42c4-9446-b4389c89cd2c	13	96606226	98610845	1344	-0.6223
248f8bb1-d192-42c4-9446-b4389c89cd2c	13	98613447	98882883	209	-0.0738
248f8bb1-d192-42c4-9446-b4389c89cd2c	13	98885997	99264182	211	-0.6531
248f8bb1-d192-42c4-9446-b4389c89cd2c	13	99268133	99310638	34	-0.0848
248f8bb1-d192-42c4-9446-b4389c89cd2c	13	99312901	99973355	439	0.256
248f8bb1-d192-42c4-9446-b4389c89cd2c	13	99976818	100032160	20	-0.2335
248f8bb1-d192-42c4-9446-b4389c89cd2c	13	100032178	110159175	7205	-0.0573
248f8bb1-d192-42c4-9446-b4389c89cd2c	13	110159231	114210981	2124	-0.1589
248f8bb1-d192-42c4-9446-b4389c89cd2c	13	114212998	114226675	8	-0.8065
248f8bb1-d192-42c4-9446-b4389c89cd2c	14	20033191	20333959	180	-0.0853
248f8bb1-d192-42c4-9446-b4389c89cd2c	14	20334156	24412080	1543	-0.1712
248f8bb1-d192-42c4-9446-b4389c89cd2c	14	24412385	45204754	11390	-0.0795
248f8bb1-d192-42c4-9446-b4389c89cd2c	14	45209925	48251443	1461	0.348
248f8bb1-d192-42c4-9446-b4389c89cd2c	14	48253548	63696186	9647	0.2951
248f8bb1-d192-42c4-9446-b4389c89cd2c	14	63697110	68385593	2629	0.2486
248f8bb1-d192-42c4-9446-b4389c89cd2c	14	68386158	77611863	5740	0.207
248f8bb1-d192-42c4-9446-b4389c89cd2c	14	77615126	78600804	766	0.2533
248f8bb1-d192-42c4-9446-b4389c89cd2c	14	78601815	87851697	5921	0.3161
248f8bb1-d192-42c4-9446-b4389c89cd2c	14	87852495	98982697	7354	0.2013
248f8bb1-d192-42c4-9446-b4389c89cd2c	14	98982771	105533894	3141	0.1542
248f8bb1-d192-42c4-9446-b4389c89cd2c	15	23437561	25461905	961	-0.1894
248f8bb1-d192-42c4-9446-b4389c89cd2c	15	25462627	31525956	2209	-0.4128
248f8bb1-d192-42c4-9446-b4389c89cd2c	15	31527492	40036772	5219	-0.3574
248f8bb1-d192-42c4-9446-b4389c89cd2c	15	40036832	46360969	2897	-0.4233
248f8bb1-d192-42c4-9446-b4389c89cd2c	15	46361230	58401487	7652	-0.3627
248f8bb1-d192-42c4-9446-b4389c89cd2c	15	58401661	90277766	18944	-0.4329
248f8bb1-d192-42c4-9446-b4389c89cd2c	15	90283732	92071133	1143	-0.1761
248f8bb1-d192-42c4-9446-b4389c89cd2c	15	92071174	101344124	5661	-0.2807
248f8bb1-d192-42c4-9446-b4389c89cd2c	16	603333	4852607	1540	-0.2405
248f8bb1-d192-42c4-9446-b4389c89cd2c	16	4853188	10484934	3722	-0.1324
248f8bb1-d192-42c4-9446-b4389c89cd2c	16	10484948	10807542	233	-0.1859
248f8bb1-d192-42c4-9446-b4389c89cd2c	16	10808265	10808297	2	-1.7241
248f8bb1-d192-42c4-9446-b4389c89cd2c	16	10808588	12802706	1436	-0.1913
248f8bb1-d192-42c4-9446-b4389c89cd2c	16	12803168	13566282	570	-0.1176
248f8bb1-d192-42c4-9446-b4389c89cd2c	16	13566997	13567013	2	-1.3519
248f8bb1-d192-42c4-9446-b4389c89cd2c	16	13567061	23228587	2416	-0.1076
248f8bb1-d192-42c4-9446-b4389c89cd2c	16	23233879	24231071	613	-0.2138
248f8bb1-d192-42c4-9446-b4389c89cd2c	16	24233230	26589680	1681	-0.1221
248f8bb1-d192-42c4-9446-b4389c89cd2c	16	26592091	27030455	369	-0.2043
248f8bb1-d192-42c4-9446-b4389c89cd2c	16	27031082	27032723	2	-1.616
248f8bb1-d192-42c4-9446-b4389c89cd2c	16	27032748	31542288	1292	-0.2036
248f8bb1-d192-42c4-9446-b4389c89cd2c	16	31542860	49243909	1560	-0.0951
248f8bb1-d192-42c4-9446-b4389c89cd2c	16	49244200	50878035	1055	-0.1788
248f8bb1-d192-42c4-9446-b4389c89cd2c	16	50878890	50879624	2	-1.4735
248f8bb1-d192-42c4-9446-b4389c89cd2c	16	50879666	51008721	116	-0.1562
248f8bb1-d192-42c4-9446-b4389c89cd2c	16	51009638	56528111	4123	-0.073
248f8bb1-d192-42c4-9446-b4389c89cd2c	16	56531032	58737287	1311	-0.1635
248f8bb1-d192-42c4-9446-b4389c89cd2c	16	58737332	65924125	4707	-0.0439
248f8bb1-d192-42c4-9446-b4389c89cd2c	16	65924719	72311021	2886	-0.1509
248f8bb1-d192-42c4-9446-b4389c89cd2c	16	72317667	78229142	3921	-0.0789
248f8bb1-d192-42c4-9446-b4389c89cd2c	16	78229190	81401772	2757	-0.1315
248f8bb1-d192-42c4-9446-b4389c89cd2c	16	81403592	81948971	410	-0.2533
248f8bb1-d192-42c4-9446-b4389c89cd2c	16	81949019	83904594	1884	-0.1116
248f8bb1-d192-42c4-9446-b4389c89cd2c	16	83904958	89317317	2548	-0.2155
248f8bb1-d192-42c4-9446-b4389c89cd2c	17	1074619	10286043	4781	-0.6427
248f8bb1-d192-42c4-9446-b4389c89cd2c	17	10287010	17053734	3251	-0.5594
248f8bb1-d192-42c4-9446-b4389c89cd2c	17	17054739	21399695	1658	-0.608
248f8bb1-d192-42c4-9446-b4389c89cd2c	17	21774057	33617003	3350	0.0658
248f8bb1-d192-42c4-9446-b4389c89cd2c	17	33617604	35586667	544	0.3574
248f8bb1-d192-42c4-9446-b4389c89cd2c	17	35590768	36065936	286	0.0318
248f8bb1-d192-42c4-9446-b4389c89cd2c	17	36066931	38364527	820	0.3806
248f8bb1-d192-42c4-9446-b4389c89cd2c	17	38366870	38462688	58	-0.0076
248f8bb1-d192-42c4-9446-b4389c89cd2c	17	38464057	39541038	479	0.3395
248f8bb1-d192-42c4-9446-b4389c89cd2c	17	39543427	40480767	418	0.0051
248f8bb1-d192-42c4-9446-b4389c89cd2c	17	40481999	40672757	93	0.0911
248f8bb1-d192-42c4-9446-b4389c89cd2c	17	40672771	40689379	2	1.0752
248f8bb1-d192-42c4-9446-b4389c89cd2c	17	40690218	41322114	345	0.1336
248f8bb1-d192-42c4-9446-b4389c89cd2c	17	41322128	51174877	4123	0.0227
248f8bb1-d192-42c4-9446-b4389c89cd2c	17	51175576	56488342	3304	0.1482
248f8bb1-d192-42c4-9446-b4389c89cd2c	17	56489087	60911736	2461	0.0727
248f8bb1-d192-42c4-9446-b4389c89cd2c	17	60914714	62040503	582	0.4587
248f8bb1-d192-42c4-9446-b4389c89cd2c	17	62041077	62536174	202	0.3385
248f8bb1-d192-42c4-9446-b4389c89cd2c	17	62540705	62699975	59	0.4522
248f8bb1-d192-42c4-9446-b4389c89cd2c	17	62701571	63402727	326	0.7122
248f8bb1-d192-42c4-9446-b4389c89cd2c	17	63403653	64300452	457	0.3449
248f8bb1-d192-42c4-9446-b4389c89cd2c	17	64301431	64333211	29	0.6097
248f8bb1-d192-42c4-9446-b4389c89cd2c	17	64464879	64581416	59	0.3777
248f8bb1-d192-42c4-9446-b4389c89cd2c	17	64582025	65011183	139	0.5566
248f8bb1-d192-42c4-9446-b4389c89cd2c	17	65011844	66397724	868	0.6867
248f8bb1-d192-42c4-9446-b4389c89cd2c	17	66401506	68677651	1307	0.4258
248f8bb1-d192-42c4-9446-b4389c89cd2c	17	68677722	72182051	2549	0.4892
248f8bb1-d192-42c4-9446-b4389c89cd2c	17	72184359	74710490	1241	0.403
248f8bb1-d192-42c4-9446-b4389c89cd2c	17	74711717	75841090	478	0.7429
248f8bb1-d192-42c4-9446-b4389c89cd2c	17	75846985	80471506	2076	0.3358
248f8bb1-d192-42c4-9446-b4389c89cd2c	17	80486912	81042058	284	0.8295
248f8bb1-d192-42c4-9446-b4389c89cd2c	17	81047415	81069190	7	0.2016
248f8bb1-d192-42c4-9446-b4389c89cd2c	17	81070030	81176854	22	0.6265
248f8bb1-d192-42c4-9446-b4389c89cd2c	17	81177709	81292757	39	0.3195
248f8bb1-d192-42c4-9446-b4389c89cd2c	17	81293745	82959812	523	0.2795
248f8bb1-d192-42c4-9446-b4389c89cd2c	18	326691	8197186	4195	0.5913
248f8bb1-d192-42c4-9446-b4389c89cd2c	18	8197496	24449611	5862	0.5498
248f8bb1-d192-42c4-9446-b4389c89cd2c	18	24449964	31567686	4453	0.6372
248f8bb1-d192-42c4-9446-b4389c89cd2c	18	31569801	41033095	5848	0.5913
248f8bb1-d192-42c4-9446-b4389c89cd2c	18	41035497	44619401	2003	0.6186
248f8bb1-d192-42c4-9446-b4389c89cd2c	18	44620377	51342052	4645	0.5626
248f8bb1-d192-42c4-9446-b4389c89cd2c	18	51347059	74529997	12723	0.6053
248f8bb1-d192-42c4-9446-b4389c89cd2c	18	74531157	74561932	26	0.1516
248f8bb1-d192-42c4-9446-b4389c89cd2c	18	74561977	76139840	1200	0.2814
248f8bb1-d192-42c4-9446-b4389c89cd2c	18	76139855	79349796	1995	0.2133
248f8bb1-d192-42c4-9446-b4389c89cd2c	19	283868	19793009	7715	0.1187
248f8bb1-d192-42c4-9446-b4389c89cd2c	19	19799409	35088602	6439	0.2174
248f8bb1-d192-42c4-9446-b4389c89cd2c	19	35092864	43817697	3799	0.1617
248f8bb1-d192-42c4-9446-b4389c89cd2c	19	43819797	44331774	355	0.2742
248f8bb1-d192-42c4-9446-b4389c89cd2c	19	44333093	44495339	98	0.1807
248f8bb1-d192-42c4-9446-b4389c89cd2c	19	44498165	55687738	4275	0.134
248f8bb1-d192-42c4-9446-b4389c89cd2c	19	55731006	58370362	1463	0.1995
248f8bb1-d192-42c4-9446-b4389c89cd2c	20	472817	6561244	3731	-0.138
248f8bb1-d192-42c4-9446-b4389c89cd2c	20	6561723	17329566	7257	-0.0323
248f8bb1-d192-42c4-9446-b4389c89cd2c	20	17329852	25712185	5810	-0.1027
248f8bb1-d192-42c4-9446-b4389c89cd2c	20	25712924	37697413	3325	0.2084
248f8bb1-d192-42c4-9446-b4389c89cd2c	20	37697445	43315567	3823	0.2684
248f8bb1-d192-42c4-9446-b4389c89cd2c	20	43315581	52078687	5662	0.2148
248f8bb1-d192-42c4-9446-b4389c89cd2c	20	52079201	56347628	3104	0.3091
248f8bb1-d192-42c4-9446-b4389c89cd2c	20	56348142	59677482	2447	0.2054
248f8bb1-d192-42c4-9446-b4389c89cd2c	20	59677793	59678614	2	-1.3231
248f8bb1-d192-42c4-9446-b4389c89cd2c	20	59678635	61229442	1294	0.254
248f8bb1-d192-42c4-9446-b4389c89cd2c	20	61231484	63588502	1083	0.1687
248f8bb1-d192-42c4-9446-b4389c89cd2c	21	13974127	14101832	41	-0.1521
248f8bb1-d192-42c4-9446-b4389c89cd2c	21	14101854	17684144	2218	0.3506
248f8bb1-d192-42c4-9446-b4389c89cd2c	21	17684564	19006100	887	-0.034
248f8bb1-d192-42c4-9446-b4389c89cd2c	21	19007237	19790457	561	0.339
248f8bb1-d192-42c4-9446-b4389c89cd2c	21	19790691	20496763	420	-0.0486
248f8bb1-d192-42c4-9446-b4389c89cd2c	21	20504608	21454629	684	0.3237
248f8bb1-d192-42c4-9446-b4389c89cd2c	21	21456053	22706633	703	-0.0354
248f8bb1-d192-42c4-9446-b4389c89cd2c	21	22709246	23522647	236	0.3546
248f8bb1-d192-42c4-9446-b4389c89cd2c	21	23525007	24461800	676	-0.0778
248f8bb1-d192-42c4-9446-b4389c89cd2c	21	24462810	25803861	903	0.3341
248f8bb1-d192-42c4-9446-b4389c89cd2c	21	25805996	26099771	189	-0.0587
248f8bb1-d192-42c4-9446-b4389c89cd2c	21	26104770	27071455	805	0.3424
248f8bb1-d192-42c4-9446-b4389c89cd2c	21	27088258	27608469	440	-0.0158
248f8bb1-d192-42c4-9446-b4389c89cd2c	21	27617931	29645282	1310	0.351
248f8bb1-d192-42c4-9446-b4389c89cd2c	21	29646595	29955533	258	-0.0405
248f8bb1-d192-42c4-9446-b4389c89cd2c	21	29970900	30443772	307	0.3458
248f8bb1-d192-42c4-9446-b4389c89cd2c	21	30444459	30454545	7	0.087
248f8bb1-d192-42c4-9446-b4389c89cd2c	21	30459136	30884958	159	-0.0188
248f8bb1-d192-42c4-9446-b4389c89cd2c	21	30885052	30889093	2	-2.4767
248f8bb1-d192-42c4-9446-b4389c89cd2c	21	30889322	31991881	755	-0.1313
248f8bb1-d192-42c4-9446-b4389c89cd2c	21	31992308	34200461	1425	0.2541
248f8bb1-d192-42c4-9446-b4389c89cd2c	21	34209484	35489620	865	-0.1324
248f8bb1-d192-42c4-9446-b4389c89cd2c	21	35492733	37115337	990	0.2866
248f8bb1-d192-42c4-9446-b4389c89cd2c	21	37116945	37726888	380	-0.1158
248f8bb1-d192-42c4-9446-b4389c89cd2c	21	37728054	37793267	64	0.2286
248f8bb1-d192-42c4-9446-b4389c89cd2c	21	37793465	40663467	2354	0.2848
248f8bb1-d192-42c4-9446-b4389c89cd2c	21	40663532	41370285	544	-0.103
248f8bb1-d192-42c4-9446-b4389c89cd2c	21	41370537	43033262	1300	-0.2168
248f8bb1-d192-42c4-9446-b4389c89cd2c	21	43033459	43575190	5	-0.0693
248f8bb1-d192-42c4-9446-b4389c89cd2c	21	43576930	43618213	23	0.2726
248f8bb1-d192-42c4-9446-b4389c89cd2c	21	43618504	43881552	146	-0.167
248f8bb1-d192-42c4-9446-b4389c89cd2c	21	43886900	44448356	154	0.1621
248f8bb1-d192-42c4-9446-b4389c89cd2c	21	44448469	45979461	664	-0.2211
248f8bb1-d192-42c4-9446-b4389c89cd2c	21	45979485	46100546	29	0.181
248f8bb1-d192-42c4-9446-b4389c89cd2c	21	46101679	46262057	76	-0.2434
248f8bb1-d192-42c4-9446-b4389c89cd2c	22	16934932	17638084	421	0.8766
248f8bb1-d192-42c4-9446-b4389c89cd2c	22	17638568	17996681	232	1.0463
248f8bb1-d192-42c4-9446-b4389c89cd2c	22	17999834	18131162	119	0.9074
248f8bb1-d192-42c4-9446-b4389c89cd2c	22	21741482	21783843	25	0.5531
248f8bb1-d192-42c4-9446-b4389c89cd2c	22	21785127	24015674	268	0.1991
248f8bb1-d192-42c4-9446-b4389c89cd2c	22	24020015	24720080	257	0.6865
248f8bb1-d192-42c4-9446-b4389c89cd2c	22	24734344	24749686	17	1.1226
248f8bb1-d192-42c4-9446-b4389c89cd2c	22	24749786	26899271	1576	0.9133
248f8bb1-d192-42c4-9446-b4389c89cd2c	22	26899696	27831991	967	1.0789
248f8bb1-d192-42c4-9446-b4389c89cd2c	22	27836488	28645344	421	1.185
248f8bb1-d192-42c4-9446-b4389c89cd2c	22	28645889	29633824	576	1.0724
248f8bb1-d192-42c4-9446-b4389c89cd2c	22	29640697	30214557	298	1.231
248f8bb1-d192-42c4-9446-b4389c89cd2c	22	30214742	30375565	83	1.1091
248f8bb1-d192-42c4-9446-b4389c89cd2c	22	30378664	30417435	20	0.6661
248f8bb1-d192-42c4-9446-b4389c89cd2c	22	30417826	30990226	345	0.8675
248f8bb1-d192-42c4-9446-b4389c89cd2c	22	30990241	31474414	221	0.6662
248f8bb1-d192-42c4-9446-b4389c89cd2c	22	31474658	31474665	2	-1.5835
248f8bb1-d192-42c4-9446-b4389c89cd2c	22	31477142	32466510	600	0.7133
248f8bb1-d192-42c4-9446-b4389c89cd2c	22	32479884	32539186	50	1.2278
248f8bb1-d192-42c4-9446-b4389c89cd2c	22	32539234	35479025	2586	0.7541
248f8bb1-d192-42c4-9446-b4389c89cd2c	22	35479458	36779618	617	1.0758
248f8bb1-d192-42c4-9446-b4389c89cd2c	22	36779673	37297455	333	1.3113
248f8bb1-d192-42c4-9446-b4389c89cd2c	22	37309261	41475945	2005	1.0275
248f8bb1-d192-42c4-9446-b4389c89cd2c	22	41484766	41562858	35	1.1227
248f8bb1-d192-42c4-9446-b4389c89cd2c	22	41583967	42380962	405	1.3043
248f8bb1-d192-42c4-9446-b4389c89cd2c	22	42385617	42730542	78	1.0145
248f8bb1-d192-42c4-9446-b4389c89cd2c	22	42734273	44530138	1331	0.6879
248f8bb1-d192-42c4-9446-b4389c89cd2c	22	44530516	44530519	2	-1.1936
248f8bb1-d192-42c4-9446-b4389c89cd2c	22	44530796	48940621	3196	0.7099
248f8bb1-d192-42c4-9446-b4389c89cd2c	X	3236359	36158907	14732	0.0157
248f8bb1-d192-42c4-9446-b4389c89cd2c	X	36159142	36159489	4	1.5527
248f8bb1-d192-42c4-9446-b4389c89cd2c	X	36159553	38976153	1195	0.0251
248f8bb1-d192-42c4-9446-b4389c89cd2c	X	38976196	38976730	2	1.7666
248f8bb1-d192-42c4-9446-b4389c89cd2c	X	38977346	39081243	89	0.0326
248f8bb1-d192-42c4-9446-b4389c89cd2c	X	39082308	80618252	14421	-0.0416
248f8bb1-d192-42c4-9446-b4389c89cd2c	X	80621141	155677414	33335	-0.0043
